"name","orig_id","streetAddress","state","location","platinum"
"EFECTY CRA 50","ACB112713","Cr 50 # 50-38","Antioquia","5.79164,-75.427005","N"
"CONEXRED","ACB309889","Calle 8 7 77","Antioquia","5.710977,-75.311446","N"
"EFECTY SONSON CENTRO CRA 7 **","ACB136528","Cr 7 # 7-45","Antioquia","5.709961,-75.311138","N"
"MULTIPAGAS","ACB356331","Calle 6  7 18","Antioquia","5.709091,-75.311445","N"
"CONEXRED","ACB324310","Carrera Santander  48   24","Antioquia","5.874057,-75.56531","N"
"EFECTY CALLE SALGAR","ACB120271","Cl Salgar # 50-19","Antioquia","5.872423,-75.567677","N"
"EFECTY CALLE 7","ACB111460","Cl 7 # 6-28","Caldas","5.612764,-75.45679","N"
"CONEXRED","ACB300417","Avenida 30  30  33 Barrio El Crucero","Antioquia","5.746876,-75.606064","N"
"EFECTY MALL LA PINTADA","ACB301726","Mall La Pintada","Antioquia","5.743391,-75.60593","N"
"MULTIPAGAS","ACB197677","Cra 20 18-54","Antioquia","6.029775,-75.431563","N"
"CONEXRED","ACB276284","Calle 19  20  25 Barrio Parque","Antioquia","6.030163,-75.431694","N"
"EFECTY SERVIENTREGA CALLE 20","ACB110964","Cl 19 # 22-15","Antioquia","6.030649,-75.433346","N"
"EFECTY LA CEJA TERMINAL TRANSPORTE","ACB163676","Cr 17 # 21-46 Loc 112","Antioquia","6.031442,-75.428332","N"
"CONEXRED","ACB309625","Calle 20  23  60","Antioquia","6.032148,-75.434131","N"
"MULTIPAGAS","ACB198986","Carrera 13  26 A 56","Antioquia","6.033576,-75.422259","N"
"EFECTY LA CEJA BARRIO SAN CAYETANO CR 20","ACB301694","Cr 20 # 24-34","Antioquia","6.034747,-75.429403","N"
"ACCIONES Y VALORES","ACB065381","Carrera 13 No 26b 56 Lc 248","Antioquia","6.035221,-75.421572","N"
"EFECTY PACORA","ACB114308","Cr 3 # 5-41","Caldas","5.528269,-75.459617","N"
"EFECTY PACORA CRA 4","ACB155987","Cr 4 # 7-44","Caldas","5.526326,-75.459565","N"
"MULTIPAGAS","ACB196511","Calle 20 # 21-08","Antioquia","6.05755,-75.503041","N"
"EFECTY FREDONIA CALLE 50","ACB323209","Cl 50 # 48 -50","Antioquia","5.928333,-75.670819","N"
"EFECTY CALLE 31","ACB112636","Cl 31 # 29-24","Antioquia","5.731744,-75.140407","N"
"EFECTY","ACB133404","Calle 30  32   27","Antioquia","6.082231,-75.336456","N"
"EFECTY EL CARMEN CRA 31","ACB301485","Cr 31 # 24-81 Local 101","Antioquia","6.081891,-75.33528","N"
"EFECTY UNICO CRA 10","ACB112670","Cr 10 # 11-23","Antioquia","5.610046,-75.175068","N"
"EFECTY TAMESIS VARIEDADES GANE","ACB302354","Cr 11 N 12-53","Antioquia","5.664174,-75.713749","N"
"MULTIPAGAS","ACB197875","Cra 11 # 20-73","Antioquia","5.660623,-75.713493","N"
"EFECTY TAMESIS CALLE 13","ACB194520","Cl 13 N 14-56","Antioquia","5.664988,-75.716154","N"
"GIROS Y FINANZAS C.C .OVIEDO","ACB025880","Cr 43a # 6 Sur-15 L-165","Antioquia","6.198797,-75.574591","Y"
"EFECTY VENECIA PARQUE PRINCIPAL","ACB156878","Cl 50 # 51-18","Antioquia","5.962964,-75.734288","N"
"EFECTY CRA 5 ANTIOQUIA","ACB113132","Cr 5 # 7-37","Antioquia","5.790879,-75.786287","N"
"EFECTY MALL LLANO GRANDE KM7","ACB308372","Km 7 Sec 3 Puertas Vereda Llano Grande","Antioquia","6.142928,-75.376478","N"
"EFECTY","ACB352733","Zona Franca Industrial Rionegro","Antioquia","6.142928,-75.376477","N"
"EFECTY MARMATO EL LLANO PISO 1","ACB127311","Ve El Llano","Caldas","5.474711,-75.60105","N"
"EFECTY CALDAS FELIPE ECHAVARRIA CRA 48","ACB306545","Cr 48 # 138 Sur -06","Antioquia","6.08492,-75.634005","N"
"EFECTY","ACB307249","Carrera 22 A N 21 35","Antioquia","6.058045,-75.186408","N"
"EFECTY BARRIO EL PORVENIR.","ACB194135","Cr 70 N # 40-57 Brr El Porvenir Lt 37","Antioquia","6.148228,-75.39034","N"
"GIROS Y FINANZAS C. C. SAN NICOLAS","ACB026155","Cl 43 # 54-139 L-1333","Antioquia","6.147104,-75.378311","N"
"ACCIONES Y VALORES EXITO RIONEGRO","ACB061442","Calle 43 56a 203 2do Piso","Antioquia","6.148515,-75.378221","N"
"EFECTY CALDAS SERVIPUNTO","ACB156999","Cl 134 Sur # 48-09","Antioquia","6.08805,-75.634524","N"
"MULTIPAGAS","ACB271762","Carrera 65 41b 65","Antioquia","6.149846,-75.385946","N"
"REDY PORVENIR","ACB363238","Calle 47 No 76   02 Barr El Porvenir","Antioquia","6.150558,-75.392151","N"
"EFECTY BARRIO SANTA ANA.","ACB194948","Cl 41 N 47-16","Antioquia","6.148976,-75.368318","N"
"EFECTY SERVIENTREGA PARQUE RIONEGRO","ACB116717","Cr 50 # 45-30","Antioquia","6.150608,-75.373006","N"
"A Y V PF OFICINA PARQUE CALDAS","ACB064368","Calle 130s 49 43","Antioquia","6.091535,-75.635635","N"
"BANCAMIA CALDAS","ACB061969","Calle 129s 48 35","Antioquia","6.092338,-75.634596","N"
"OFICINA PAGAFACIL VAQUITA CALDAS","ACB066216","Cll 130 No 50 - 45","Caldas","6.091388,-75.636418","N"
"EFECTY CALDAS PAPELERIA RAPIFLAZ","ACB308361","Cl 130 Sur N 51-43 Local 109","Antioquia","6.091243,-75.637223","N"
"GIROS Y FINANZAS RIONEGRO","ACB020357","Cl 49 # 50-59 L-106 C.c. Banco Ganadero","Antioquia","6.153002,-75.374577","N"
"AyV PAGAFACIL VALKOR RIONEGRO","ACB368574","Cl 50  50   62","Antioquia","6.153887,-75.373858","N"
"CONEXRED","ACB276295","Carrera 51  50  18 Barrio Parque","Antioquia","6.154127,-75.3743","N"
"EFECTY PAPELERIA GAMMA PARQUE PRINCIPAL","ACB165690","Cr 51 # 50-30","Antioquia","6.154265,-75.374298","N"
"COOPERATIVA FINANCIERA DE ANTIOQUIA","ACB172773","Kr 51  51   03","Antioquia","6.154722,-75.373889","N"
"EFECTY","ACB358575","Calle 42  85b 01","Antioquia","6.155433,-75.375266","N"
"REDY CALDAS","ACB362974","Carrea 50 No 125 Sur 158","Antioquia","6.095956,-75.636317","N"
"AyV REDY CALDAS","ACB067349","Carrea 50 No 125 Sur 158","Antioquia","6.096114,-75.636372","N"
"EFECTY AMAGA","ACB114001","Cr 50 # 49-06","Antioquia","6.039297,-75.702909","N"
"AYV REDY AMAGA","ACB067426","Calle 51 No 51   38","Antioquia","6.041053,-75.702937","N"
"REDY AMAGA","ACB363052","Calle 51 No 51   38","Antioquia","6.041053,-75.702937","N"
"MULTIPAGAS","ACB196533","Carrera 50 # 49-24","Antioquia","6.163098,-75.369537","N"
"AYV PF AEROPUERTO JOSE MARIA CORDOBA","ACB067130","Aeropto Int Jose M Cordova 1er P Lc 40","Antioquia","6.171244,-75.427668","N"
"EFECTY CARRERA 49","ACB155426","Cr 49 # 49-41","Antioquia","6.138743,-75.265534","N"
"EFECTY EL SANTUARIO CALLE 49","ACB156966","Cl 49 # 44-43 Sc Hospital","Antioquia","6.139581,-75.265994","N"
"EFECTY SALAMINA CENTRO 1","ACB170199","Cr 5 # 5-60","Caldas","5.406975,-75.489166","N"
"EFECTY MARINILLA CARRERA 31","ACB191033","Cr 31 N 24-49","Antioquia","6.169896,-75.337287","N"
"BANCAMIA MARINILLA","ACB062454","Carrera 30 28 104","Antioquia","6.172636,-75.334872","N"
"MULTIPAGAS","ACB196829","Carrera 31 # 30-61","Caldas","6.173913,-75.335953","N"
"EFECTY MARINILLA CENTRO PRINCIPAL","ACB110975","Cr 30 B 32- 39","Antioquia","6.174861,-75.334198","N"
"Oficina PagafAcil Universidad Envigado","ACB066018","Cll 40 Sur No 27d - 03","Antioquia","6.158281,-75.580796","N"
"AyV PF SUPIA","ACB067008","Calle 33 No 8  10","Caldas","5.45632,-75.65044","N"
"ACCIONES Y VALORES PF OFICINA CITY PLAZA","ACB064490","Cl 36 D S No 27a 105 Cc City Plaza L 118","Antioquia","6.163343,-75.573081","N"
"EFECTY SUPIA CALLE 33","ACB160453","Cr 9 # 32-59","Caldas","5.455747,-75.6509","N"
"EFECTY SUPIA CENTRO","ACB165425","Cr 7 # 31-41","Caldas","5.454855,-75.650009","N"
"EFECTY SUPIA","ACB305171","Cl 28 # 8-15 La Playa","Caldas","5.451863,-75.651196","N"
"EFECTY ENVIGADO SEÑORIAL CALLE 48 E SUR","ACB306413","Cl 48 E Sur # 42bb 39","Antioquia","6.158155,-75.59801","N"
"EXITO SABANETA","ACB065655","Cr 45 74 Sur 62 Cc Aves Maria","Antioquia","6.14879,-75.617694","N"
"REDY SABANETA LA VAQUITA","ACB363205","Carrera 43a No 65 Sur   88","Antioquia","6.152051,-75.611445","N"
"MULTIPAGAS","ACB197062","Calle 74 Sur# 45-16","Antioquia","6.150023,-75.617553","N"
"EFECTY ENVIGADO TRANSVERSAL 36","ACB191879","Tv 36 Sur N 29-48","Antioquia","6.167778,-75.579186","N"
"EFECTY","ACB358245","Tv 6 N 2a 57","Antioquia","6.162223,-75.594052","N"
"REDY SABANETA","ACB363216","Calle 69 Sur No 45   70","Antioquia","6.152661,-75.615769","N"
"EFECTY ENVIGADO DORADO PAPELERIA BELINA","ACB321120","Cr 41 # 40g Sur 08","Antioquia","6.16487,-75.590156","N"
"EFECTY SABANETA CRA 46 CON 69 SUR","ACB171189","Cr 46 # 69 Sur 19","Antioquia","6.152739,-75.61617","N"
"EFECTY LA MERCED","ACB112922","Cr 6 # 13-26","Caldas","5.39839,-75.547591","N"
"EFECTY ENVIGADO SEBASTIANA DG 31","ACB326983","Dg 31 Tv 34ee Sur 13","Antioquia","6.170512,-75.579693","N"
"EFECTY","ACB355330","Dg 31 Tv 34ee Sur 13","Antioquia","6.170623,-75.579595","N"
"COOPERATIVA FINANCIERA DE ANTIOQUIA","ACB172629","Kr 40   37 S  60","Antioquia","6.168611,-75.585556","N"
"ACCIONES Y VALORES","ACB063202","Kr 48 No 50 Sur 128 Lc 99017 Sotano","Antioquia","6.160512,-75.60465","N"
"GIROS Y FINANZAS C.C. MAYORCA MEGA PLAZA","ACB026111","Cl 51 Sur # 48-57 L-2167 Piso 2 Etapa 1","Antioquia","6.16064,-75.60465","N"
"ACCIONES Y VALORES PF OFICINA ENVIGADO","ACB064346","Calle 38s 42 19","Antioquia","6.169006,-75.587923","N"
"EFECTY MALL PLAZA SABANETA.","ACB176821","Cr 48 N 76 D Sur 34","Antioquia","6.152349,-75.623526","N"
"EFECTY ENVIGADO PARQUE PPAL.","ACB300505","Cl 38 Sur # 42-27","Antioquia","6.169524,-75.587519","N"
"AYV MAYORCA ETAPA 1","ACB066546","Cll 51 Sur No 48 57","Antioquia","6.161793,-75.605007","N"
"EFECTY PRINCIPAL","ACB115585","Cr 41 # 36 Sur 06","Antioquia","6.170341,-75.585731","N"
"EFECTY","ACB352744","Carrera 48 A 50 Sur   106","Antioquia","6.162161,-75.604824","N"
"MULTIPAGAS","ACB271717","Calle 51 S 48 57","Antioquia","6.162155,-75.604985","N"
"ACCIONES Y VALORES CC CASTICENTRO","ACB060847","Kr 42 No 35 Sur 55 Lc 102","Antioquia","6.171202,-75.586436","N"
"GIROS Y FINANZAS ALAMEDA","ACB025176","Cr 42 # 35 Sur-35 Local 117-119","Antioquia","6.171396,-75.586291","N"
"EFECTY SERVIENTREGA CRA 43","ACB110481","Cr 43a # 33b Sur-04","Antioquia","6.173084,-75.586787","N"
"MULTIPAGAS","ACB197754","Cra 43 32a Sur 27","Antioquia","6.174848,-75.58532","N"
"ACCIONES Y VALORES EXITO ENVIGADO","ACB064027","Kr 48 No 32b S  139 Lc 120","Antioquia","6.175067,-75.591816","N"
"AYV VIVA ENVIGADO","ACB066535","Cra 48 No 32 B Sur No 139 Lc 309","Antioquia","6.17529,-75.592127","N"
"GIROS Y FINANZAS C.C. VIVA","ACB026199","Cr 48 # 32b Sur 139 L-233","Antioquia","6.176578,-75.591899","N"
"EFECTY","ACB352755","Carrera 49 51 47","Antioquia","6.171624,-75.608176","N"
"PF EURO ITAGUI","ACB065907","Cl 49 No 50 53 Itaguei","Antioquia","6.171419,-75.609472","N"
"CONEXRED","ACB270167","Diagonal 40 42 08 Brr Las Mercedes","Antioquia","6.16894,-75.61544","N"
"GIROS Y FINANZAS C.C. ITAGÜÍ","ACB020609","Cr 50 # 51-49 L-242-243","Antioquia","6.172449,-75.608381","N"
"ACCIONES Y VALORES EXITO ITAGU","ACB061507","Carrera 50a 41 42 Lc. 114b","Antioquia","6.168998,-75.61613","N"
"AYV PF ARAYANES","ACB067262","Carrera 50 A No 36 90 Local 103","Antioquia","6.167394,-75.619637","N"
"EFECTY GLORIETA PILSEN","ACB110371","Cr 50a # 36 84","Antioquia","6.167441,-75.619657","N"
"EFECTY ITAGUI SECTOR LAS ESMERALDAS","ACB164633","Cl 64 B # 44 C -76","Antioquia","6.178038,-75.597652","N"
"A Y V PF OFICINA PARQUE DE ITAGUI","ACB064335","Kr 50 No 51 27 Lc 9915","Antioquia","6.172847,-75.609534","N"
"GIROS Y FINANZAS METRO","ACB021282","Cl 50 # 52-21 L-6 Int. Metro","Antioquia","6.173485,-75.608839","N"
"A Y V PF OFICINA EXITO ITAGUI","ACB064313","Kr 50 A No 40 25","Antioquia","6.169577,-75.61713","N"
"COOPERATIVA FINANCIERA DE ANTIOQUIA","ACB172706","Carrera 52 50 19","Antioquia","6.173333,-75.610278","N"
"OFICINA PAGAFACIL VAQUITA BALSOS","ACB066205","Calle 9 Sur N 29 D   76","Antioquia","6.1919,-75.566623","N"
"OFICINA PAGAFACIL JUMBO LAS VEGAS","ACB066272","Crrera 48 N 25 Sr 136 Av Ls Vgs Envigado","Antioquia","6.186319,-75.582567","N"
"REDY LA ESTRELLA","ACB362963","Carrea 60 No 79 Sur 115 Parque Estrella","Antioquia","6.158853,-75.642852","N"
"AyV REDY LA ESTRELLA","ACB067338","Carrea 60 No 79 Sur 115 Parque Estrella","Antioquia","6.158909,-75.642773","N"
"EFECTY","ACB305225","Cra 60  77 Sur   71","Antioquia","6.159655,-75.642714","N"
"PF EL TESORO","ACB065929","Carrera 25 A  1 A Sur 45 Cc El Tesoro","Antioquia","6.197715,-75.558383","N"
"EFECTY CENTRO COMERCIAL MALL DEL ESTE","ACB176393","Cr 25 N 3-45 Local 154","Antioquia","6.199961,-75.555816","N"
"CONEXRED","ACB192935","Kr 58 B  47 C 7 Brr Rosario Itagui","Antioquia","6.178224,-75.61229","N"
"EFECTY ESCU POLICIA LA ESTRELLA CL 81SUR","ACB301704","Cl 81 Sur # 66-180","Antioquia","6.159671,-75.649389","N"
"AyV PAGAFACIL AMSTERDAM PLAZA","ACB368606","Cr 25  4   165 Lc 9930","Antioquia","6.201571,-75.556635","N"
"ACCIONES Y VALORES PF OFICINA VISITACION","ACB064522","Kr 32 No 1 B Sur  79 Lc 129","Antioquia","6.199208,-75.565116","N"
"EFECTY SANTA MARIA CRA 52 CON 80","ACB321328","Cr 52 # 80-53","Antioquia","6.188888,-75.593563","N"
"AyV PF ITAGUI PLAZA","ACB067701","Carrera 52 No 52   63 Lc 102","Antioquia","6.17448,-75.625669","N"
"ACCIONES Y VALORES CC PLATINO PLAZA","ACB060836","Kr 52 D No 76 67 Lc 1227","Antioquia","6.18794,-75.596972","N"
"EFECTY CENTRO COMERCIAL PLATINO PLAZA","ACB122372","Cr 52d # 76-67 L1174","Antioquia","6.187968,-75.597098","N"
"ACCIONES Y VALORES OFICINA POMONA OVIEDO","ACB063136","Kr 43c No 6 Sur 6 Lc 108a","Antioquia","6.197617,-75.574905","N"
"EFECTY","ACB352766","Calle 81  52 Dd   12  Local 153","Antioquia","6.190047,-75.595","N"
"EFECTY JARDIN PARQUE PRINCIPAL","ACB163940","Cl 9 # 3-19 Parque Principal","Antioquia","5.599414,-75.819401","N"
"REDY DMODA","ACB363184","Calle 87 No 55   129 Local 117","Antioquia","6.190985,-75.593645","N"
"ACCIONES Y VALORES EXITO LIBERTADOR","ACB061453","Av Del Libertador Kr 20 Esquina Jardin","Magdalena","5.598813,-75.819817","N"
"MULTIPAGAS","ACB196917","Calle 6 Sur Carrera 43a 227","Antioquia","6.198955,-75.573941","N"
"EFECTY MEDELLIN C.C. OVIEDO LC 154","ACB308394","Cr 43a # 6 Sur 15 Loc 154","Antioquia","6.199139,-75.573862","N"
"EFECTY ITAGUI SAN FRANCISCO CALLE 27","ACB169155","Cl 27 N 68-15","Antioquia","6.171105,-75.641012","N"
"OFICINA PAGAFACIL EAFIT","ACB066283","Carrera 49 No 7 Sur 50","Antioquia","6.199548,-75.57934","N"
"AYV PF SAN FERNANDO PLAZA","ACB066777","Carrera 43a   1-50 Local 358","Antioquia","6.204207,-75.571111","N"
"EFECTY","ACB352777","Cll 8 Sur 50ff 15","Antioquia","6.200991,-75.584654","N"
"EFECTY","ACB357606","Vereda El Ajizal","Antioquia","6.19366,-75.605767","N"
"EFECTY GUAYABAL LA COLINITA","ACB163654","Cr 53 N 9 B Sur 15","Antioquia","6.200353,-75.590546","N"
"ACCIONES Y VALORES PF OFICINA GUAYABAL","ACB064599","Cl 7 Sur No 51 A  120 Av Guayabal","Antioquia","6.20268,-75.587439","N"
"EFECTY SECTOR CRISTO REY CALLE 2 SUR.","ACB323551","Cl 2 Sur # 50 F 61","Antioquia","6.205301,-75.5831","N"
"MULTIPAGAS","ACB196928","Carrera 43a # 10-30","Antioquia","6.210648,-75.569936","N"
"EFECTY PRADO BARICHARA","ACB163720","Cr 67 N 52 Sur 03 Correg San Antonio","Antioquia","6.175914,-75.648273","N"
"EFECTY","ACB352788","Calle 6 Sur 52 92 Local 21","Antioquia","6.205026,-75.587812","N"
"EFECTY SERVIENTREGA POBLADO PATIO BONITO","ACB079076","Cr 47 # 7-76","Antioquia","6.20972,-75.576255","N"
"EFECTY FARMAPRO","ACB301803","Cl 10 # 43dd-41","Antioquia","6.21142,-75.573035","N"
"EFECTY CARRERA 53 CRISTO REY.","ACB301814","Cr 53 # 2a Sur-17","Antioquia","6.206437,-75.587097","N"
"EFECTY","ACB351446","Cra 52  1   43","Antioquia","6.20768,-75.58553","N"
"GIROS Y FINANZAS ÉXITO POBLADO","ACB025693","Cl 10 # 43-135 L-216","Antioquia","6.212094,-75.574743","N"
"EFECTY ABREGO CRA 6","ACB173170","Cr 6 # 13-27","Norte De Santander","8.080432,-73.220525","N"
"EFECTY ABREGO CALLE CENTRAL","ACB164765","Cr 5 # 15-25","Norte De Santander","8.08252,-73.221324","N"
"EFECTY CENTRO CARRERA 4","ACB113693","Cr # 1-52","Norte De Santander","7.913593,-72.973216","N"
"CONEXRED","ACB307261","Transversal 7 23 91","Norte De Santander","8.22785,-73.343713","N"
"EFECTY AV CIRCUNV HOTEL PAISAJE OCAÑERO","ACB195839","Kdx 3 B 1-498","Norte De Santander","8.235245,-73.342073","N"
"EFECTY OCAÑA BAMBO","ACB166437","Cr 7 # 21-31 Piso1","Norte De Santander","8.228912,-73.348605","N"
"EFECTY OCAÑA 12 CON 12","ACB323913","Cr 12 # 12-05","Norte De Santander","8.233676,-73.350465","N"
"EFECTY OCAÑA CALLE 11","ACB177239","Cl 11 # 6-76","Norte De Santander","8.230798,-73.354887","N"
"MULTIPAGAS","ACB197776","Calle 11 # 12-48","Norte De Santander","8.235355,-73.353264","N"
"EFECTY SUPER SERVICIOS","ACB175709","Cr 12 # 10-04 Local 102","Norte De Santander","8.234875,-73.354294","N"
"EFECTY CALLE 10","ACB079582","Cl 10 N. 10-49 Local 1","Norte De Santander","8.23573,-73.354499","N"
"EFECTY","ACB358399","Cr 26  13 04 Lc 2","Norte De Santander","8.238835,-73.353503","N"
"EFECTY CARCEL MODELO OCAÑA","ACB165481","Cl 6 # 13a-100","Norte De Santander","8.239618,-73.356613","N"
"EFECTY OCAÑA EL LIBANO","ACB190515","Kdx 414-320","Norte De Santander","8.244185,-73.355732","N"
"EFECTY OCAÑA BARRIO SIMON BOLIVAR","ACB321593","Cl 11 # 27c-02","Norte De Santander","8.249475,-73.353621","N"
"EFECTY TACALOA LA CARRETERA CENTRAL","ACB195608","Cl 13a # 9-37","Norte De Santander","8.25205,-73.35322","N"
"EFECTY MARABEL","ACB308680","Cl 4 # 25 A-13","Norte De Santander","8.246565,-73.358671","N"
"EFECTY OCAÑA LLANADAS","ACB139949","Cl 7 N. 26-21","Norte De Santander","8.254108,-73.359371","N"
"EFECTY OCAÑA UNIVERSIDAD","ACB161739","Cl 7 29-228 Av Franc Fernan D Contreras","Norte De Santander","8.255577,-73.359533","N"
"EFECTY OCAÑA BARRIO LA PRIMAVERA","ACB194070","Tv 30 # 9-51 La Primavera","Norte De Santander","8.258988,-73.357306","N"
"CONEXRED","ACB300428","Calle 5  47  39 Barrio Santa Clara","Norte De Santander","8.267111,-73.365265","N"
"EFECTY SANTA CLARA CRA 49 CON 2","ACB128972","Cr 49 # 2-10","Norte De Santander","8.268305,-73.366143","N"
"EFECTY","ACB358443","Carrera 8a 38 42","Norte De Santander","8.269462,-73.365472","N"
"EFECTY CORREGIMIENTO LOS ANGELES","ACB160189","Cl 3 # 3-75 Correg Los Angeles","Cesar","8.2935,-73.384717","N"
"CONEXRED","ACB300406","Calle 23 12 45","Cesar","8.29088,-73.387934","N"
"EFECTY VIA PRINCIPAL ENTRADA RIO DE ORO","ACB308691","Kdx 9 260 Carretera Cetral","Cesar","8.294267,-73.387468","N"
"EFECTY SAN CALIXTO NORTE DE SANTANDER","ACB130841","Cl Central Kdx C2-350","Norte De Santander","8.401756,-73.208999","N"
"CONEXRED","ACB300781","Carrera 4 Este  119 44","Norte De Santander","8.402321,-73.20947","N"
"EFECTY FAVESO","ACB113770","Cr 8 # 4-72","Norte De Santander","7.742902,-73.048027","N"
"EFECTY LA CARRERA CACHIRA","ACB128170","Kdx-250-4-2 La Carrera","Norte De Santander","7.741986,-73.048545","N"
"EFECTY URB VILLA MARCELA SAN MARTIN","ACB326620","Urb Villa Marcela Mz K Cs 28","Cesar","8.004054,-73.512793","N"
"EFECTY PRINCIPAL SAN MARTIN CESAR","ACB306237","Cl 14 # 6-75 Centro","Cesar","8.002214,-73.513792","N"
"CONEXRED","ACB270903","Calle 14 06 50 Brr Centro","Cesar","8.001483,-73.515807","N"
"EFECTY SAN ALBERTO CARRERA 3","ACB279144","Cr 3 # 4- 50 Lc 3","Cesar","7.761034,-73.390931","N"
"CONEXRED","ACB300725","Calle 15  21  88 Barrio Cooperativo","Meta","3.988493,-73.765001","N"
"EFECTY BARRIO SAN JOSE","ACB111042","Cl 14 # 24-35","Meta","3.987289,-73.767293","N"
"EFECTY CENTRO","ACB111031","Cl 14 # 20-49","Meta","3.986873,-73.763551","N"
"EFECTY BARRIO MANCERA","ACB120985","Cl 18 # 16 A-36","Meta","3.991219,-73.759663","N"
"EFECTY ASOCIACION DE AMIGOS","ACB272291","Cr 30 # 16-68","Meta","3.997784,-73.769825","N"
"CONEXRED","ACB300714","Carrera 17  12 57 Barrio Centro","Meta","3.985758,-73.760707","N"
"CONEXRED","ACB276196","Carrera 17  13  52 Barrio Centro","Meta","3.985936,-73.760414","N"
"CONEXRED","ACB300286","Calle 13  15  63 Barrio Centro","Meta","3.985724,-73.759259","N"
"EFECTY BARRIO LAS ACACIAS.","ACB178791","Cl 11 # 29 A 01","Meta","3.984936,-73.772309","N"
"CONEXRED","ACB307436","Calle 14  14  66","Meta","3.986792,-73.758173","N"
"CONEXRED","ACB322440","Calle 13  15 12","Meta","3.985786,-73.75873","N"
"MULTIPAGAS","ACB196906","Calle 14 # 13-36","Meta","3.986317,-73.757034","N"
"CONEXRED","ACB279551","Carrera 40  12 07 Barrio La Independenci","Meta","3.983654,-73.781254","N"
"CONEXRED","ACB279562","Calle 16  5 22 Barrio Barrio Fundadores","Meta","3.881083,-73.770435","N"
"EFECTY CENTRO","ACB111163","Cr 7 # 13-52 Lc 2","Meta","3.879711,-73.769202","N"
"CONEXRED","ACB303465","Carrera 10  12 05 Barrio Fundadores","Meta","3.879353,-73.767175","N"
"CONEXRED","ACB193299","Cl 11  4 A 28 Brr Centro","Meta","3.876661,-73.770611","N"
"PF PORFIA VILLAVICENCIO","ACB067866","Calle 63 Sur No 43   35","Meta","4.078514,-73.669688","N"
"EFECTY","ACB357750","Cra 43 Sur  62   12","Meta","4.07896,-73.66942","N"
"EFECTY PORFIA SERVIENTREGA","ACB110645","Cl 53 # 42 A 14","Meta","4.08278,-73.668861","N"
"EFECTY QUINTAS DE SAN FERNANDO *","ACB322758","Cl 20 Sur N. 24- 25","Meta","4.108404,-73.660196","N"
"EFECTY VILLA DEL ORIENTE","ACB322176","Cl 25 Sur # 42b 46","Meta","4.101567,-73.651447","N"
"EFECTY","ACB356254","Calle 24a Sur  41 63","Meta","4.101805,-73.650872","N"
"EFECTY","ACB351194","Calle 24a Sur  41 63","Meta","4.101805,-73.650872","N"
"CONEXRED","ACB322439","Carrera 50  11 42","Meta","4.118669,-73.650866","N"
"EFECTY SANTA TERESA","ACB164105","Cr 8 Av Nuevo Milenio L-3 Brr Olga Lcuia","Meta","3.827779,-73.690165","N"
"AyV PF VILLAVICENCIO","ACB067053","Cll 1 18 17 Anillo V Bga D Bq F13 Pta9","Meta","4.116558,-73.634325","N"
"EFECTY CENTRO CALLE 7","ACB118379","Cr 8 # 6-25","Meta","3.826968,-73.689862","N"
"GIROS Y FINANZAS ÉXITO SABANA","ACB024889","Cl. 7 # 45-185 L-18 Int. Éxito C.c. Viva","Meta","4.126399,-73.637765","N"
"EFECTY","ACB168495","Flamingo Viva Cl 7 45 185 Loc 148a","Meta","4.126692,-73.637536","N"
"EFECTY LA ESPERANZA 5 ETAPA","ACB302420","Cl 7 # 39- 82","Meta","4.124084,-73.634169","N"
"EFECTY SAN ANTONIO CLL 19","ACB309087","Cl 14 # 42 33","Meta","4.134693,-73.642124","N"
"ACCIONES Y VALORES CC LLANO CENTRO","ACB061189","Kr 15 No 38  40 Lc 1 042","Meta","4.134611,-73.636854","N"
"EFECTY CENTRO COMERCIAL LLANOCENTRO","ACB300550","Av 40 # 15-67","Meta","4.134779,-73.636653","N"
"EFECTY BARRIO REMANSOS DE ROSABLANCA","ACB139455","Cl 4 Sur # 25-03 Mz 5 Cs 13","Meta","4.116714,-73.618542","N"
"EFECTY VILLAVICENCIO LA ALBORADA CLLE 4","ACB161784","Cl 4 B # 25 A-25","Meta","4.121738,-73.622233","N"
"CONEXRED","ACB192353","Tv 25 B  12 A 02 Brr Cooperativo","Meta","4.127883,-73.627789","N"
"EFECTY LA ALBORADA CRA 25 A","ACB322165","Cr 25 A # 5-71","Meta","4.123992,-73.623736","N"
"EFECTY VILLAVICENCIO PINILLA","ACB124033","Cr 25 # 15-11 Lc 3","Meta","4.128643,-73.6272","N"
"EFECTY 7 DE AGOSTO CRA 40","ACB190472","Cl 27 # 40-43","Meta","4.140565,-73.639649","N"
"EFECTY VILLAVICENCIO SAN BENITO","ACB122493","Cr 38 # 24a-138","Meta","4.13639,-73.634092","N"
"MULTIPAGAS","ACB196676","Av. 38 # 26-51","Meta","4.139439,-73.636945","N"
"CONEXRED","ACB322286","Calle 26c  38 90","Meta","4.140573,-73.638078","N"
"EFECTY LLANOABASTOS.","ACB322154","Cl 1 # 18-17","Meta","4.119369,-73.616444","N"
"EFECTY SAN BENITO CRA 36 CLL 20A","ACB165359","Cr 36 # 20 A 27","Meta","4.135174,-73.631","N"
"CONEXRED","ACB303454","Calle 22  3625","Meta","4.136236,-73.631842","N"
"EFECTY","ACB352151","Cra 22  5 B   47","Meta","4.126679,-73.62097","N"
"EFECTY","ACB352140","Carrera 22  5b 47","Meta","4.126679,-73.62097","N"
"CONEXRED","ACB324673","Calle 9 Sur  23b  15","Meta","4.114995,-73.610756","N"
"CONEXRED","ACB355011","Calle 9 Sur  23b  15","Meta","4.114995,-73.610756","N"
"EFECTY BARRIO BARZAL CRA 38","ACB323836","Cr 38 # 33 -12 Local 1","Meta","4.143802,-73.638286","N"
"EFECTY CC UNICO VILLAVICENCIO","ACB300583","Cr 22 # 8c-67","Meta","4.130471,-73.623735","N"
"EFECTY","ACB300307","Calle 9 Sur 22 A 20","Meta","4.11557,-73.610093","N"
"EFECTY VIZCAYA CLL 4","ACB302431","Cl 4 # 20 A-14","Meta","4.125585,-73.617832","N"
"CONEXRED","ACB322275","Calle 33b  37 56","Meta","4.145301,-73.638442","N"
"EFECTY CANTARRANA CRA 19","ACB306776","Cr 19 # 18-65","Meta","4.133764,-73.624128","N"
"CONEXRED","ACB309603","Carrera  19 5b 80 Villavicencio Meta Col","Meta","4.129258,-73.618162","N"
"ACCIONES Y VALORES HIPERMERCAD","ACB060562","Calle 31 95","Meta","4.144173,-73.633517","N"
"EFECTY","ACB357783","Calle 23  24 Bis 48","Meta","4.13958,-73.62632","N"
"EFECTY","ACB352173","Calle 31  27   92","Meta","4.145678,-73.632291","N"
"CONEXRED","ACB303850","Carrera 12  37  93","Meta","4.133103,-73.618093","N"
"MULTIPAGAS","ACB196665","Carrera 32 # 38-26","Meta","4.151496,-73.63776","N"
"EFECTY VILLAVICENCIO ESTERO CALLE 10","ACB161751","Cl 10 # 12 C-112","Meta","4.132218,-73.615646","N"
"OFICINA CENTAUROS","ACB065732","Calle 31 37 10","Meta","4.151511,-73.636342","N"
"GIROS Y FINANZAS VILLAVICENCIO","ACB020818","Cr 31 # 37 - 32 L-64 Y 65","Meta","4.151759,-73.636393","N"
"EFECTY CENTRO DIVINO NIÑO","ACB121601","Cr 29 # 36-55","Meta","4.150745,-73.634742","N"
"EFECTY SERVIENTREGA VILLAVICENCIO CENTRO","ACB110601","Cr 31 # 40-64","Meta","4.15376,-73.638098","N"
"EFECTY","ACB352162","Calle 15  15 C 23","Meta","4.135507,-73.61758","N"
"EFECTY SERVICIOS CONTABLES JYREH","ACB323847","Cr 30 A # 39-25 Loc 1","Meta","4.152988,-73.636788","N"
"EFECTY DOÑA LUZ CRA. 20","ACB272422","Cr 20 # 9-61","Meta","4.137178,-73.618689","N"
"EFECTY EXPRESS EFECTY GAVIOTAS","ACB325728","Cl 21 Sur 10b 31","Meta","4.137178,-73.618689","N"
"EFECTY PINILLA CLL. 24","ACB279199","Cl 24 N. 17-78 Sur","Meta","4.137178,-73.618689","N"
"EFECTY SERVIENTREGA EXITO LA SABANA","ACB122833","Km 1 Via Acacias C C La Sabana","Meta","4.137178,-73.618689","N"
"EFECTY EL TRIUNFO CLLE 44","ACB161850","Cl 44 # 35-31","Meta","4.158765,-73.643006","N"
"CONEXRED","ACB302947","Calle 21a  19  58 Barrio San Jose","Norte De Santander","4.130725,-73.611892","N"
"CONEXRED","ACB307414","Smza 5 Manzana 3 Casa 5 Madrid 5 Etapa","Meta","4.151293,-73.633311","N"
"EFECTY","ACB356265","Calle 21 Sur  8 31 Este Brr Gaviotas","Meta","4.115895,-73.599503","N"
"EFECTY","ACB351204","Calle 21 Sur  8 31 Este Brr Gaviotas","Meta","4.115895,-73.599503","N"
"EFECTY","ACB110623","Calle 31 23 81","Meta","4.147689,-73.628963","N"
"EFECTY GLORIETA DE LA GRAMA","ACB175721","Tv 29 # 41-177 Local 2 Bloque 2","Meta","4.156617,-73.637662","N"
"EFECTY EMPORIO CLL 39","ACB309098","Cl 39 D # 26-56","Meta","4.155897,-73.633982","N"
"EFECTY","ACB357772","Calle 8 1 A 162 Lc 5","Meta","4.13047,-73.60621","N"
"EFECTY BARRIO CAMELIAS","ACB191143","Cl 18 # 10-68 Local 3","Meta","4.136601,-73.611099","N"
"EFECTY OLIMPICO CRA 12","ACB322187","Cr 12 # 21-56","Meta","4.138426,-73.612686","N"
"EFECTY","ACB302684","Cra 10  6   06","Meta","3.792559,-73.84109","N"
"CONEXRED","ACB300770","Carrera 22  37b  90 Barrio Industrial","Meta","4.153322,-73.62745","N"
"CONEXRED","ACB193244","Cl 35 A  19 D 40 Brr Paraiso Jordan","Meta","4.148287,-73.621487","N"
"EFECTY VILLAVICENCIO TERMINAL LOC 21","ACB127476","Cr 1 # 15-02 Avial Terminal Loc 21","Meta","4.131942,-73.605097","N"
"EFECTY","ACB115420","Calle 19s 45s 2","Meta","4.13665,-73.60606","N"
"EFECTY SANTA CATALINA CALLE 35","ACB118874","Cl 35 # 14-59","Meta","4.146493,-73.614852","N"
"EFECTY LA FLORENCIA","ACB302442","Cl 40a # 19-42 Urb La Florencia","Meta","4.152698,-73.618372","N"
"EFECTY OLIMPICA CAMINO REAL","ACB130258","Cl 35 # 11a-45","Meta","4.146206,-73.611152","N"
"EFECTY MADRIGAL","ACB156537","Cr 17 # 40 A-22","Meta","4.152099,-73.615777","N"
"EFECTY","ACB356397","Km 2 Vda Vanguardia Via Restrepo","Meta","4.160642,-73.620736","N"
"EFECTY","ACB357585","Mz N Casa 3 Barrio Bosques De Abajam","Meta","4.140361,-73.590728","N"
"EFECTY ANTONIO VCIO CRA 16","ACB309076","Cr 16e # 36b-26 Antonio Villaviencio","Meta","4.139873,-73.587794","N"
"CONEXRED","ACB303443","Carrera 18e  35b 24 Barrio Morichal","Meta","4.138267,-73.585921","N"
"EFECTY BARRIO MORICHAL.","ACB199954","Cl 37 # 17 B 02 Este","Meta","4.140038,-73.585846","N"
"EFECTY DELIRIO COVISAN","ACB121876","Cr 18 Este # 41-15","Meta","4.14346,-73.58492","N"
"EFECTY BARRIO CIUDAD SALITRE","ACB323034","Mz A Casa 1 Barrio Ciudad Salitre","Meta","4.138778,-73.580845","N"
"EFECTY RELIQUIA CALLE 26","ACB176216","Cl 26 B 61 04 E Mz 80 Cs 14 Brr Reliquia","Meta","4.125499,-73.544734","N"
"EFECTY SAN MARTIN PEDRO DAZA MZ L","ACB302750","Mz L Cs 25 Barrio Pedro Daza","Meta","3.70085,-73.695153","N"
"EFECTY CRRA. 6 SEMAFORO","ACB116366","Cr 6 # 10-23","Meta","3.696014,-73.698781","N"
"EFECTY CENTRO ASCONTRY´S CRA 6","ACB110348","Cr 6 # 7-59","Meta","3.693379,-73.697133","N"
"EFECTY VILLA REINA","ACB156274","Cl 19 # 1a-83","Meta","4.263131,-73.55471","N"
"EFECTY AV PRINCIPAL CRA 13","ACB127751","Cr 13 # 24-26 Lc 8","Meta","3.550103,-73.71188","N"
"EFECTY MONTOYA CLL. 22","ACB321241","Cl 22 # 10-82","Meta","3.549597,-73.70842","N"
"BANCAMIA GRANADA","ACB063620","Kr 13 No 22 14 Centro","Antioquia","3.549077,-73.711458","N"
"CONEXRED","ACB309780","Transversal 13  24  07","Meta","3.548754,-73.710748","N"
"EFECTY GRANADA LA OCTAVA","ACB176733","Cr 8 # 20-63","Meta","3.549425,-73.705414","N"
"CONEXRED","ACB309845","Manzana 22 Casa 26 Barrio La Sabana","Meta","3.54877,-73.704596","N"
"EFECTY AV. PRINCIPAL MONTOYA CARRERA 13","ACB115321","Cr 13 # 20-79 L-3 Hot Capilla Del Llano","Meta","3.54636,-73.709802","N"
"EFECTY","ACB351578","Barrio Villa Olga","Choco","8.512979,-77.280328","N"
"EFECTY","ACB355901","Barrio Villa Olga","Choco","8.512979,-77.280328","N"
"EFECTY NECOCLI CORREGIMIENTO EL TOTUMO","ACB167207","Correg El Totumo","Antioquia","8.442787,-76.794802","N"
"CONEXRED","ACB303553","Carrera 49  5040","Antioquia","8.424427,-76.785733","N"
"EFECTY NECOCLI CALLE LA TRILLADORA","ACB273203","Cl 51 # 47-29","Antioquia","8.424621,-76.784549","N"
"EFECTY","ACB351006","Corregimiento Mulatos","Antioquia","8.49203,-76.654466","N"
"EFECTY TURBO BARRIO JESUS MORA","ACB279023","Cl 114 # 15-93","Antioquia","8.100915,-76.728345","N"
"EFECTY TURBO CORREGIMIENTO EL TRES","ACB308679","Cl 30 # 30-27 Correg El Tres","Antioquia","8.09402,-76.727521","N"
"EFECTY CENTRO COMERCIAL LOS CUNAS","ACB128477","Cl 101 # 13-60-62-64-66","Antioquia","8.092624,-76.728172","N"
"PAGAFÁCIL CENTRO TURBO","ACB065798","Calle 101 No  14  52 Centro","Antioquia","8.092894,-76.727374","N"
"ACCIONES Y VALORES PF OFICINA TURBO","ACB064391","Carrera 13 100 22","Antioquia","8.091657,-76.7283","N"
"EFECTY SERVIENTREGA CRA 13","ACB110393","Cl 101 # 14 B-30","Antioquia","8.093055,-76.726787","N"
"EFECTY NUEVA COLONIA CRA 35","ACB169287","Cr 35 N 30-77","Antioquia","8.085486,-76.721477","N"
"EFECTY TURBO 24 DE DICIEMBRE CRA 29","ACB306765","Cr 29 # 31a -42","Antioquia","8.085486,-76.721477","N"
"EFECTY CURRULAO 24 DE DICIEMBRE","ACB306073","Cl 56b # 60-43","Antioquia","8.085486,-76.721477","N"
"EFECTY SAN JUAN DE URABA","ACB160112","Cr 19 Salida Arbolete","Antioquia","8.754765,-76.527605","N"
"AYV PF CURRULAO","ACB066711","Carrera 50 No 49b   76 Brr Centro","Antioquia","7.993483,-76.637302","N"
"GIROS Y FINANZAS C.C. NUESTRO URABÁ","ACB024966","Cl 99 # 84-18 L-272 C.c. Nuestro Urabá","Antioquia","7.88528,-76.633077","N"
"PAGAFACIL APARTADO ORTIZ II","ACB066481","Calle 99 No 104 33 Barrio Ortiz","Antioquia","7.883733,-76.634455","N"
"EFECTY DIMONEX BARRIO VELEZ","ACB300879","Cr 104 A N 100-31","Antioquia","7.883991,-76.634182","N"
"A Y V PF OFICINA APARTADO ALCALDIA","ACB065282","Kr 100 No 103a  102","Antioquia","7.885178,-76.63259","N"
"EFECTY TEMCEL COMUNICACIONES LTDA","ACB171288","Cr 101 # 99-20","Antioquia","7.883449,-76.633243","N"
"CONEXRED","ACB276228","Carrera 100  97  63 Barrio Ortiz","Antioquia","7.882211,-76.63287","N"
"EFECTY SERVIENTREGA UNO CALLE 97","ACB076918","Cl 98 # 99-35","Antioquia","7.882169,-76.632049","N"
"EFECTY FRENTE A LA PLAZA DE MERCADO","ACB176711","Cl 92 # 102 -24","Antioquia","7.878979,-76.635036","N"
"AYV PF BARRIO VELEZ","ACB065787","Carrera 109 No 104   72 Brr Velez","Antioquia","7.881206,-76.632649","N"
"EFECTY CENTRO COMERCIAL APARTACENTRO","ACB128488","Cl 96 # 99-18 Lc 104","Antioquia","7.880756,-76.632484","N"
"PAGAFACIL APARTADO CENTRO II","ACB066470","Carrera 99 No 96 16 B Los Fundadores","Antioquia","7.880673,-76.632158","N"
"COOPERATIVA FINANCIERA DE ANTIOQUIA","ACB172443","Cl 96  99   33","Antioquia","7.880556,-76.632222","N"
"EFECTY","ACB352919","Calle 98 97   95","Antioquia","7.881761,-76.630796","N"
"EFECTY BARRIO PRIMERO DE MAYO","ACB179219","Cl 103 N 92 05","Antioquia","7.884482,-76.623973","N"
"EFECTY C.C. NUESTRO URABA","ACB300473","Cr 100 N 1 La Milla De Oro Apartado","Antioquia","7.882741,-76.624717","N"
"EFECTY SERRANIA CL 118 APARTADO","ACB306709","Cl 118 #114b 18 Apto 101","Antioquia","7.882741,-76.624717","N"
"PAGAFACIL NUESTRO URABA","ACB066469","Carrera 99 No 84 18 Cc Nuestro Uraba","Antioquia","7.872801,-76.63426","N"
"EFECTY EDS EL PUENTE ARBOLETE NUEVO","ACB324518","Cl 26 Sector La Y","Antioquia","8.851349,-76.428397","N"
"EFECTY","ACB355439","Calle 26 Sector La Y","Antioquia","8.849828,-76.42607","N"
"EFECTY CALLE 20 JULIO","ACB120138","Cr 30 # 30-30","Antioquia","8.852672,-76.426768","N"
"EFECTY CYBER LA PAZ","ACB169429","Cl 104 N 77 A 27","Antioquia","7.881897,-76.610026","N"
"EFECTY APARTADO BARRIO CONCEJO","ACB163511","Cl 100 N 78a-27","Antioquia","7.875452,-76.61357","N"
"EFECTY SAN PEDRO DE URABA","ACB111734","Cr 49 # 50-42 San Pedro De Uraba","Antioquia","8.277148,-76.380537","N"
"EFECTY SAN PEDRO D URABA CL DEL COMERCIO","ACB179264","Cl 50 Numero 45a 91","Antioquia","8.275789,-76.379728","N"
"EFECTY ALMACEN MARY STILOS","ACB154470","Cr 78 A # 77-45","Antioquia","7.757369,-76.658774","N"
"EFECTY CAREPA ALCALDIA","ACB130368","Cl 77 # 78-02","Antioquia","7.756741,-76.658521","N"
"ACCIONES Y VALORES PF OFICINA CAREPA","ACB064380","Cl 80 No 74 35","Antioquia","7.75756,-76.656868","N"
"EFECTY CAREPA MARIA CANO CLL 77","ACB306688","Cl 77 # 76-50","Antioquia","7.7567,-76.657546","N"
"EFECTY","ACB357574","Calle 10 12 89","Valle Del Cauca","368.708952,-76.313512","N"
"EFECTY","ACB355385","Cra 73 70  37","Antioquia","7.75353,-76.65601","N"
"EFECTY CAREPA PAPER HOUSE SECTOR ESTADIO","ACB327038","Cr 73 # 70-37","Antioquia","7.752836,-76.656236","N"
"EFECTY BRIGADA 17 CAREPA.","ACB131051","Km 3 Via Carepa Turbo Casaverde","Antioquia","7.755154,-76.652782","N"
"EFECTY CORDOBAS","ACB114254","Cl 5 # 2-32","Cordoba","8.905791,-76.354856","N"
"EFECTY LOS CORDOBAS 2","ACB177273","Cl 5 # 4-20","Cordoba","8.905917,-76.354409","N"
"EFECTY","ACB356100","Cl 98  101   36","Antioquia","7.670873,-76.681255","N"
"EFECTY","ACB351040","Cl 98  101   36","Antioquia","7.670873,-76.681255","N"
"ACCIONES Y VALORES PF OFICINA CHIGORODO","ACB064423","Cl 97 No 102 69 Lc 104","Antioquia","7.669982,-76.681772","N"
"EFECTY PAPELERIA SERV INTEGRADOS LINA","ACB163829","Cr 102 N 92-39","Antioquia","7.666996,-76.681647","N"
"EFECTY CHIGORODO CREDIJAPON","ACB120183","Cr 100 # 94 B-89","Antioquia","7.668685,-76.676774","N"
"EFECTY SERVIENTREGA CALLE 97","ACB110931","Edificio Suzuki # 47-35","Antioquia","7.66682,-76.674266","N"
"CONEXRED","ACB270859","Calle 15 18 A 21 Brr La Cruz","Cordoba","8.257014,-76.15484","N"
"EFECTY CENTRO CLL 12","ACB116508","Cl 12 # 17-03","Cordoba","8.258406,-76.146766","N"
"EFECTY DIAGONAL AL PARQUE","ACB156449","Cl 12 # 12-109","Cordoba","8.257388,-76.142005","N"
"EFECTY TIERRALTA NAZARETH","ACB169034","Cl 10 32 15 Brr. Villa Nazareth","Cordoba","8.166839,-76.067343","N"
"EFECTY BARRIO ESCOLAR","ACB174687","Barrio Escolar Dg 11 # 11-72","Cordoba","8.171517,-76.062314","N"
"EFECTY CALLE 8","ACB111877","Cr 15 # 7-17 Local 1","Cordoba","8.174717,-76.061052","N"
"AYV PF TIERRA ALTA","ACB066360","Carrera 15 No 7 23 Br Centro","Cordoba","8.174478,-76.060991","N"
"EFECTY TIERRALTA PRADO","ACB176481","Cl 5 # 13 18","Cordoba","8.176461,-76.059924","N"
"EFECTY TIERRALTA CARRERA 17","ACB323539","Cl 10 # 17 -75 Local 1","Cordoba","8.171966,-76.060958","N"
"EFECTY TIERRA ALTA CLL 7-13-60","ACB121151","Cl 7 # 13-60","Cordoba","8.175345,-76.059844","N"
"EFECTY EXPRESS DIMONEX EL PARAISO","ACB195718","Cl 3 # 2b-17 B. El Paraiso","Cordoba","8.181733,-76.050379","N"
"EFECTY MOÑITO","ACB308723","Cl 22 B # 5a-23 Brr Flores De Manga","Cordoba","9.244847,-76.131018","N"
"EFECTY MOÑITO CALLE EL COMERCIO","ACB308734","Cr 2 22c 50 Br Centro","Cordoba","9.246587,-76.131228","N"
"EFECTY VALLEJO ET 2","ACB277306","Cr 13w # 15 A-39 Urb Vallejo Etapa 2","Cordoba","8.753534,-75.90582","N"
"EFECTY POLICARPA 1","ACB169122","Tv 1 6 08 Local 3-policarpa","Cordoba","8.735157,-75.897694","N"
"EFECTY EXPRESS EFECTY VALLEJO CRA 9W","ACB279155","Cr 9w N 17-54 Urb.vallejo","Cordoba","8.754433,-75.899667","N"
"CONEXRED","ACB303245","Diagonal 20  2 140 Barrio La Granja","Cordoba","8.741499,-75.896168","N"
"EFECTY","ACB302815","Barrio Santa Fe Calle E Mza 23 Lote 11","Cordoba","8.742038,-75.896234","N"
"EFECTY SANTA ELENA III","ACB323825","Cl 43 # 40b-03 Urb Santa Elena Iii","Cordoba","8.750147,-75.895639","N"
"PF SURICENTRO","ACB067888","Calle 10 No 25  105 Lc K 120","Cordoba","8.744965,-75.893953","N"
"EFECTY","ACB155295","Transversal 5 N  15 22 Local 1","Cordoba","8.739734,-75.893031","N"
"EFECTY VILLARREAL CRA 3W","ACB321438","Cr 3w Cl 21-65 Brr Rio De Janeiro","Cordoba","8.752379,-75.894008","N"
"CONEXRED","ACX359279","Tv 7 9 8 Brr La Granja","Cordoba","8.736605,-75.890566","N"
"CONEXRED","ACB359279","Tv 7 9 8 Brr La Granja","Cordoba","8.736605,-75.890566","N"
"EFECTY MONTERIA LA GRANJA SECTOR CAMAJON","ACB135099","Tv 9 # 5-35 Lc 2 Barrio Granja","Cordoba","8.734571,-75.888539","N"
"EFECTY GALILEA","ACB155712","Tv 12 # 1-15","Cordoba","8.726901,-75.887193","N"
"EFECTY MONTERIA CARREFOUR","ACB119435","Cr 3a # 19-16","Cordoba","8.75024,-75.890342","N"
"GIROS Y FINANZAS CENTRO","ACB020292","Cra.3 # 18-07 L-10 Int. Metro","Cordoba","8.750753,-75.890183","N"
"EFECTY KR 3 - CL 26","ACB153732","Cr 3 # 26-17","Cordoba","8.754915,-75.887485","N"
"EFECTY URBANIZACION SAMARIA","ACB326675","Urb Samaria Cr 15 # 10b 27","Cordoba","8.735703,-75.883713","N"
"EFECTY CRA 9 LA JULIA","ACB301869","Cr 9 N 18-14 Brr . La Julia","Cordoba","8.747299,-75.88529","N"
"EFECTY CALLE 26 GOBERNACION","ACB079317","Cr 5 # 26-58","Cordoba","8.754149,-75.886253","N"
"MULTIPAGAS","ACB196852","Calle 30 # 1-56.","Cordoba","8.757682,-75.88646","N"
"COOPERATIVA FINANCIERA DE ANTIOQUIA","ACB172739","Kr  3  30   41","Cordoba","8.757222,-75.885278","N"
"BANCAMIA MONTERIA II","ACB062520","Calle 33 1 71","Cordoba","8.759323,-75.884965","N"
"EFECTY MONTERIA CALLE 31","ACB326664","Cl 31 # 4-13","Cordoba","8.757122,-75.884515","N"
"EFECTY SERVIENTREGA CALLE 32 CENTRO","ACB079285","Cl 32 # 3-51","Cordoba","8.757993,-75.884552","N"
"CONEXRED","ACB278978","Carrera 9 26 33 Local 04","Cordoba","8.752471,-75.883329","N"
"EFECTY CENTRO CALLE 27 CRA 9","ACB273511","Cl 27 N9-10","Cordoba","8.752264,-75.883198","N"
"EFECTY MONTERIA PASAJE REAL","ACB155053","Cr 2 # 34-31 Lc 6 Pasaje Real","Cordoba","8.759964,-75.884064","N"
"AYV EXITO CENTRO MONTERIA","ACB067569","Carrera 2 No 35   43 Lc 102","Cordoba","8.760966,-75.883357","N"
"EFECTY MONTERIA JUAN 23","ACB131480","Barrio Juan 23 Cr 1 # 37a-09","Cordoba","8.763248,-75.88374","N"
"CONEXRED","ACB303904","Calle 22  19  45","Tolima","8.74332,-75.879487","N"
"EFECTY","ACB079306","Carrera 5 6 19","Cordoba","8.758756,-75.881965","N"
"EFECTY MONTERIA CRA 2 CALLE 37 CENTRO","ACB321449","Cr 2 N 37-52 B Centro","Cordoba","8.76201,-75.88204","N"
"CONEXRED","ACB303344","Manzana 46 Lote 16 Barrio Canta Claro","Cordoba","8.738664,-75.877845","N"
"ACCIONES Y VALORES","ACB060265","Sao Circunvalar","Cordoba","8.749461,-75.879542","N"
"EFECTY MONTERIA SURICENTRO","ACB117125","Cl 10 # 25-105 Lc 118","Cordoba","8.734763,-75.876878","N"
"CONEXRED","ACB303355","Calle 39  2 43 Barrio El Centro","Cordoba","8.763192,-75.880846","N"
"CONEXRED","ACB309900","Calle 34  11 Esquina Barrio Centro","Cordoba","8.755228,-75.878309","N"
"EFECTY MONTERIA LA CEIBA","ACB151444","Cl 36 # 9 A-06 Ceiba","Cordoba","8.757386,-75.878566","N"
"EFECTY MONTERIA MANUEL JIMENEZ","ACB326653","Mz J Lt 20 Brr. Manuel Jimenez","Cordoba","8.763446,-75.877751","N"
"EFECTY GARZONES","ACB156142","Garzones Cl 126# 4 E-47 B","Cordoba","8.763446,-75.877751","N"
"EFECTY MONTERIA II","ACB155471","Mz 42 L 8 Barrio Mogambo Ii","Cordoba","8.763446,-75.877751","N"
"EFECTY AVENIDA PRIMERA CENTRO CALLE 29","ACB117136","Av Primera Centro Cl 29 # 1-26","Cordoba","8.763446,-75.877751","N"
"EFECTY MONTERIA PRADERA LA 75","ACB156131","Br La Pradera Mz 75 Lt 2 Et 10","Cordoba","8.763446,-75.877751","N"
"EFECTY MONTERIA NUEVO HORIZONTE","ACB279661","Cr 21-126 Brr Nuevo Horizonte","Cordoba","8.763446,-75.877751","N"
"EFECTY","ACB352942","Kr 2  44   55","Cordoba","8.766943,-75.877512","N"
"MULTIPAGAS","ACB196962","Calle 4410 91","Cordoba","8.761958,-75.87352","N"
"EFECTY CENTRO COMERCIAL ALAMEDA","ACB118281","Cl 44 # 10-91 Lc 144 Cc Alamedas","Cordoba","8.76216,-75.873526","N"
"ACCIONES Y VALORES","ACB064818","Cll 48 - Cra 13 Av Circunvalar Lc 134","Cordoba","8.763529,-75.872895","N"
"AYV PF NUESTRO MONTERIA","ACB066579","Calle 29 No 20 337 Lc 285 Cc Nt Monteria","Cordoba","8.742864,-75.869067","N"
"EFECTY","ACB352931","Tranv 29  29   69","Cordoba","8.742856,-75.86885","N"
"EFECTY CANTACLARO - ÑIPI","ACB277812","Mz 154 Lt 16 Brr Cantaclaro-sec Ñipi C","Cordoba","8.733507,-75.867129","N"
"EFECTY MONTERIA LOS ANGELES CALLE 44","ACB301870","Cl 44 # 14d-19 Local 102","Cordoba","8.760682,-75.871466","N"
"EFECTY CALLE 41 EDS LA PERLA","ACB150948","Cl 41 # 15 B-22 Urb Mora","Cordoba","8.755944,-75.870303","N"
"EFECTY VILLA ANA","ACB171332","Cl 22 # 33b-12 Local 1 Villa Ana","Cordoba","8.736871,-75.866809","N"
"EFECTY MONTERIA-TERMINAL","ACB124561","Cl 41 # 20-11 Loc 25","Cordoba","8.752419,-75.868623","N"
"AyV PF TRANSITO MONTERIA","ACB067691","Calle 56 No 6   56 Barrio La Castellana","Cordoba","8.767697,-75.868443","N"
"EFECTY MONTERIA LA CASTELLANA","ACB123472","Cr 6 62-70 L-105 Plaza De La Castellana","Cordoba","8.77296,-75.866501","N"
"EFECTY MONTERIA URB BONANZA","ACB321427","Cl 32 Cr 39-66 Apto 02 Urb Bonanza","Cordoba","8.741821,-75.859341","N"
"EFECTY TORRES DE LA CASTELLANA","ACB154942","Cr 12 # 57-12 Lc 4 Barrio Castellana","Cordoba","8.765144,-75.863238","N"
"EFECTY","ACB352953","Kr 6  68   72","Cordoba","8.778917,-75.862923","N"
"MULTIPAGAS","ACB198942","Carrera 6  68   72","Cordoba","8.779167,-75.862298","N"
"EFECTY MOCARI ESTACION DE POLICIA","ACB179473","Cl 94 # 2-26","Cordoba","8.801317,-75.857616","N"
"EFECTY VILLACIELO ELSABANAL","ACB276581","Mz 24 Lote 30 Brr Villa Cielo","Cordoba","8.75258,-75.84431","N"
"EFECTY SAN PELAYO CORDOBA CARRERA 8","ACB111866","Cr 8 # 6 154 Barrio El Centro","Cordoba","8.957321,-75.838145","N"
"EFECTY SAN PELAYO CAMERINO","ACB195785","Cl 3 # 8m-9","Cordoba","8.958491,-75.834772","N"
"MULTIPAGAS","ACB358629","Calle 11  8  55","Antioquia","7.245448,-76.436051","N"
"EFECTY","ACB161971","Calle 9 Numero 10 20","Antioquia","7.244274,-76.436885","N"
"EFECTY","ACB159518","Calle 9 Numero 10 20","Antioquia","7.244055,-76.436769","N"
"OFICINA PAGAFACIL CERETE","ACB066184","Carrera 13b No 15  Barrio Centro","Cordoba","8.888481,-75.791727","N"
"EFECTY BAJIRA CALLE 6","ACB155240","Cl 6 # 7-32","Antioquia","7.242152,-76.434277","N"
"EFECTY SAN BERNARDO CALLE 14","ACB155691","Cr 7 # 14 A-02 Barrio Guayabal","Cordoba","9.351677,-75.95361","N"
"EFECTY SAN BERNARDO CLL REAL","ACB326729","Cl 8 C Cr 9-109 Cl Real","Cordoba","9.355012,-75.954272","N"
"EFECTY CORREGIMIENTO EL BONGO","ACB304510","Cl 15 # 13a 724 Correg El Bongo","Cordoba","9.037903,-75.794061","N"
"EFECTY SAN BERNARDO - CENTRO","ACB326686","Cr 7 # 7-02 Centro","Cordoba","9.354473,-75.95135","N"
"EFECTY","ACB355033","Carrera 7 N 7  02 Centro","Cordoba","9.354741,-75.951029","N"
"EFECTY LORICA MERCADO","ACB174632","Cr 20 # 2a-54 Piso 1 Local 1","Cordoba","9.227139,-75.817631","N"
"EFECTY LORICA BARRIO KENEDY","ACB162093","Dg 18 C # 17a-9 Lc 2 Brr Kenedy","Cordoba","9.242468,-75.820556","N"
"AYV LORICA","ACB065677","Carrera 25 No 10 06","Cordoba","9.238473,-75.813486","N"
"EFECTY LORICA CAMPO ALEGRE","ACB307195","Cl 31 # 26-11 Barrio Campo Alegre","Cordoba","9.254177,-75.813119","N"
"EFECTY PLANETA RICA 7","ACB171321","Cl 15 # 10-37 Apto 02","Cordoba","8.408803,-75.586194","N"
"EFECTY PLANETA RICA CRA 11","ACB323441","Cr 11 # 23-43 Brr San Gabriel","Cordoba","8.414864,-75.584665","N"
"EFECTY","ACB304059","Clle 6 No 14 01 Brrio Centro","Cordoba","8.878498,-75.62169","N"
"EFECTY CALLE 19","ACB110052","Cl 19 # 9-03","Cordoba","8.411788,-75.584059","N"
"AYV PF PLANETA RICA","ACB067547","Calle 20 N 9   13 Centro","Cordoba","8.412601,-75.583778","N"
"CONEXRED","ACB279979","Carrera 8 17 15 Barrio Centro","Cordoba","8.410092,-75.583733","N"
"EFECTY PLANETA RICA CRA 8","ACB155075","Cr 8 #17-45","Cordoba","8.409978,-75.583733","N"
"CONEXRED","ACB279870","Carrera 7 10 64 Barrio Prado","Cordoba","8.406035,-75.582823","N"
"EFECTY DIMONEX TRONCAL PLANETA","ACB302123","Cl 19 # 5-16","Cordoba","8.410939,-75.580368","N"
"EFECTY LA INMACULADA","ACB302134","Cr 4e 14-32 Apto 1 Brr La Inmaculada","Cordoba","8.407587,-75.578113","N"
"EFECTY SAN ANTERO-CORDOBA","ACB124318","Cr 14 # 12 19 Barrio Cardales","Cordoba","9.373175,-75.759517","N"
"EFECTY MOMIL CALLE 7","ACB128433","Cl 7 # 13-57","Cordoba","9.237837,-75.678204","N"
"EFECTY CRA 9","ACB113088","Cr 9 N 9-30","Cordoba","9.237429,-75.67477","N"
"EFECTY EL CARMEN CRA 12","ACB308701","Cr 12 17-31 El Carmen","Cordoba","8.505705,-75.507794","N"
"EFECTY CHIMA CORDOBA","ACB155086","Cl 4 10-56 Cl Del Comercio","Cordoba","9.149089,-75.627582","N"
"EFECTY BUENAVISTA EL PARQUE","ACB156560","Cr 10 # 9 A-30 Centro","Cordoba","8.222947,-75.481071","N"
"MULTIPAGAS","ACB358630","Carrera 10  12 26 Local 5","Antioquia","7.003086,-76.267334","N"
"EFECTY GUAYABAL CARRERA 2","ACB111712","Cl 4 # 4-63 Sc La Coqueteria","Sucre","9.404572,-75.683877","N"
"EFECTY DABEIBA PARQUE PRINCIPAL","ACB127410","Parque Principal Cl Juan Corral # 10-57","Antioquia","6.99732,-76.256825","N"
"EFECTY BRIGADA DE INFANTERIA DE MARINA L","ACB120479","Cl 1 Cr 1 Local 4","Sucre","9.400827,-75.667957","N"
"EFECTY","ACB135198","Calle 3  8e   26 Tres Esquinas La Ye","Cordoba","8.933718,-75.44666","N"
"EFECTY CALLE 18 AVENIDA HOSPITAL","ACB119523","Cl 18 # 5-45","Cordoba","8.951779,-75.446467","N"
"EFECTY SAHAGUN PLAZA","ACB195026","Cl 14 Cr 9 Esquina Local 2","Cordoba","8.947221,-75.444566","N"
"EFECTY NUEVO SAHAGUN CALLE 12","ACB277384","Cl 12 11-30 Local 2","Cordoba","8.945058,-75.443796","N"
"CONEXRED","ACB309669","Calle 19  13 A  03","Cordoba","8.948828,-75.440087","N"
"EFECTY","ACB352920","Carrera 4 16 22","Cordoba","7.984332,-75.421969","N"
"EFECTY CL 17 ALMA EL BUEN PRECIO","ACB152962","Cl 17 N 6-104","Cordoba","7.983462,-75.420465","N"
"EFECTY URAMITA TIENDA DEPORTIVA","ACB155338","Cl 20 # 17-14","Antioquia","6.89844,-76.174162","N"
"EFECTY CARRERA 7","ACB111493","Cl 15 # 8-67","Cordoba","9.104228,-75.399809","N"
"EFECTY CARRERA 4","ACB111075","Cl 15 # 3-30 Local 1","Sucre","9.523039,-75.583817","N"
"EFECTY LA APARTADA CORDOBA","ACB117082","Cl 20 # 12-84 Pi 1","Cordoba","8.052901,-75.335479","N"
"EFECTY SERVIENTREGA BODEGA 12","ACB110283","Cr 4 # 25-256 Bg 12","Sucre","9.292238,-75.413017","N"
"EFECTY EXPRESS EFECTY NUEVO PIONERO","ACB326697","Cr 6d # 27 F-30","Sucre","9.286643,-75.410122","N"
"EFECTY DG MUNDO MAGICO","ACB326707","Cl 26 F 7 B 55 Barrio Pioneros","Sucre","9.289661,-75.409819","N"
"EFECTY SINCELEJO PIONEROS.","ACB174434","Cl 27 9i 03","Sucre","9.292836,-75.405756","N"
"EFECTY PARQUE PRINCIPAL","ACB113440","Cr 13 # 8-10","Sucre","8.858565,-75.276493","N"
"EFECTY URB MEDITERRANEO","ACB176283","Cl 23g # 9b-286 Urb Mediterraneo","Sucre","9.298274,-75.406298","N"
"EFECTY OLIMPICA AV SAN CARLOS SINCELEJO","ACB138926","Cl 15 # 8-156","Sucre","9.308859,-75.40889","N"
"EFECTY SINCELEJO SAN CARLOS","ACB176678","Cl 15 Nor 12a-123","Sucre","9.307356,-75.403217","N"
"EFECTY SINCELEJO LAS PEÑITAS","ACB118270","Las Peñitas Dg Al Exito Cr 25 # 22-66","Sucre","9.294015,-75.394958","N"
"EFECTY LA PAJUELA","ACB119479","Cr 16 # 21-10","Sucre","9.302641,-75.39709","N"
"GIROS Y FINANZAS CENTRO","ACB020797","Cl 21 # 16-25 Int. De Sao La Pajuela P2","Sucre","9.302704,-75.396526","N"
"MULTIPAGAS","ACB197699","Calle 28 15 A 91","Sucre","9.297279,-75.394185","N"
"MULTIPAGAS","ACB196841","Carrera 18 # 21-75","Sucre","9.301838,-75.395292","N"
"EFECTY CALLE 20 PARQUE CENTRAL","ACB110304","Cl 20 # 20-26 Lc 103","Sucre","9.303422,-75.39407","N"
"CONEXRED","ACB303508","Carrera 21  23 40","Sucre","9.301381,-75.392853","N"
"EFECTY SANTAMARIA 2","ACB326718","Cr 22 # 16a-59 Loc 1 Brr La Ford","Sucre","9.306462,-75.39383","N"
"EFECTY SINCELEJO BARRIO 7 DE AGOSTO.","ACB169968","Cr 24 # 19-68 Local 2","Sucre","9.304678,-75.391583","N"
"CONEXRED","ACB303883","Calle 42 17d 63","Sucre","9.287874,-75.383895","N"
"MULTIPAGAS","ACB199042","Carrera 25 22 133","Sucre","9.302994,-75.388874","N"
"ACCIONES Y VALORES","ACB061365","Carrera 25 22 133 Las Penitas","Sucre","9.303363,-75.387973","N"
"EFECTY TRONCAL VILLA ORIETA","ACB179792","Cr 25 #38 -52 Barrio Berbel","Sucre","9.294547,-75.383455","N"
"EFECTY SERVIENTREGA AVENIDA MARISCAL","ACB110261","Mariscal Sucre Cl 25b-28-31","Sucre","9.302721,-75.38479","N"
"EFECTY EL PORVENIR","ACB155493","Cl 12 # 30-62 El Porvenir","Sucre","9.310696,-75.387784","N"
"EFECTY SINCELEJO LAS MARGARITAS","ACB150531","Cl 24b # 43 A-63 Lc 4 Brr Las Margaritas","Sucre","9.310722,-75.379748","N"
"EFECTY TOLUVIEJOCALLE SAN JOSE","ACB304806","Dg 3 Nr 3a-40 Cl San Jose Centro","Sucre","9.450907,-75.442384","N"
"GIROS Y FINANZAS LA CASTELLANA","ACB020281","Local 1-78","Bolivar","10.392835,-75.486881","Y"
"EFECTY FRONTINO","ACB112296","Parque Principal","Antioquia","6.773198,-76.130512","N"
"EFECTY TARAZA TRONCAL","ACB270035","Cr 28 # 32-115","Antioquia","7.583662,-75.400295","N"
"EFECTY PARQUE PRINCIPAL TARAZA","ACB132810","Cl 29 # 29-25 Parque Principal","Antioquia","7.578398,-75.401432","N"
"EFECTY CL 29 BR SANTA ELENA","ACB306480","Cl 29 # 28a-40 Brr Santa Elena","Antioquia","7.994957,-75.206112","N"
"EFECTY CAUCASIA COMANDO","ACB163742","Cl 30 # 26 A-33 Barrio El Camello","Antioquia","7.99559,-75.204064","N"
"EFECTY MORROA ESQUINA CALIENTE","ACB119930","Cr 21 # 40a 18","Sucre","9.323243,-75.298289","N"
"EFECTY","ACB351303","Calle 5 Cra 27 Esquina","Antioquia","7.97766,-75.20637","N"
"EFECTY EXPRESS EL TRIANGULO CAUCASIA","ACB301375","Cl 8 A N 23-05 Barrio El Triangulo","Antioquia","7.979039,-75.204259","N"
"EFECTY CALLE 30","ACB110898","Cl 30 # 25-11 Corocentro Of 111","Sucre","9.315531,-75.292828","N"
"COOPERATIVA FINANCIERA DE ANTIOQUIA","ACB172553","Cl 20 16   80","Antioquia","7.987222,-75.201111","N"
"MULTIPAGAS","ACB199086","Carrera 20 28 12","Antioquia","7.993356,-75.199524","N"
"EFECTY COROZAL PLAZA PRINCIPAL","ACB127201","Cr 27 # 28-08 Corozal","Sucre","9.314418,-75.291394","N"
"EFECTY CELUVARIEDADES LA TRONCAL.","ACB301386","Cr 20 # 27-15","Antioquia","7.991046,-75.20002","N"
"EFECTY BR EL PALMAR CL 36","ACB301397","Cl 36 # 19-55 Br El Palmar","Antioquia","7.997971,-75.198044","N"
"EFECTY","ACB352975","Cll 11 8a   108 Barrio Lleras","Cordoba","8.313584,-75.14242","N"
"EFECTY","ACB323858","Cl 32  28 09","Sucre","9.317469,-75.291122","N"
"CONEXRED","ACB303894","Carrera 4  3  35","Sucre","9.739058,-75.523845","N"
"EFECTY CAUCASIA PUEBLO NUEVO","ACB272620","Cr 15 # 11-65","Antioquia","7.982027,-75.199736","N"
"EFECTY SAN RAFAEL","ACB277571","Cl 15b N 8a-3 San Rafael","Antioquia","7.985538,-75.197145","N"
"EFECTY CAUCASIA CLARO DIMONEX","ACB179934","Cl 21 # 8-115","Antioquia","7.988781,-75.19618","N"
"EFECTY CALLE LARGA","ACB119325","Cl 19 # 23-04","Sucre","8.660364,-75.133212","N"
"EFECTY EXPRESS EFECTY CELUJHONIS","ACB305500","Av 18 Local 102 Paraguay","Antioquia","7.978631,-75.197834","N"
"CONEXRED","ACB303948","Carrera 31  38b  16","Antioquia","9.323486,-75.288606","N"
"BANCAMIA SAN MARCOS","ACB063619","Kr 24 No 15 22","Cundinamarca","8.657253,-75.131108","N"
"EFECTY SAN MARCOS CL 18","ACB111316","Cl 18 # 25-18 Piso 1","Sucre","8.658434,-75.130586","N"
"EFECTY CAUCASIA CARACOLI CLL 10","ACB174368","Cl 10 Cr 3 # 9a 27","Antioquia","7.980856,-75.194655","N"
"EFECTY SERVIENTREGA CRA 3","ACB077304","Cr 3 # 17-75","Antioquia","7.986436,-75.193116","N"
"EFECTY CAUCASIA VILLA ARABIA 1","ACB304257","Cr 3b 102 Esq Brr Villa Arabia 1","Antioquia","7.97022,-75.196092","N"
"EFECTY LA WED CARACOLI","ACB306039","Cl 6c 02 84 Con Cr 3a 6c-08 Caracoli","Antioquia","7.978377,-75.193827","N"
"CONEXRED","ACB309416","Calle 9b 6 Sur 38","Antioquia","7.980755,-75.192427","N"
"CONEXRED","ACB303003","Calle 15  24  33 Barrio El Centro","Sucre","8.65391,-75.123461","N"
"CONEXRED","ACB309692","Calle 15  34a  50","Sucre","8.654017,-75.123364","N"
"EFECTY EL ROBLE SUCRE","ACB167867","Cr 4 5-16 Centro","Sucre","9.102124,-75.194532","N"
"EFECTY TRES CHORROS","ACB191934","Cr 38 # 18a-05 Brr: La Candelaria","Sucre","8.653147,-75.11605","N"
"EFECTY CAIMITO CRA 11","ACB113428","Cl 14 B # 11-27 Local 2","Sucre","8.790921,-75.116997","N"
"EFECTY CARRERA BOLIVAR","ACB119215","Cr Bolivar # 27-17","Antioquia","6.748746,-76.024576","N"
"EFECTY LOS PALMITOS CENTRO","ACB171387","Cr 11 # 7-67 Cl Real","Sucre","9.380155,-75.268503","N"
"COOPERATIVA FINANCIERA DE ANTIOQUIA","ACB172520","Kr 10  9   23","Antioquia","7.111111,-75.551389","N"
"EFECTY BARRIO GAITAN","ACB194092","Cl 14b Dg 15-08 Brr Gaitan","Sucre","9.251492,-75.14569","N"
"EFECTY SAN BENITO CALL 11","ACB168901","Cl 11 # 17-63","Sucre","8.931263,-75.030651","N"
"EFECTY BAHIA SOLANO LA FLORESTA","ACB127498","Cr 3 # 2-11 Barrio El Carmen","Choco","6.223598,-77.404109","N"
"EFECTY GALERAS - SUCRE","ACB121030","Cl11n.11-59","Sucre","9.161136,-75.047103","N"
"COOPERATIVA FINANCIERA DE ANTIOQUIA","ACB172728","Cl 8  10   39","Antioquia","6.6775,-75.811389","N"
"EFECTY SAN PEDRO SUCRE CRA 9","ACB122404","Cr 9 # 17 15","Sucre","9.396432,-75.063744","N"
"EFECTY ENTRADA DE SAN PEDRO","ACB304103","Cr 9 # 22-09","Sucre","9.400085,-75.062756","N"
"EFECTY CENTRO SERVIENTREGA","ACB110997","Cr 20 # 21-02","Antioquia","6.963478,-75.418141","N"
"COOPERATIVA FINANCIERA DE ANTIOQUIA","ACB172883","Cl 19    19   25","Antioquia","6.963056,-75.416389","N"
"AYV PF YARUMAL","ACB067305","Calle 2a No 1 70","Antioquia","6.962256,-75.416478","N"
"EFECTY YARUMAL MAS Y MAS","ACB117862","Cl 18 # 22-31","Antioquia","6.960652,-75.417378","N"
"EFECTY BUENAVISTA SANTA LUCIA","ACB113978","Cl 8 # 9-10 Barrio Centro","Sucre","9.319319,-74.974768","N"
"COOPERATIVA FINANCIERA DE ANTIOQUIA","ACB172827","Kr  10  9   79","Antioquia","6.556944,-75.827778","N"
"EFECTY","ACB351820","Casa 54 Calle Principal Tangua","Narino","10.9455,-77.39424","N"
"EFECTY","ACB155921","Plaza Principal Cra 14 N 19   6413","Bolivar","9.984085,-75.302383","N"
"EFECTY BARRIO LAS UVAS","ACB191835","Barrio Las Uvas Cl 28 N 28-02 Cr 53","Bolivar","9.717607,-75.123293","N"
"AyV PAGAFACIL CARMEN DE BOLIVAR","ACB368563","Cl 25  51  16 Lc 2","Bolivar","9.716405,-75.120755","N"
"EFECTY CARMEN DE BOLIVAR FRENT HOSPITAL","ACB174335","Cr 57 # 23-55 Frente Al Hospital","Bolivar","9.713185,-75.117093","N"
"EFECTY GAMBOTICO","ACB154975","Cr 63 # 23-34 Local 2","Bolivar","9.711262,-75.112016","N"
"EFECTY URRAO PARQUE DOS","ACB179385","Cl 29 30-03 Parque","Antioquia","6.316558,-76.133977","N"
"COOPERATIVA FINANCIERA DE ANTIOQUIA","ACB172872","Kr 30  28   69","Antioquia","6.316389,-76.133889","N"
"CONEXRED","ACB309384","Carrera 11 10 81","Antioquia","6.979857,-75.296955","N"
"EFECTY CORREGIMIENTO PASACABALLOS","ACB195619","Cl 18 # 5 21 Piso 1 Apto 2 Barrio Centro","Bolivar","10.295502,-75.506585","N"
"EFECTY CALLE 22","ACB111019","Cl 22 # 39-24","Bolivar","9.828645,-75.124444","N"
"EFECTY SAN JACINTO BOLIVAR","ACB128280","Cl 21 # 42-60 San Jacinto","Bolivar","9.828125,-75.122193","N"
"EFECTY BARRIO 20 DE ENERO","ACB153963","Cl 28 N 37-12","Antioquia","8.094899,-74.77792","N"
"EFECTY ANGOSTURA CALLE REAL","ACB179824","Cr 10 # 9-85","Antioquia","6.88516,-75.33539","N"
"MULTIPAGAS","ACB307535","Calle 10  # 10 42","Antioquia","6.501857,-75.742537","N"
"COOPERATIVA FINANCIERA DE ANTIOQUIA","ACB172850","Cl 9  9   5","Antioquia","6.500556,-75.742222","N"
"EFECTY TECNOSERVICIOS P Y P","ACB151059","Cr 10 # 8-46","Antioquia","6.499806,-75.742958","N"
"EFECTY EXPRESS EFECTY CASTILLO CRA 6","ACB324475","Castillo Grande Cr 6 # 5-73","Bolivar","10.396997,-75.55662","N"
"EFECTY","ACB355396","Castillo Grande Kra 6  5   73","Bolivar","10.397272,-75.55652","N"
"AyV PF MAMONAL","ACB067031","Via Mamonal No 7c  39 Block Port Lc 18","Bolivar","10.342609,-75.493942","N"
"GIROS Y FINANZAS BOCAGRANDE","ACB025714","Av San Martín # 7-135 L-3","Bolivar","10.403271,-75.555271","N"
"REDY CARRERA TERCERA","ACB363425","Av  San Martin Cra 2 No 8 146 Lc 112","Bolivar","10.404385,-75.553934","N"
"EFECTY SUCRE CALLE 10","ACB114100","Cl 10 # 2-21","Sucre","8.821842,-74.716651","N"
"EFECTY PARQUE PRINCIPAL","ACB113725","Parque Principal # 28-27","Antioquia","7.075595,-75.148261","N"
"ACCIONES Y VALORES","ACB064434","Carrera 1 No 12 118 Lc 008 Entrada","Bolivar","10.41073,-75.55118","N"
"ACCIONES Y VALORES OLIMPICA BOCAGRANDE","ACB060957","Carrera 2 12 37","Bolivar","10.410426,-75.550822","N"
"EFECTY","ACB351864","Tv 53  21 B   00 No 111 Bosque","Bolivar","10.39066,-75.524608","N"
"EFECTY VEINTE DE JULIO","ACB195202","Br 20 De Julio Mz 2 Lt 8","Bolivar","10.374157,-75.500553","N"
"EFECTY","ACB351886","Cl 24  8 A   344","Bolivar","10.419214,-75.547521","N"
"EFECTY MANGA SECTOR DIAN","ACB078251","Cr 25 # 24-93","Bolivar","10.409083,-75.535377","N"
"EFECTY CARTAGENA NUEVO CAMPESTRE","ACB153721","Urb Nuevo Campestre Mz E Lt 3","Bolivar","10.378863,-75.50004","N"
"EFECTY","ACB351875","Dg 21  45 A   138 Lc 2 3","Bolivar","10.399322,-75.521817","N"
"EFECTY RED PLATINUM EL BOSQUE","ACB199361","Dg 21 # 45 A-20 Barrio El Bosque","Bolivar","10.399539,-75.522032","N"
"EFECTY VICENTE GARCIA","ACB071704","Cl Vicente Garcia # 6-19 Barrio Centro","Bolivar","10.424419,-75.549486","N"
"EFECTY MANGA 1","ACB078217","Cs 1764 Av Jimenez Ed Ana Teresa","Bolivar","10.416293,-75.539994","N"
"EFECTY","ACB279122","Avenida Crisanto Luque No 50  30","Bolivar","10.396882,-75.518113","N"
"MULTIPAGAS","ACB271993","Calle 32 A  8 30","Bolivar","10.423293,-75.547547","N"
"MULTIPAGAS","ACB302925","Calle 32a 8 33 Local 3","Bolivar","10.423853,-75.547786","N"
"EFECTY EXPRESS GETSEMANI CL SAN ANDRES","ACB324925","Getsemani Cl San Andres # 30-60","Bolivar","10.422532,-75.545384","N"
"EFECTY NUEVO BOSQUE SEPTIMA ETAPA","ACB323771","Nuevo Bosque Mz 70 Lote 13","Bolivar","10.389156,-75.508116","N"
"MULTIPAGAS","ACB197721","Calle 31 83b 104","Bolivar","10.423051,-75.545481","N"
"EFECTY CAMPESTRE ETAPA 7","ACB176337","Barrio El Campestre Mza 65 Lt 14 Etapa 7","Bolivar","10.37914,-75.496999","N"
"ACCIONES Y VALORES","ACB066227","Cc Centro Uno","Bolivar","10.424558,-75.546895","N"
"GIROS Y FINANZAS CENTRO","ACB020104","Av Venezuela 8 A-87 L-3 Piso 1","Bolivar","10.424656,-75.546854","N"
"ACCIONES Y VALORES OLIMPICA LA MATUNA","ACB060418","Carrera 9 32 38","Bolivar","10.424294,-75.546064","N"
"EFECTY PUNTO MOVIL CARIBE","ACB114210","C. Plazoleta De Telecom Edf Mariscal","Bolivar","10.423079,-75.544457","N"
"EFECTY MANGA EL TREBOL","ACB324903","Cr 22 # 29a-01 Lc 1 Av La Asamblea","Bolivar","10.413982,-75.533093","N"
"CONEXRED","ACB196203","Mz 1 Ca 16 Brr Ciudadela Comfenalco","Tolima","7.608168,-74.851123","N"
"EFECTY OLIMPICA OUTLET NUEVO BOSQUE","ACB133514","Tv 53 A # 29 E 44 Mz B Lote 1","Bolivar","10.388757,-75.504501","N"
"EFECTY","ACB323892","Kr 79 V  4   00","Bolivar","10.368968,-75.483096","N"
"AYV OLIMPICA BUENOS AIRES","ACB061145","Tv 54 No 41   241","Bolivar","10.388646,-75.502968","N"
"EFECTY","ACB351897","Cl 30  17   109","Bolivar","10.422195,-75.540035","N"
"EFECTY CENTRO-SAN DIEGO","ACB124451","Cr 11 # 37-19 Lc 1 San Diego","Bolivar","10.426837,-75.545133","N"
"ACCIONES Y VALORES","ACB065578","Exito San Diego","Bolivar","10.427106,-75.545385","N"
"MULTIPAGAS","ACB271982","Avenida El Lago   Carrera 22  22  108","Bolivar","10.413623,-75.530074","N"
"EFECTY","ACB353228","Kra19a 29b   253 Local 1","Bolivar","10.418465,-75.535457","N"
"EFECTY EXPRESS DIMONEX PARQUE BRUSELAS","ACB323649","Brr Bruselas Cl Lozano Y Lozano N 42 81","Bolivar","10.403186,-75.517589","N"
"EFECTY LAGUNA SAN LAZARO","ACB323331","Pie De La Popa Cl 29 B # 21d-42","Bolivar","10.415673,-75.531293","N"
"EFECTY RED PLATINUM BAZURTO","ACB128796","Cl 29 C # 25-03 Sc Platanos Arrio Chino","Bolivar","10.412646,-75.527365","N"
"EFECTY PIE DE LA POPA LA FUENTE","ACB324914","Brr Pie De La Popa Kra19a #29b-253 L-1","Bolivar","10.419488,-75.534845","N"
"ACCIONES Y VALORES","ACB063961","Cc Mall Plaza El Castillo","Bolivar","10.425003,-75.540418","N"
"EFECTY MARTINE MARTELO","ACB305391","Martinez Martelo Dg 21 N 28 24","Bolivar","10.409674,-75.521961","N"
"GIROS Y FINANZAS C.C. CARIBE PLAZA","ACB025550","Local 0-10","Bolivar","10.415744,-75.528652","N"
"AYV CC CARIBE PLAZA","ACB067602","Calle 29 D No 22 108 Local 181","Bolivar","10.415608,-75.528335","N"
"AYV PF BAZURTO","ACB066623","Carrera 32 No 25 C 144 Piso 1 Lc 4","Bolivar","10.41354,-75.52569","N"
"EFECTY PIE DEL CERRO CALLE 30","ACB163335","Cl 30 # 20-558 P1 Apto 42 Pie De La Popa","Bolivar","10.419335,-75.531492","N"
"EFECTY","ACB323683","Dg 30  44   69","Bolivar","10.395785,-75.504538","N"
"EFECTY VILLAGRANDE","ACB305928","Mz 27 Lt 16 Lc 2","Bolivar","10.400047,-75.508475","N"
"EFECTY CARTAGENA ED CONCASA CENTRO.","ACB130104","Centro Ed Concasa Piso 1 Local 2","Bolivar","10.400047,-75.508475","N"
"EFECTY CARTAGENA TERMINAL.","ACB156548","Terminal Local 1-01","Bolivar","10.400047,-75.508475","N"
"EFECTY NUEVO BOSQUE","ACB125090","Br Nuevo Bosque Mz 52 Lt 16 7 7","Bolivar","10.400047,-75.508475","N"
"EFECTY LAS RAMBLAS","ACB324882","Avial Km 9 Cc Las Ramblas L-603","Bolivar","10.400047,-75.508475","N"
"EFECTY EXPRESS PUENTE LOS ALPES GAVIOTAS","ACB324893","Tv 71a Dig 31c-05 Br Los Alpes","Bolivar","10.400047,-75.508475","N"
"EFECTY PASEO BOLIVAR CARRERA 17","ACB125210","Cr 17 # 51l-4 Paseo Bolivar","Bolivar","10.400047,-75.508475","N"
"EFECTY OLAYA SECTOR CENTRAL","ACB277791","Olaya Herrera Sec Central C 31 D # 63-51","Bolivar","10.400047,-75.508475","N"
"EFECTY CRISANTO LUQUE","ACB078141","Dg 22 # 42-38 L-1","Bolivar","10.400047,-75.508475","N"
"EFECTY VILLAS DE ARANJUEZ MZ 2","ACB305368","Mz 2 Lt 12 Br Villas De Aranjuez","Bolivar","10.400047,-75.508475","N"
"EFECTY LA CONSOLATA","ACB324860","Mz H L 16 Local 3","Bolivar","10.400047,-75.508475","N"
"EFECTY EL POZON SECTOR VICTOR BLANCO","ACB156339","Pozon Sector Victor Blanco Mz 190 Lote 2","Bolivar","10.400047,-75.508475","N"
"EFECTY CHILE","ACB155613","Barrio Chile Mz 67 Lote 1","Bolivar","10.400047,-75.508475","N"
"EFECTY OLAYA SECTOR CASA DE JUSTICIA","ACB121304","Olaya Herrera Av Pedro Romero","Bolivar","10.400047,-75.508475","N"
"REDY PASEO LA CASTELLANA","ACB363436","Calle 30 No 30 31 Pasillo 02 Ac 30","Bolivar","10.412059,-75.520962","N"
"EFECTY SERVIENTREGA C.C. SAN FERNANDO","ACB078185","Dg 21 # 21a91 Centro Cial Bosque L-6","Bolivar","10.385026,-75.491367","N"
"EFECTY","ACB168329","Lo Amador Carrera 20   34 - 32","Bolivar","10.42341,-75.532705","N"
"EFECTY LOS CORALES","ACB078196","Cr 56b Mz F 17 P 1 Apto 02","Bolivar","10.386964,-75.492416","N"
"EFECTY MARIA AUXILIADORA","ACB119534","Cl 30 Nº38-58","Bolivar","10.408749,-75.515714","N"
"MULTIPAGAS","ACB197501","Av. Pedro De Heredia Cra 13 #31-45","Bolivar","10.41222,-75.518893","N"
"EFECTY EXPRES DIMONEX CONSOLAT VI ISABEL","ACB304477","Br La Consolata Sec Villa Isbabel","Bolivar","10.378153,-75.479652","N"
"COOPERATIVA FINANCIERA DE ANTIOQUIA","ACB172795","Kr  11   18   132 Ed  La Alcaldia","Antioquia","6.4425,-75.727778","N"
"EFECTY BLAS DE LEZO","ACB276558","Blas De Lezo Mz 37 Lote 18 Etapa 4 L-1","Bolivar","10.386981,-75.485838","N"
"AyV PF TRANSITO CARTAGENA","ACB067657","Calle 46 No 2   16 Barrio Marbella","Bolivar","10.434993,-75.538729","N"
"CONEXRED","ACB270200","Mz 16 Lote 12 0","Bolivar","10.394548,-75.491801","N"
"EFECTY TACARIGUA","ACB119941","Av El Bosque Tacarigua Ii Mz 1a Lote 7","Bolivar","10.39428,-75.491382","N"
"AyV PF ARJONA BOLIVAR","ACB066975","Calle 43 No 02","Bolivar","10.248452,-75.345215","N"
"COOPERATIVA FINANCIERA DE ANTIOQUIA","ACB172652","Cl 31  57   106 Local 121 Local 101","Bolivar","10.398333,-75.493889","N"
"EFECTY EXITO BARRIO CONTADORA","ACB277670","Av Pedro Heredia # 69-75 Sec Contadora","Bolivar","10.396168,-75.491214","N"
"EFECTY","ACB323672","Cl 15  82   102","Bolivar","10.378905,-75.472371","N"
"PUERTO COLOMBIA","ACB324464","Calle 2 A No 6 41","Atlantico","10.41108,-75.506814","N"
"EFECTY CRA 41","ACB304741","Cl Del Coco Cr 41 N 49-41 Plaza Ppal","Bolivar","10.25344,-75.34723","N"
"REDY CENTRO COLON","ACB363414","Transversal 54 No 30   763 Lc 33","Bolivar","10.392083,-75.485298","N"
"A Y V EXITO CASTELLANA","ACB067833","Ave Pedro De Heredia No 30 14 Local 113a","Bolivar","10.393847,-75.486705","N"
"EFECTY OLIMPICA ARJONA","ACB136089","Cr 44 # 49-35 Esquina Av El Juncal","Bolivar","10.253442,-75.345418","N"
"EFECTY EXPRESS MERCADO CC EL PUNTAZO","ACB305061","Brr San Pedro Mz5 Lote 12 Local2","Bolivar","10.391394,-75.480739","N"
"BANCAMIA ARJONA","ACB063323","Carrera 41a 48 51","Bolivar","10.25348,-75.343427","N"
"EFECTY","ACB152027","Olaya Herrera Sector Tesca","Bolivar","10.407925,-75.498052","N"
"ACCIONES Y VALORES SAO LA PLAZUELA","ACB060726","Dg 31 No 71 130","Bolivar","10.390363,-75.479036","N"
"EFECTY ALAMEDA LA VICTORIA MZ A","ACB276943","Mz A Lote 1 Alameda La Victoria","Bolivar","10.384323,-75.472449","N"
"GIROS Y FINANZAS LA PLAZUELA","ACB020786","Cr Troncal De Occidente 71-30l-245 P-2","Bolivar","10.390757,-75.478942","N"
"EFECTY TURBACO ALTOS DE PLAN PAREJO","ACB324859","Mz J Lt 1 Br Altos De Plan Parejo","Bolivar","10.343563,-75.428661","N"
"EFECTY HORIZONTE ETAPA 5","ACB324848","Mz 4 Lote 7 Etapa 5 Barrio Horizonte","Bolivar","10.343563,-75.428661","N"
"EFECTY LAS GAVIOTAS AV PRINCIPAL","ACB191824","Mz 35 Lote 32 L-103 4 Eta Las Gaviotas","Bolivar","10.400778,-75.488612","N"
"AyV PAGAFACIL TURBACO","ACB368596","Cl 17  18 26","Bolivar","10.329885,-75.414823","N"
"EFECTY POZO REAL","ACB160585","Cl 50 # 37-09 Pi 1 Lc 1 Pozo Real","Bolivar","10.254714,-75.34166","N"
"EFECTY","ACB323694","Kr 71 A  42   45 Lc 4 Victoria","Bolivar","10.391456,-75.477185","N"
"EFECTY CENTRO COMERCIAL LOS EJECUTIVOS","ACB151873","Cl 31 # 58-118 Lc 68","Bolivar","10.405148,-75.49186","N"
"A Y V HOMECENTER SAN FERNANDO","ACB065424","Cl 31 No 82  112 Lc E2  Piso 2","Atlantico","10.383573,-75.468497","N"
"EFECTY CALLE SAN ROQUE TURBACO","ACB195488","Cr 12 N. 10-16 Cl San Roque","Bolivar","10.326277,-75.409049","N"
"EFECTY EL RODEO","ACB160640","Cl 31 # 102-12 Eds El Rodeo","Bolivar","10.380284,-75.463183","N"
"AYV PF SANTA ROSA DE OSOS","ACB066359","Carrera 31 No 30   51 Supermercado 3","Antioquia","6.649434,-75.46145","N"
"EFECTY CARTAGENA LA CONCEPCION","ACB308899","Dg 31 # 71 B 23 La Concepcion","Bolivar","10.391658,-75.473884","N"
"EFECTY NUEVO PLAZA PRINCIPAL","ACB277405","Cl 17 # 13-40","Bolivar","10.329746,-75.409958","N"
"EFECTY AVE. PASTRANA","ACB115738","Av Pastrana # 23-82","Bolivar","10.332928,-75.412673","N"
"EFECTY","ACB358508","Cr 7d  29 11 Brr Ciudad Blanca","Antioquia","6.648652,-75.460898","N"
"EFECTY CALDAS CRA.29","ACB114539","Cr 29 # 30 B-24","Antioquia","6.6491,-75.460205","N"
"EFECTY","ACB301353","Urb El Gallo Tranv 76  33 21 Local 2","Bolivar","10.399465,-75.481177","N"
"EFECTY LA CRUZ","ACB302398","Urb La Cruz Mz L Lote 9","Bolivar","10.334638,-75.412672","N"
"EFECTY RODEO SECTOR 3","ACB304949","Rodeo Sector 3 Mz 5 Lt 1","Bolivar","10.334638,-75.412672","N"
"EFECTY PLAN PAREJO CARRETERA TRONCAL","ACB155185","Cr 15 # 27-106 Plan Parejo","Bolivar","10.33551,-75.413504","N"
"CONEXRED","ACB303982","Carrera 30 29 22","Norte De Santander","6.647659,-75.459929","N"
"EFECTY TURBACO BARRIO EL PAPAYAL","ACB277373","Cr 14 # 28-17","Bolivar","10.335217,-75.412548","N"
"EFECTY C.C MALL PLAZA EL CASTILLO","ACB139037","C.c. Mall Plaza El Castillo Cr 13 Numero","Bolivar","10.44174,-75.525506","N"
"EFECTY UNIDAD MOVIL ANTIOQUIA","ACB127047","Cr 48 # 78-19","Antioquia","6.646759,-75.460094","N"
"EFECTY SERVIENTREGA","ACB115387","Cl Caldas # 30-35","Antioquia","6.644908,-75.460413","N"
"EFECTY BARRIO 2 DE NOVIEMBRE","ACB176041","Barrio Dos De Noviembre Cr 14 # 10-50","Bolivar","9.239026,-74.759298","N"
"EFECTY MAGANGUE C.C BABILONIA","ACB127849","C.c Babilonia Cl 16 # 34-35","Bolivar","9.239742,-74.759094","N"
"EFECTY SAN JOSE KR 100","ACB124550","Cr 100 #36 A-51","Bolivar","10.385276,-75.460561","N"
"EFECTY BELLAVISTA.","ACB276998","Cl 30 12-85 Cl Principal","Bolivar","10.337229,-75.410183","N"
"EFECTY HUELLAS DE URIBE CARRERA 102","ACB176690","Cr 102 # 39 40 Mz A Lt 1","Bolivar","10.384464,-75.458295","N"
"EFECTY OLAYA SECTOR ESTELA","ACB304268","Cl 32b # 69b- 36 Av Pedro Romero","Bolivar","10.40506,-75.479427","N"
"CONEXRED","ACB197941","Cl 16 16 40 Montecatini","Bolivar","9.245239,-74.757934","N"
"EFECTY BARRIO SAN JOSE","ACB115596","Cl 16 # 15 Esquina Local 1","Bolivar","9.244571,-74.757218","N"
"EFECTY LAS PALMERAS MZ 48","ACB323759","Mz 48 Lt 37 Br Las Palmeras","Bolivar","10.400716,-75.472756","N"
"EFECTY CALLE CORDOBA","ACB155361","Cl Cordoba N 41-19","Antioquia","7.486818,-74.867258","N"
"EFECTY","ACB323760","Br Las Palmeras Mz 8 Lt 1  Lc 1 01","Bolivar","10.401735,-75.472635","N"
"EFECTY CRESPO","ACB078228","Cl 70 # 3-31","Bolivar","10.444842,-75.517774","N"
"MULTIPAGAS","ACB199327","Calle 71 3-89  Aeropuerto Rafael Nuñez","Bolivar","10.446452,-75.516454","N"
"AYV EXITO MAGANGUE","ACB067129","Calle 16 No 10  221 Lc 116","Bolivar","9.240233,-74.751022","N"
"EFECTY EXPRESS EFECTY BARRIO CENTRO","ACB304950","Barrio Centro Cl 11 N 10-37","Bolivar","9.950704,-75.08319","N"
"EFECTY BARRIO SUR.","ACB307162","Barrio Sur Cr 3 N 9-05","Bolivar","9.228972,-74.744426","N"
"EFECTY MAGANGUE","ACB118445","Av Lequerica Velez # 4-25","Bolivar","9.237035,-74.746084","N"
"EFECTY PRINCIPAL","ACB079702","Tv 4 # 3-39 Cl La Logia","Bolivar","9.231946,-74.744189","N"
"EFECTY EL BAGRE CALLE DEL COMERCIO","ACB154492","Cr 48 # 57-15","Antioquia","7.603603,-74.810548","N"
"AYV BANCAMIA MAGANGUE","ACB062410","Carrera 15 No 3  54","Bolivar","9.23481,-74.744102","N"
"EFECTY MAGANGUE CL SAN CLEMENTE","ACB171343","Cl 15 # 3-51 Barrio Centro","Bolivar","9.234674,-74.743884","N"
"EFECTY EL BAGRE BARRIO PROVIVIENDA","ACB122383","Cl 53 # 47-00 Frente A La Flota Nordeste","Antioquia","7.600849,-74.80983","N"
"EFECTY PUERTO CLAVER EL BAGRE","ACB163434","Puerto Claver Cl El Sucre","Antioquia","7.601303,-74.805289","N"
"EFECTY BR 20 DE JULIO","ACB306567","Cl 48d # 41- 02","Antioquia","7.601303,-74.805289","N"
"EFECTY POZON TRAV 72","ACB301331","Tv 72 Mz 47 Lot 13 Barrio Pozon","Bolivar","10.405846,-75.455701","N"
"EFECTY ENTRERRIOS COPYNET","ACB194773","Cr 12 N 9-33","Antioquia","6.566529,-75.517101","N"
"EFECTY PRINCIPAL LICEO","ACB115903","Mz A Lote 19","Antioquia","7.597643,-74.805621","N"
"EFECTY POZON CRA 88 MZ 105","ACB301342","Cr 88 Mz 105-18 Barrio El Pozon","Bolivar","10.409955,-75.455878","N"
"EFECTY BARRIO PANAMA","ACB155635","Cl 5 24-46 Barrio Panama","Sucre","8.541933,-74.633537","N"
"EFECTY POZON MZ 172","ACB302705","Cr 88 Mz 172 Lote 17 Piso 1","Bolivar","10.415463,-75.460856","N"
"EFECTY MAJAGUAL CALLE DE LA IGLESIA.","ACB190229","Cr 19 # 5-49 Loc 2","Sucre","8.540819,-74.62982","N"
"EFECTY","ACB351369","Carrera Bolivar  9   65","Antioquia","6.30341,-75.85398","N"
"EFECTY MAJAGUAL CENTRO","ACB113648","Cl 5 # 17 13","Sucre","8.540184,-74.62894","N"
"EFECTY FLOR DELCAMPO","ACB304202","Mz 2a Lote 6 Apto 1 B Flor Del Campo","Bolivar","10.418333,-75.446613","N"
"EFECTY GUADALUPE CR 50","ACB114023","Cr 50 # 51-29","Antioquia","6.815427,-75.240548","N"
"EFECTY SHOPPING CENTER 2","ACB300626","Cl 71 Cr 4 Br La Plazuela","Bolivar","10.477996,-75.493649","N"
"EFECTY EXPRESS DIMONEX EBEJICO","ACB195774","Cr 17 N 20-15","Antioquia","6.326498,-75.767505","N"
"EFECTY EBEJICO CALLE 18","ACB113891","Cl 18 # 18-23","Antioquia","6.326092,-75.76801","N"
"COOPERATIVA FINANCIERA DE ANTIOQUIA","ACB172816","Cl 50  49 B 14","Antioquia","6.462222,-75.555833","N"
"EFECTY CAROLINA DEL PRINCIPE","ACB114034","Cl 50 # 48-80","Antioquia","6.723866,-75.280801","N"
"EFECTY CORREGIMIENTO DEL VISO","ACB278484","Cruz Del Viso Km 48 Cr Troncal De Occi.","Bolivar","10.233044,-75.191485","N"
"EFECTY MALAGANA BOLIVAR","ACB120260","Cr 14 # 13 06","Bolivar","10.236995,-75.188475","N"
"EFECTY SAN JOSE OFICINA TELECOM","ACB113868","Cl San Jose Contiguo Al Hospital","Bolivar","8.569875,-74.556441","N"
"EFECTY ACEVEDO PARQUE CENTRAL CALLE 9","ACB277065","Cl 9 # 5-52","Huila","1.805111,-75.888337","N"
"EFECTY CORREGIMIENTO DE SAN ADOLFO","ACB170089","Cl Principal Frente Estacion","Huila","1.805111,-75.888337","N"
"EFECTY PRINCIPAL CALLE 7","ACB111789","Cl 7 # 4-28","Huila","1.8056,-75.889777","N"
"EFECTY TERMINAL DE TRANSPORTES PITALITO.","ACB324837","Edif Terminal De Transportes Local 1 66","Huila","1.86486,-76.03245","N"
"EFECTY CAMBULOS CRA 1 CON 15","ACB302112","Cr 1 # 15-11","Huila","1.853929,-76.038251","N"
"EFECTY RODRIGO LARA CALLE 26","ACB139961","Cl 26 # 5 06","Huila","1.862391,-76.035836","N"
"EFECTY","ACB351842","Cl 9  1 B   20","Huila","1.852107,-76.042971","N"
"EFECTY BARRIO AGUA BLANCA CALLE 6","ACB171486","Cl 6 # 1a-49 B. Agua Blanca","Huila","1.849724,-76.044133","N"
"CONEXRED","ACB199185","Cr 3   9 82 - Sur Brr Panorama","Huila","1.854062,-76.042916","N"
"EFECTY LOS GUADUALES","ACB174676","Cr 6 # 15-23","Huila","1.858131,-76.042129","N"
"EFECTY CELL SERVICES PITALITO","ACB321791","Cr 3 # 8-54","Huila","1.852367,-76.044242","N"
"EFECTY CRA 4 CON 8","ACB154018","Cr 4 # 8 83","Huila","1.853463,-76.044591","N"
"EFECTY","ACB273083","Carrera 2  2   54","Huila","1.849438,-76.045924","N"
"MULTIPAGAS","ACB358618","Cra 3  4   78","Huila","1.850984,-76.045692","N"
"EFECTY CORREGIMIENTO DE BRUSELAS","ACB302091","Cr 3 N 5-17","Huila","1.851071,-76.045835","N"
"EFECTY","ACB350896","Carrera 5 4   51","Huila","1.853448,-76.045667","N"
"EFECTY BARRIO SUCRE CALLE 10","ACB179396","Cl 10 # 6-08","Huila","1.855459,-76.045172","N"
"EFECTY CENTRO CALLE 6","ACB116993","Cl 6 # 4-22","Huila","1.851924,-76.046397","N"
"MULTIPAGAS","ACB197413","Calle 5 No. 4 -47","Huila","1.851466,-76.047116","N"
"EFECTY","ACB351831","Cl 4  4   16","Huila","1.850691,-76.04743","N"
"EFECTY","ACB351853","Av Circunvalar 9 A   56 Local 1 Y 2","Huila","1.855608,-76.046499","N"
"EFECTY PITALITO BARRIO LA TRINIDAD","ACB302101","Cl 2 Sur # 4 -110","Huila","1.848085,-76.049881","N"
"EFECTY VILLA DEL PRADO CARRERA 15","ACB309207","Cr 15 # 16-14","Huila","1.863856,-76.04696","N"
"EFECTY CAMARA DE COMERCIO","ACB119260","Av Pastrana Nº 11 Sur-247","Huila","1.853511,-76.050722","N"
"EFECTY CL 10 FRENTE A LA GALERIA","ACB134735","Cl 10 # 13-45","Huila","1.860185,-76.04923","N"
"EFECTY CARRERA 4","ACB112186","Cr 4 # 9-21","Huila","1.971921,-75.931384","N"
"EFECTY AVENIDA PASTRANA","ACB307052","Cr 3 # 9 Sur-82","Huila","1.846158,-76.056692","N"
"EFECTY CALAMO SANTA CLARA","ACB118489","Cl 5 # 16 A-107","Huila","1.858182,-76.054281","N"
"EFECTY DIVINO NIÑO..","ACB164480","Cl 8b # 18 04","Huila","1.86174,-76.053224","N"
"EFECTY MULTISERVI GRAN PLAZA SAN ANTONIO","ACB304675","Cr 15 # 19 A-01 Sur B-17","Huila","1.849742,-76.064713","N"
"EFECTY CORREGIMIENTO GUAYABAL CL 4","ACB302343","Cr 4 # 5-41","Huila","1.976253,-75.794269","N"
"EFECTY SUPER MERCADO LOS GEMELOS CL 7.","ACB274138","Cl 7 # 7-20 Barrio Simon Bolivar","Huila","1.977887,-75.796692","N"
"EFECTY","ACB356122","Km 4 Via Al Batallon Magdalena","Huila","1.842723,-76.096799","N"
"EFECTY","ACB351062","Km 4 Via Al Batallon Magdalena","Huila","1.842723,-76.096799","N"
"EFECTY CALLE PRINCIPAL","ACB115826","Cl 2 # 3-231","Huila","1.991715,-76.044625","N"
"EFECTY CALLE 2 CON 6 ESQUINA","ACB278659","Cl 2 # 6-61","Huila","1.991358,-76.045581","N"
"EFECTY OPORAPA CALLE PRINCIPAL","ACB127542","Cl 5 7-04","Huila","2.02571,-75.994967","N"
"EFECTY VEREDA SAN ROQUE OPORAPA","ACB306897","Vereda San Roque","Huila","2.025856,-75.994967","N"
"EFECTY","ACB178713","Cl 1  1   31","Huila","1.723972,-76.13281","N"
"EFECTY CENTRO CALLE 3*","ACB179527","Cl 3 # 3-68 Barrio Centro","Huila","2.025514,-75.754649","N"
"EFECTY BARRIO CENTRO PRINCIPAL","ACB111943","Cl 3 A # 5-51","Huila","2.027409,-75.754888","N"
"EFECTY FERRETERIA CIUDADELA CALLE 34","ACB326763","Cl 34 N 30-46","Caqueta","1.626426,-75.634828","N"
"EFECTY CIUDADELA SIGLO XXI CRA 30 A","ACB179583","Cr 30 A # 32 A-24 Cd Siglo Xxi Barrio","Caqueta","1.625451,-75.634544","N"
"EFECTY VEREDA EL VERGEL TARQUI","ACB325092","Vereda El Vergel","Huila","2.112382,-75.823484","N"
"EFECTY CENTRO","ACB111954","Cl 4 8-66","Huila","2.113452,-75.823967","N"
"CONEXRED","ACB309515","Carrera 8  4  48","Huila","2.114098,-75.82378","N"
"EFECTY","ACB351381","Carrera 30 24 30","Caqueta","1.6195,-75.63136","N"
"EFECTY","ACB357486","Mz A  48 Ca 22 Brr La Gloria","Caqueta","1.60875,-75.632982","N"
"EFECTY BARRIO LA PAZ CARRERA 1","ACB309263","Cr 9 # 33b-41 Barrio La Victoria","Caqueta","1.63496,-75.614598","N"
"EFECTY","ACB355110","Calle 34 N 30 46","Caqueta","1.636218,-75.609866","N"
"EFECTY LA CONSOLATA CARRERA 14","ACB130818","Cr 14 # 20-50","Caqueta","1.619612,-75.616734","N"
"EFECTY","ACB321175","Calle 21 A Nro 3 A Bis   21 Local 2","Caqueta","1.620271,-75.616147","N"
"EFECTY ESTACION DE SERVICIO EL ROBLE","ACB122075","Cr 1 # 32-91","Caqueta","1.633282,-75.606455","N"
"EFECTY BATALLON JUANAMBU","ACB120600","Cr 15 # 15-89","Caqueta","1.614921,-75.6165","N"
"EFECTY CARRERA 11 CALLE 18","ACB078482","Cr 11 # 18-48 Centro","Caqueta","1.618202,-75.613605","N"
"EFECTY NUEVA FLORENCIA TRANSV 15","ACB324826","Tv 15 N. 15 B-21","Caqueta","1.61437,-75.616072","N"
"EFECTY L Y L AFILIACIONES CALLE 18","ACB306820","Cl 18 N 10-78","Caqueta","1.618304,-75.613064","N"
"EFECTY FRENTE AL RINCON MORELIANO CRA 14","ACB156483","Cr 14 # 14 56 Barrio El Centro","Caqueta","1.614618,-75.615386","N"
"MULTIPAGAS","ACB197424","Carrera 13 # 14-37","Caqueta","1.614494,-75.614433","N"
"EFECTY CENTRO COMERCIAL LA 11","ACB125584","Cr 11 # 15-65 Lc 8","Caqueta","1.616133,-75.613227","N"
"EFECTY SERVICIOS ORO CENTRO","ACB302628","Cr 11 # 15-39 Lc 238 Cc Oro Centro","Caqueta","1.615631,-75.613081","N"
"EFECTY DROGUERIA EL TERMINAL","ACB324705","Terminal De Transporte Local 109","Caqueta","1.619172,-75.610418","N"
"EFECTY SANTANDER PLAZA CALLE 15","ACB321131","Cl 15 N 10-58 Lc 209 Centro","Caqueta","1.615739,-75.612299","N"
"EFECTY PRINCIPAL","ACB117367","Cl 14 # 10-56","Caqueta","1.614938,-75.612048","N"
"EFECTY CENTRO CALLE 13","ACB078493","Cl 13 # 10-53","Caqueta","1.613698,-75.612702","N"
"EFECTY","ACB356155","Calle 14 Carrera 7 Esquina","Caqueta","1.617449,-75.61002","N"
"EFECTY BARRIO BUENOS AIRES TRANSV.5","ACB301517","Tv 5 # 18-23","Caqueta","1.620087,-75.608191","N"
"EFECTY EL RAICERO CLL 14","ACB351095","Cl 14 Cr 7 Esquina","Caqueta","1.615594,-75.609762","N"
"EFECTY DIMONEX LA ESTRELLA CALLE 11","ACB195181","Cl 11 # 9 A-22","Caqueta","1.613399,-75.611187","N"
"EFECTY FLORENCIA BARRIO LOS ALPES","ACB321186","Cl 20 N 2-152 Barrio Los Alpes","Caqueta","1.624959,-75.603429","N"
"EFECTY ACACIAS FLORENCIA CALLE 20","ACB306875","Cl 20 N 1-91","Caqueta","1.626604,-75.602051","N"
"EFECTY","ACB351271","Calle 13 6   05","Caqueta","1.61546,-75.60836","N"
"EFECTY UNIVERSIDAD CRA. 3","ACB132360","Tv 6 # 15-36 Barrio Porvenir","Caqueta","1.618432,-75.606055","N"
"EFECTY BRR RINCON DE LA ESTRELLA CL 17","ACB152522","Cl 17 # 2 B-75 B. Rincon De La Estrella","Caqueta","1.622801,-75.60221","N"
"EFECTY FARMASALUD LAS PALMERAS","ACB301551","Lote 13 Mz 5","Caqueta","1.619018,-75.604151","N"
"EFECTY FLORENCIA CENTENARIO CLL 9","ACB302695","Cl 11a # 5-38 Este Br Centenario","Caqueta","1.619018,-75.604151","N"
"EFECTY LOTE 6, EL PUERTO","ACB321142","Lote 6 Brr El Puerto","Caqueta","1.619018,-75.604151","N"
"EFECTY PAPELERIA EL TERMINAL FLORENCIA","ACB307645","Cl 21 N 21-02","Caqueta","1.619018,-75.604151","N"
"EFECTY WIFI ZONE NUEVA COLOMBIA","ACB301562","Casa 35 Cr 2m # 7-56","Caqueta","1.619018,-75.604151","N"
"EFECTY CARRERA 11 COMANDO DE POLICIA","ACB078503","Cr 11 # 8-58","Caqueta","1.610563,-75.608315","N"
"EFECTY BARRIO VENTILADOR CALLE 16","ACB301539","Cl 16 N 4 Este-70","Caqueta","1.627749,-75.596708","N"
"EFECTY LAS AVENIDAS CARRERA 9 B","ACB136825","Cr 9 B # 7-15 Barrio Las Avenidas","Caqueta","1.61125,-75.607285","N"
"EFECTY BATALLON LARANDIA","ACB117378","Batallon Larandia","Caqueta","1.614294,-75.604793","N"
"EFECTY FLORENCIA JUAN XXIII CRA 15","ACB307667","Cr 15 N 6-33","Caqueta","1.607793,-75.608062","N"
"EFECTY LAS AVENIDAS CRA 9 FLORENCIA","ACB321153","Cr 9 N 5 -23 Las Avenidas","Caqueta","1.611088,-75.605155","N"
"EFECTY TRANSVERSAL 6,BERLIN PAPELERIA","ACB306622","Tv 6 N 5a-09","Caqueta","1.611176,-75.604984","N"
"EFECTY","ACB351413","Carrera 5d 2 52","Caqueta","1.61246,-75.60286","N"
"EFECTY","ACB351468","Calle 4 5 04","Caqueta","1.6121,-75.60286","N"
"EFECTY FLORENCIA VERSALLES CALLE 4 A","ACB301540","Cl 4 A # 14-50","Caqueta","1.606555,-75.605303","N"
"CONEXRED","ACB307294","Carrera 3a  15  11","Caqueta","1.605525,-75.603649","N"
"EFECTY TERMINALITO CALLE 3","ACB128752","Cl 3 # 11-31","Caqueta","1.606992,-75.601808","N"
"EFECTY FLORENCIA BARRIO TOVAR CRA 7","ACB307678","Cr 7 N 2a-02","Caqueta","1.610145,-75.598395","N"
"EFECTY CALLE 5 COMANDO DE POLICIA","ACB118104","Cl 5 4-20","Huila","1.930483,-76.215494","N"
"EFECTY PARQUE PPAL DROGUERIA OLIMPICA","ACB168088","Cr 2 # 2-59","Caqueta","1.486912,-75.726644","N"
"EFECTY VILLAMONICA ETAPA 1","ACB321164","Cr 18 # 3 As-19","Caqueta","1.598783,-75.595618","N"
"EFECTY LOS ANGELES CALLE 19B.","ACB301528","Cl 19b Sur # 10-78","Caqueta","1.603202,-75.578228","N"
"EFECTY BELEN DE LOS ANDAQUIES CARRERA 5A","ACB323430","Cr 5 # 5-66","Caqueta","1.41996,-75.872321","N"
"CONEXRED","ACB309779","Calle 13  16  65","Huila","1.884828,-76.271725","N"
"EFECTY PARQUE PRINCIPAL SAN AGUSTIN","ACB168736","Cr 14 # 2-51","Huila","1.882763,-76.273818","N"
"EFECTY SAN JOSE OFICINA TELECOM","ACB113868","Cl San Jose Contiguo Al Hospital","Bolivar","8.569875,-74.556441","N"
"EFECTY MAJAGUAL CENTRO","ACB113648","Cl 5 # 17 13","Sucre","8.540184,-74.62894","N"
"EFECTY MAJAGUAL CALLE DE LA IGLESIA.","ACB190229","Cr 19 # 5-49 Loc 2","Sucre","8.540819,-74.62982","N"
"EFECTY BARRIO PANAMA","ACB155635","Cl 5 24-46 Barrio Panama","Sucre","8.541933,-74.633537","N"
"EFECTY SUCRE CALLE 10","ACB114100","Cl 10 # 2-21","Sucre","8.821842,-74.716651","N"
"EFECTY PINILLOS - BOLIVAR","ACB121337","Cl 10 # 6 38","Bolivar","8.914265,-74.461381","N"
"EFECTY BARRIO 20 DE ENERO","ACB153963","Cl 28 N 37-12","Antioquia","8.094899,-74.77792","N"
"EFECTY TRES CHORROS","ACB191934","Cr 38 # 18a-05 Brr: La Candelaria","Sucre","8.653147,-75.11605","N"
"CONEXRED","ACB309692","Calle 15  34a  50","Sucre","8.654017,-75.123364","N"
"CONEXRED","ACB303003","Calle 15  24  33 Barrio El Centro","Sucre","8.65391,-75.123461","N"
"EFECTY SAN MARCOS CL 18","ACB111316","Cl 18 # 25-18 Piso 1","Sucre","8.658434,-75.130586","N"
"BANCAMIA SAN MARCOS","ACB063619","Kr 24 No 15 22","Cundinamarca","8.657253,-75.131108","N"
"EFECTY CALLE LARGA","ACB119325","Cl 19 # 23-04","Sucre","8.660364,-75.133212","N"
"EFECTY SAN BENITO CALL 11","ACB168901","Cl 11 # 17-63","Sucre","8.931263,-75.030651","N"
"EFECTY CAIMITO CRA 11","ACB113428","Cl 14 B # 11-27 Local 2","Sucre","8.790921,-75.116997","N"
"EFECTY SAN MARTIN CRA 24","ACB277911","Cr 24 N 19-54","Bolivar","8.935517,-74.037189","N"
"EFECTY","ACB352975","Cll 11 8a   108 Barrio Lleras","Cordoba","8.313584,-75.14242","N"
"EFECTY BARRIO LA CRUZ","ACB194926","Barrio La Cruz Cr 2 N 10-37","Bolivar","9.232201,-74.417727","N"
"EFECTY CR 3 TRES CRUCES CL DE ATRAS","ACB159574","Cr 3 # 14-150","Bolivar","9.23695,-74.422893","N"
"AYV PF MOMPOS","ACB067558","Calle 18 N 1   26 Centro","Bolivar","9.239205,-74.428026","N"
"EFECTY PLAZA DE LA CONCEPCION","ACB120413","Cl 18 # 1b 03","Bolivar","9.241105,-74.424062","N"
"EFECTY BARRIO SUR.","ACB307162","Barrio Sur Cr 3 N 9-05","Bolivar","9.228972,-74.744426","N"
"EFECTY MOMPOX CRA 3","ACB137530","Cr 3 # 20-86","Bolivar","9.243432,-74.426891","N"
"EFECTY PRINCIPAL","ACB079702","Tv 4 # 3-39 Cl La Logia","Bolivar","9.231946,-74.744189","N"
"EFECTY MAGANGUE CL SAN CLEMENTE","ACB171343","Cl 15 # 3-51 Barrio Centro","Bolivar","9.234674,-74.743884","N"
"AYV BANCAMIA MAGANGUE","ACB062410","Carrera 15 No 3  54","Bolivar","9.23481,-74.744102","N"
"EFECTY MAGANGUE","ACB118445","Av Lequerica Velez # 4-25","Bolivar","9.237035,-74.746084","N"
"EFECTY","ACB307029","Cl 5  7   59","Magdalena","9.236518,-74.353114","N"
"EFECTY FRENTE A LA ALCALDIA MAGDALENA","ACB113297","Cl 5 # 3-92","Magdalena","9.236495,-74.35294","N"
"CONEXRED","ACB279980","Calle 5 14 5 Barrio Centro","Magdalena","9.236668,-74.352983","N"
"EFECTY DIMONEX SAN SEBASTIAN BUENAVISTA","ACB308712","Cl 6 # 4 20","Magdalena","9.236871,-74.352331","N"
"AYV EXITO MAGANGUE","ACB067129","Calle 16 No 10  221 Lc 116","Bolivar","9.240233,-74.751022","N"
"EFECTY BARRIO 2 DE NOVIEMBRE","ACB176041","Barrio Dos De Noviembre Cr 14 # 10-50","Bolivar","9.239026,-74.759298","N"
"EFECTY MAGANGUE C.C BABILONIA","ACB127849","C.c Babilonia Cl 16 # 34-35","Bolivar","9.239742,-74.759094","N"
"EFECTY BARRIO SAN JOSE","ACB115596","Cl 16 # 15 Esquina Local 1","Bolivar","9.244571,-74.757218","N"
"CONEXRED","ACB197941","Cl 16 16 40 Montecatini","Bolivar","9.245239,-74.757934","N"
"EFECTY RIO VIEJO PRINCIPAL","ACB304796","Barrio Av Pablo Sexto","Bolivar","8.588566,-73.840259","N"
"BANCAMIA ELBANCO","ACB062146","Cl 11 No 2a 61","Magdalena","8.991452,-73.973929","N"
"EFECTY CICUCO CALLE 8","ACB174171","Cl 8 # 5-48 Sector Oriental","Bolivar","9.276572,-74.646917","N"
"AYV PF BANCO MAGDALENA","ACB066986","Calle 7 No 4   33 Lc 3","Magdalena","8.993488,-73.971292","N"
"EFECTY","ACB128400","Calle 7 6 56 Centro","Magdalena","8.99453,-73.971594","N"
"EFECTY REGIDOR","ACB123702","Cl 6 # 4-53 Barrio Nuevo Milenio","Bolivar","8.662512,-73.823768","N"
"EFECTY BARRIO LA LIBERTAD","ACB277834","Barrio La Libertad Cl 5 N 9 -84","Bolivar","8.990256,-73.950316","N"
"EFECTY CALLE PRINCIPAL","ACB121085","Cl 5 # 9 76","Bolivar","8.990247,-73.950287","N"
"EFECTY CORREGIMIENTO PEÑONCITO","ACB277856","Correg Peñoncito Cl 8 N 5-44","Bolivar","8.989055,-73.949137","N"
"EFECTY CALLE 2","ACB112779","Cl 2 # 4-78","Cesar","8.617328,-73.803804","N"
"EFECTY POLIDEPORTIVO","ACB176030","Cr 8 Cr 8-02","Magdalena","9.323131,-74.569588","N"
"EFECTY SECTOR LOS TUBOS","ACB156119","Sector Los Tubos Cr 8 # 11-21","Magdalena","9.323131,-74.569588","N"
"EFECTY MAGDALENA","ACB111383","Cl 3 # 7-06","Magdalena","9.325308,-74.571619","N"
"EFECTY GALERAS - SUCRE","ACB121030","Cl11n.11-59","Sucre","9.161136,-75.047103","N"
"EFECTY PARQUE PRINCIPAL","ACB113440","Cr 13 # 8-10","Sucre","8.858565,-75.276493","N"
"EFECTY PIJIÑO FRENTE A LA POLICIA","ACB129720","Cl 10 6 A-27","Magdalena","9.332531,-74.455162","N"
"EFECTY SECTOR POLIDEPORTIVO","ACB164183","Cl 12 # 9-43 Av Betania","Bolivar","7.96427,-74.052169","N"
"EFECTY ENTRADA TAMALAMEQUE","ACB191406","Av 9 B # 9-16","Cesar","8.861931,-73.810756","N"
"EFECTY TAMALAMEQUE","ACB121766","Cl 4 # 5 -27","Cesar","8.861931,-73.810756","N"
"EFECTY TAMALAMEQUE CL CENTRO CL 5","ACB127212","Cl 5 # 8-14 Local 2","Cesar","8.861931,-73.810756","N"
"EFECTY EL ROBLE SUCRE","ACB167867","Cr 4 5-16 Centro","Sucre","9.102124,-75.194532","N"
"EFECTY CALLE DEL COMERCIO","ACB111767","Cl 6 # 4a-53","Cesar","8.320902,-73.744868","N"
"EFECTY GAMARRA PARQUE PRINCIPAL","ACB121436","Cr 9 # 6-25","Cesar","8.321851,-73.741525","N"
"EFECTY BR EL PALMAR CL 36","ACB301397","Cl 36 # 19-55 Br El Palmar","Antioquia","7.997971,-75.198044","N"
"EFECTY SERVIENTREGA CRA 3","ACB077304","Cr 3 # 17-75","Antioquia","7.986436,-75.193116","N"
"MULTIPAGAS","ACB199086","Carrera 20 28 12","Antioquia","7.993356,-75.199524","N"
"EFECTY BUENAVISTA SANTA LUCIA","ACB113978","Cl 8 # 9-10 Barrio Centro","Sucre","9.319319,-74.974768","N"
"EFECTY CAUCASIA CLARO DIMONEX","ACB179934","Cl 21 # 8-115","Antioquia","7.988781,-75.19618","N"
"EFECTY SIMITI CALLE REAL","ACB166196","Cr 6 # 13a-09","Bolivar","7.957097,-73.946404","N"
"EFECTY SIMITI BARRIO PUPA","ACB324178","Cr 11 Barrio Pupa","Bolivar","7.957097,-73.946404","N"
"EFECTY CAUCASIA COMANDO","ACB163742","Cl 30 # 26 A-33 Barrio El Camello","Antioquia","7.99559,-75.204064","N"
"EFECTY CELUVARIEDADES LA TRONCAL.","ACB301386","Cr 20 # 27-15","Antioquia","7.991046,-75.20002","N"
"CONEXRED","ACB309416","Calle 9b 6 Sur 38","Antioquia","7.980755,-75.192427","N"
"EFECTY SAN RAFAEL","ACB277571","Cl 15b N 8a-3 San Rafael","Antioquia","7.985538,-75.197145","N"
"EFECTY CL 29 BR SANTA ELENA","ACB306480","Cl 29 # 28a-40 Brr Santa Elena","Antioquia","7.994957,-75.206112","N"
"EFECTY CAUCASIA CARACOLI CLL 10","ACB174368","Cl 10 Cr 3 # 9a 27","Antioquia","7.980856,-75.194655","N"
"COOPERATIVA FINANCIERA DE ANTIOQUIA","ACB172553","Cl 20 16   80","Antioquia","7.987222,-75.201111","N"
"EFECTY LA WED CARACOLI","ACB306039","Cl 6c 02 84 Con Cr 3a 6c-08 Caracoli","Antioquia","7.978377,-75.193827","N"
"EFECTY CAUCASIA PUEBLO NUEVO","ACB272620","Cr 15 # 11-65","Antioquia","7.982027,-75.199736","N"
"EFECTY EXPRESS EFECTY CELUJHONIS","ACB305500","Av 18 Local 102 Paraguay","Antioquia","7.978631,-75.197834","N"
"EFECTY EXPRESS EL TRIANGULO CAUCASIA","ACB301375","Cl 8 A N 23-05 Barrio El Triangulo","Antioquia","7.979039,-75.204259","N"
"EFECTY CAUCASIA VILLA ARABIA 1","ACB304257","Cr 3b 102 Esq Brr Villa Arabia 1","Antioquia","7.97022,-75.196092","N"
"EFECTY","ACB351303","Calle 5 Cra 27 Esquina","Antioquia","7.97766,-75.20637","N"
"CONEXRED","ACB309647","Carrera 8  8  74","Cesar","8.689827,-73.666586","N"
"EFECTY CARRERA 8","ACB112405","Cr 8 # 9-31","Cesar","8.690008,-73.663884","N"
"EFECTY BARRIO GAITAN","ACB194092","Cl 14b Dg 15-08 Brr Gaitan","Sucre","9.251492,-75.14569","N"
"EFECTY LA APARTADA CORDOBA","ACB117082","Cl 20 # 12-84 Pi 1","Cordoba","8.052901,-75.335479","N"
"EFECTY EL CARMEN CRA 12","ACB308701","Cr 12 17-31 El Carmen","Cordoba","8.505705,-75.507794","N"
"EFECTY","ACB354933","Calle 5a  4 10 Barrio Villa Estadio","Cesar","8.309678,-73.630495","N"
"EFECTY AGUACHICA VILLA IRINA","ACB326631","Cl 5a # 4-10 Barrio Villa Estadio","Cesar","8.309626,-73.630387","N"
"CONEXRED","ACB309669","Calle 19  13 A  03","Cordoba","8.948828,-75.440087","N"
"EFECTY","ACB135198","Calle 3  8e   26 Tres Esquinas La Ye","Cordoba","8.933718,-75.44666","N"
"EFECTY CENT DE CONVIVENCIA CAMPOSERRANO","ACB160309","Cl 5 # 7-122","Cesar","8.310055,-73.626439","N"
"EFECTY NUEVO SAHAGUN CALLE 12","ACB277384","Cl 12 11-30 Local 2","Cordoba","8.945058,-75.443796","N"
"EFECTY SAHAGUN PLAZA","ACB195026","Cl 14 Cr 9 Esquina Local 2","Cordoba","8.947221,-75.444566","N"
"EFECTY CALLE 5 CARRERA 11","ACB076930","Cl 5 # 11-03","Cesar","8.309857,-73.62332","N"
"EFECTY","ACB354944","Carrera 12  03 04 Barrio El Carretero","Cesar","8.310945,-73.622756","N"
"EFECTY AGUACHICA CALLE 3","ACB326642","Cr 12 # 03-04 Barrio El Carretero","Cesar","8.310819,-73.622751","N"
"CONEXRED","ACB271421","Carrera 13 11 25 Brr Calle Los Estudiant","Cesar","8.31321,-73.621237","N"
"EFECTY CALLE 18 AVENIDA HOSPITAL","ACB119523","Cl 18 # 5-45","Cordoba","8.951779,-75.446467","N"
"CONEXRED","ACB199426","Cr 14 5 125 Local 2","Cesar","8.310282,-73.620338","N"
"MULTIPAGAS","ACB197787","Cra 17 5-35","Cesar","8.310281,-73.617134","N"
"EFECTY AGUACHICA CENTRO PRINCIPAL","ACB162587","Cr 19 # 5-05 Local 5","Cesar","8.309555,-73.615316","N"
"EFECTY","ACB351435","Cr 17 Cl 13 Esquina","Cesar","8.30043,-73.61604","N"
"BANCAMIA AGUACHICA","ACB061804","Cl 5 No 21 63 Local 1","Cesar","8.310026,-73.613287","N"
"EFECTY SAN PEDRO SUCRE CRA 9","ACB122404","Cr 9 # 17 15","Sucre","9.396432,-75.063744","N"
"EFECTY AGUACHICA BODEGA PRINCIPAL","ACB150234","Cl 4 # 24 -87","Cesar","8.311041,-73.610256","N"
"EFECTY AVENIDA KENNEDY","ACB114474","Cl 5 # 25-65","Cesar","8.309745,-73.609463","N"
"EFECTY ENTRADA DE SAN PEDRO","ACB304103","Cr 9 # 22-09","Sucre","9.400085,-75.062756","N"
"EFECTY FRENTE A LA PLAZA DE MERCADO","ACB156670","Cl 2 # 29-76 Lc 3","Cesar","8.312751,-73.606413","N"
"EFECTY AGUACHICA CRA 34","ACB153237","Cr 34 # 2-75 Barrio Maria Eugenia","Cesar","8.312235,-73.602623","N"
"EFECTY BUENAVISTA EL PARQUE","ACB156560","Cr 10 # 9 A-30 Centro","Cordoba","8.222947,-75.481071","N"
"EFECTY","ACB358597","Calle 10 14 44 Barrio San Antonio","Cesar","8.30541,-73.603319","N"
"EFECTY FRENTE A LA UNIVERSIDAD","ACB305511","Cr 39 2 Norte 177 Local 103","Cesar","8.315575,-73.598595","N"
"EFECTY CARRERA 7","ACB111493","Cl 15 # 8-67","Cordoba","9.104228,-75.399809","N"
"EFECTY EL BAGRE CALLE DEL COMERCIO","ACB154492","Cr 48 # 57-15","Antioquia","7.603603,-74.810548","N"
"EFECTY PUERTO CLAVER EL BAGRE","ACB163434","Puerto Claver Cl El Sucre","Antioquia","7.601303,-74.805289","N"
"EFECTY BR 20 DE JULIO","ACB306567","Cl 48d # 41- 02","Antioquia","7.601303,-74.805289","N"
"EFECTY EL BAGRE BARRIO PROVIVIENDA","ACB122383","Cl 53 # 47-00 Frente A La Flota Nordeste","Antioquia","7.600849,-74.80983","N"
"EFECTY PAILITAS HOTEL J.E. CENTER","ACB128268","Cr 6 # 4-81 Loc 1","Cesar","8.956184,-73.624191","N"
"EFECTY PAILITAS BARRIO LAS FLORES","ACB304147","Cl 5 # 5-05","Cesar","8.955776,-73.622793","N"
"EFECTY PAILITAS CENTRO CRA 6","ACB122262","Cr 7 # 7-33 Entre B P1 Local 2","Cesar","8.958391,-73.623656","N"
"EFECTY PRINCIPAL LICEO","ACB115903","Mz A Lote 19","Antioquia","7.597643,-74.805621","N"
"EFECTY TELECOM PLAZA DE MERCADO","ACB190483","Cr 5a # 6-1","Cesar","8.957457,-73.622738","N"
"CONEXRED","ACB196203","Mz 1 Ca 16 Brr Ciudadela Comfenalco","Tolima","7.608168,-74.851123","N"
"EFECTY LA INMACULADA","ACB302134","Cr 4e 14-32 Apto 1 Brr La Inmaculada","Cordoba","8.407587,-75.578113","N"
"EFECTY DIMONEX TRONCAL PLANETA","ACB302123","Cl 19 # 5-16","Cordoba","8.410939,-75.580368","N"
"AYV PF PLANETA RICA","ACB067547","Calle 20 N 9   13 Centro","Cordoba","8.412601,-75.583778","N"
"CONEXRED","ACB279870","Carrera 7 10 64 Barrio Prado","Cordoba","8.406035,-75.582823","N"
"CONEXRED","ACB279979","Carrera 8 17 15 Barrio Centro","Cordoba","8.410092,-75.583733","N"
"EFECTY PLANETA RICA CRA 8","ACB155075","Cr 8 #17-45","Cordoba","8.409978,-75.583733","N"
"EFECTY CALLE 19","ACB110052","Cl 19 # 9-03","Cordoba","8.411788,-75.584059","N"
"EFECTY PLANETA RICA CRA 11","ACB323441","Cr 11 # 23-43 Brr San Gabriel","Cordoba","8.414864,-75.584665","N"
"EFECTY PLANETA RICA 7","ACB171321","Cl 15 # 10-37 Apto 02","Cordoba","8.408803,-75.586194","N"
"EFECTY CL 17 ALMA EL BUEN PRECIO","ACB152962","Cl 17 N 6-104","Cordoba","7.983462,-75.420465","N"
"EFECTY","ACB352920","Carrera 4 16 22","Cordoba","7.984332,-75.421969","N"
"EFECTY COROZAL PLAZA PRINCIPAL","ACB127201","Cr 27 # 28-08 Corozal","Sucre","9.314418,-75.291394","N"
"EFECTY CALLE 30","ACB110898","Cl 30 # 25-11 Corocentro Of 111","Sucre","9.315531,-75.292828","N"
"EFECTY","ACB323858","Cl 32  28 09","Sucre","9.317469,-75.291122","N"
"CONEXRED","ACB303948","Carrera 31  38b  16","Antioquia","9.323486,-75.288606","N"
"EFECTY MORROA ESQUINA CALIENTE","ACB119930","Cr 21 # 40a 18","Sucre","9.323243,-75.298289","N"
"EFECTY LOS PALMITOS CENTRO","ACB171387","Cr 11 # 7-67 Cl Real","Sucre","9.380155,-75.268503","N"
"EFECTY FRENTE A GASOLINERA CAMPERUCHO","ACB190461","Cl 7 # 6 84 Loc 1","Cesar","9.49588,-73.978666","N"
"CONEXRED","ACB303883","Calle 42 17d 63","Sucre","9.287874,-75.383895","N"
"EFECTY TRONCAL VILLA ORIETA","ACB179792","Cr 25 #38 -52 Barrio Berbel","Sucre","9.294547,-75.383455","N"
"CONEXRED","ACB307337","Calle 3 5 16","Santander","8.510402,-73.448796","N"
"EFECTY","ACB304059","Clle 6 No 14 01 Brrio Centro","Cordoba","8.878498,-75.62169","N"
"EFECTY SERVIENTREGA AVENIDA MARISCAL","ACB110261","Mariscal Sucre Cl 25b-28-31","Sucre","9.302721,-75.38479","N"
"EFECTY SINCELEJO LAS MARGARITAS","ACB150531","Cl 24b # 43 A-63 Lc 4 Brr Las Margaritas","Sucre","9.310722,-75.379748","N"
"EFECTY SINCELEJO LAS PEÑITAS","ACB118270","Las Peñitas Dg Al Exito Cr 25 # 22-66","Sucre","9.294015,-75.394958","N"
"ACCIONES Y VALORES","ACB061365","Carrera 25 22 133 Las Penitas","Sucre","9.303363,-75.387973","N"
"MULTIPAGAS","ACB199042","Carrera 25 22 133","Sucre","9.302994,-75.388874","N"
"MULTIPAGAS","ACB197699","Calle 28 15 A 91","Sucre","9.297279,-75.394185","N"
"CONEXRED","ACB303508","Carrera 21  23 40","Sucre","9.301381,-75.392853","N"
"EFECTY SINCELEJO BARRIO 7 DE AGOSTO.","ACB169968","Cr 24 # 19-68 Local 2","Sucre","9.304678,-75.391583","N"
"MULTIPAGAS","ACB196841","Carrera 18 # 21-75","Sucre","9.301838,-75.395292","N"
"EFECTY CALLE 20 PARQUE CENTRAL","ACB110304","Cl 20 # 20-26 Lc 103","Sucre","9.303422,-75.39407","N"
"EFECTY EL PORVENIR","ACB155493","Cl 12 # 30-62 El Porvenir","Sucre","9.310696,-75.387784","N"
"EFECTY EXPRESS EFECTY NUEVO PIONERO","ACB326697","Cr 6d # 27 F-30","Sucre","9.286643,-75.410122","N"
"GIROS Y FINANZAS CENTRO","ACB020797","Cl 21 # 16-25 Int. De Sao La Pajuela P2","Sucre","9.302704,-75.396526","N"
"EFECTY LA PAJUELA","ACB119479","Cr 16 # 21-10","Sucre","9.302641,-75.39709","N"
"EFECTY SINCELEJO PIONEROS.","ACB174434","Cl 27 9i 03","Sucre","9.292836,-75.405756","N"
"EFECTY SANTAMARIA 2","ACB326718","Cr 22 # 16a-59 Loc 1 Brr La Ford","Sucre","9.306462,-75.39383","N"
"EFECTY DG MUNDO MAGICO","ACB326707","Cl 26 F 7 B 55 Barrio Pioneros","Sucre","9.289661,-75.409819","N"
"EFECTY URB MEDITERRANEO","ACB176283","Cl 23g # 9b-286 Urb Mediterraneo","Sucre","9.298274,-75.406298","N"
"EFECTY SERVIENTREGA BODEGA 12","ACB110283","Cr 4 # 25-256 Bg 12","Sucre","9.292238,-75.413017","N"
"EFECTY SINCELEJO SAN CARLOS","ACB176678","Cl 15 Nor 12a-123","Sucre","9.307356,-75.403217","N"
"EFECTY OLIMPICA AV SAN CARLOS SINCELEJO","ACB138926","Cl 15 # 8-156","Sucre","9.308859,-75.40889","N"
"EFECTY CALLE CORDOBA","ACB155361","Cl Cordoba N 41-19","Antioquia","7.486818,-74.867258","N"
"CONEXRED","ACB270903","Calle 14 06 50 Brr Centro","Cesar","8.001483,-73.515807","N"
"EFECTY URB VILLA MARCELA SAN MARTIN","ACB326620","Urb Villa Marcela Mz K Cs 28","Cesar","8.004054,-73.512793","N"
"EFECTY PRINCIPAL SAN MARTIN CESAR","ACB306237","Cl 14 # 6-75 Centro","Cesar","8.002214,-73.513792","N"
"EFECTY CARRETERA NACIONAL CALLE 8","ACB114836","Cl 8 # 16-21 Local 1 Barrio El Centro","Cesar","9.200766,-73.54312","N"
"EFECTY LOS CACIQUES","ACB167108","Cl 2 # 19-66","Cesar","9.201009,-73.542567","N"
"CONEXRED","ACB307524","Calle 8  13  48","Cesar","9.200155,-73.541016","N"
"EFECTY HOSPITAL BARRIO PARAISO","ACB173224","Cl 10 # 16-54 Barrio Paraiso","Cesar","9.203021,-73.542733","N"
"EFECTY VIA PRINCIPAL ENTRADA RIO DE ORO","ACB308691","Kdx 9 260 Carretera Cetral","Cesar","8.294267,-73.387468","N"
"CONEXRED","ACB300406","Calle 23 12 45","Cesar","8.29088,-73.387934","N"
"EFECTY CORREGIMIENTO LOS ANGELES","ACB160189","Cl 3 # 3-75 Correg Los Angeles","Cesar","8.2935,-73.384717","N"
"EFECTY BARRIO SAN VICENTE CURUMANI","ACB321076","Cl 13 10-53 Barrio San Vicente","Cesar","9.204261,-73.536614","N"
"EFECTY SAN MARTIN CENTRO","ACB113329","Cr 15 # 5 A-50","Bolivar","9.746583,-74.814555","N"
"EFECTY CHIMA CORDOBA","ACB155086","Cl 4 10-56 Cl Del Comercio","Cordoba","9.149089,-75.627582","N"
"EFECTY SANTA CLARA CRA 49 CON 2","ACB128972","Cr 49 # 2-10","Norte De Santander","8.268305,-73.366143","N"
"EFECTY","ACB358443","Carrera 8a 38 42","Norte De Santander","8.269462,-73.365472","N"
"CONEXRED","ACB300428","Calle 5  47  39 Barrio Santa Clara","Norte De Santander","8.267111,-73.365265","N"
"EFECTY OCAÑA UNIVERSIDAD","ACB161739","Cl 7 29-228 Av Franc Fernan D Contreras","Norte De Santander","8.255577,-73.359533","N"
"EFECTY OCAÑA LLANADAS","ACB139949","Cl 7 N. 26-21","Norte De Santander","8.254108,-73.359371","N"
"EFECTY OCAÑA BARRIO LA PRIMAVERA","ACB194070","Tv 30 # 9-51 La Primavera","Norte De Santander","8.258988,-73.357306","N"
"EFECTY MARABEL","ACB308680","Cl 4 # 25 A-13","Norte De Santander","8.246565,-73.358671","N"
"EFECTY OCAÑA EL LIBANO","ACB190515","Kdx 414-320","Norte De Santander","8.244185,-73.355732","N"
"EFECTY TACALOA LA CARRETERA CENTRAL","ACB195608","Cl 13a # 9-37","Norte De Santander","8.25205,-73.35322","N"
"EFECTY CARCEL MODELO OCAÑA","ACB165481","Cl 6 # 13a-100","Norte De Santander","8.239618,-73.356613","N"
"EFECTY OCAÑA BARRIO SIMON BOLIVAR","ACB321593","Cl 11 # 27c-02","Norte De Santander","8.249475,-73.353621","N"
"EFECTY EL DIAMANTE","ACB173235","Cl 8 # 3-116","Cesar","9.364136,-73.604592","N"
"EFECTY EXPRESS BRR EL CARMEN CHIRIGUANA","ACB320998","Cl 3 # 7 -13","Cesar","9.360231,-73.599342","N"
"EFECTY CALLE CENTRAL","ACB112658","Cl Central # 8 6-77","Cesar","9.361464,-73.5997","N"
"EFECTY CALLE 10","ACB079582","Cl 10 N. 10-49 Local 1","Norte De Santander","8.23573,-73.354499","N"
"EFECTY","ACB358399","Cr 26  13 04 Lc 2","Norte De Santander","8.238835,-73.353503","N"
"EFECTY SUPER SERVICIOS","ACB175709","Cr 12 # 10-04 Local 102","Norte De Santander","8.234875,-73.354294","N"
"EFECTY OCAÑA CALLE 11","ACB177239","Cl 11 # 6-76","Norte De Santander","8.230798,-73.354887","N"
"MULTIPAGAS","ACB197776","Calle 11 # 12-48","Norte De Santander","8.235355,-73.353264","N"
"EFECTY OCAÑA 12 CON 12","ACB323913","Cr 12 # 12-05","Norte De Santander","8.233676,-73.350465","N"
"EFECTY OCAÑA BAMBO","ACB166437","Cr 7 # 21-31 Piso1","Norte De Santander","8.228912,-73.348605","N"
"EFECTY EXPRESS BARRIO EL PROGRESO CL 12","ACB305236","Cl 12 Cr 19 Esq","Magdalena","9.789867,-74.779975","N"
"EFECTY CENTRO","ACB117213","Cr 7 3-96","Magdalena","9.80048,-74.393736","N"
"EFECTY TOLUVIEJOCALLE SAN JOSE","ACB304806","Dg 3 Nr 3a-40 Cl San Jose Centro","Sucre","9.450907,-75.442384","N"
"EFECTY CENTRO PLAZA HOMBRE CAIMAN","ACB116663","Cl 10 # 14-87 Lc 3 Plato Magdalena","Magdalena","9.79107,-74.784976","N"
"BANCAMIA PLATO","ACB063455","Carrera 15 10 62","Magdalena","9.791814,-74.783887","N"
"EFECTY LA TRONCAL VIA 14","ACB131271","Via 14 # 14-03 Loc 2","Magdalena","9.791988,-74.785834","N"
"EFECTY AV CIRCUNV HOTEL PAISAJE OCAÑERO","ACB195839","Kdx 3 B 1-498","Norte De Santander","8.235245,-73.342073","N"
"CONEXRED","ACB307261","Transversal 7 23 91","Norte De Santander","8.22785,-73.343713","N"
"CONEXRED","ACB198908","Carrera 5 17  49","Bolivar","7.479404,-73.92153","N"
"EFECTY PARQUE PRINCIPAL..","ACB274424","Cl 17 Frente Al Parque","Bolivar","7.477834,-73.924108","N"
"EFECTY","ACB351688","Calle 16 No 16 15","Bolivar","7.47783,-73.92411","N"
"EFECTY","ACB351808","Kr 5  17   33","Bolivar","7.47937,-73.92073","N"
"OFICINA PAGAFACIL CERETE","ACB066184","Carrera 13b No 15  Barrio Centro","Cordoba","8.888481,-75.791727","N"
"EFECTY GAMBOTICO","ACB154975","Cr 63 # 23-34 Local 2","Bolivar","9.711262,-75.112016","N"
"EFECTY CARMEN DE BOLIVAR FRENT HOSPITAL","ACB174335","Cr 57 # 23-55 Frente Al Hospital","Bolivar","9.713185,-75.117093","N"
"AyV PAGAFACIL CARMEN DE BOLIVAR","ACB368563","Cl 25  51  16 Lc 2","Bolivar","9.716405,-75.120755","N"
"EFECTY BARRIO LAS UVAS","ACB191835","Barrio Las Uvas Cl 28 N 28-02 Cr 53","Bolivar","9.717607,-75.123293","N"
"EFECTY VILLACIELO ELSABANAL","ACB276581","Mz 24 Lote 30 Brr Villa Cielo","Cordoba","8.75258,-75.84431","N"
"EFECTY TARAZA TRONCAL","ACB270035","Cr 28 # 32-115","Antioquia","7.583662,-75.400295","N"
"EFECTY CRA 9","ACB113088","Cr 9 N 9-30","Cordoba","9.237429,-75.67477","N"
"EFECTY MOMIL CALLE 7","ACB128433","Cl 7 # 13-57","Cordoba","9.237837,-75.678204","N"
"EFECTY PARQUE PRINCIPAL TARAZA","ACB132810","Cl 29 # 29-25 Parque Principal","Antioquia","7.578398,-75.401432","N"
"EFECTY MONTERIA URB BONANZA","ACB321427","Cl 32 Cr 39-66 Apto 02 Urb Bonanza","Cordoba","8.741821,-75.859341","N"
"EFECTY CANTACLARO - ÑIPI","ACB277812","Mz 154 Lt 16 Brr Cantaclaro-sec Ñipi C","Cordoba","8.733507,-75.867129","N"
"EFECTY VILLA ANA","ACB171332","Cl 22 # 33b-12 Local 1 Villa Ana","Cordoba","8.736871,-75.866809","N"
"EFECTY TORRES DE LA CASTELLANA","ACB154942","Cr 12 # 57-12 Lc 4 Barrio Castellana","Cordoba","8.765144,-75.863238","N"
"EFECTY MOCARI ESTACION DE POLICIA","ACB179473","Cl 94 # 2-26","Cordoba","8.801317,-75.857616","N"
"MULTIPAGAS","ACB198942","Carrera 6  68   72","Cordoba","8.779167,-75.862298","N"
"EFECTY","ACB352953","Kr 6  68   72","Cordoba","8.778917,-75.862923","N"
"EFECTY","ACB352931","Tranv 29  29   69","Cordoba","8.742856,-75.86885","N"
"AYV PF NUESTRO MONTERIA","ACB066579","Calle 29 No 20 337 Lc 285 Cc Nt Monteria","Cordoba","8.742864,-75.869067","N"
"EFECTY CORREGIMIENTO EL BONGO","ACB304510","Cl 15 # 13a 724 Correg El Bongo","Cordoba","9.037903,-75.794061","N"
"EFECTY MONTERIA-TERMINAL","ACB124561","Cl 41 # 20-11 Loc 25","Cordoba","8.752419,-75.868623","N"
"EFECTY MONTERIA LA CASTELLANA","ACB123472","Cr 6 62-70 L-105 Plaza De La Castellana","Cordoba","8.77296,-75.866501","N"
"AyV PF TRANSITO MONTERIA","ACB067691","Calle 56 No 6   56 Barrio La Castellana","Cordoba","8.767697,-75.868443","N"
"EFECTY CALLE 41 EDS LA PERLA","ACB150948","Cl 41 # 15 B-22 Urb Mora","Cordoba","8.755944,-75.870303","N"
"EFECTY MONTERIA LOS ANGELES CALLE 44","ACB301870","Cl 44 # 14d-19 Local 102","Cordoba","8.760682,-75.871466","N"
"EFECTY MONTERIA SURICENTRO","ACB117125","Cl 10 # 25-105 Lc 118","Cordoba","8.734763,-75.876878","N"
"ACCIONES Y VALORES","ACB064818","Cll 48 - Cra 13 Av Circunvalar Lc 134","Cordoba","8.763529,-75.872895","N"
"MULTIPAGAS","ACB196962","Calle 4410 91","Cordoba","8.761958,-75.87352","N"
"EFECTY CENTRO COMERCIAL ALAMEDA","ACB118281","Cl 44 # 10-91 Lc 144 Cc Alamedas","Cordoba","8.76216,-75.873526","N"
"EFECTY EL DIFICIL - CENTRO","ACB111118","Cl 4 # 6-06","Magdalena","9.846985,-74.236789","N"
"CONEXRED","ACB303344","Manzana 46 Lote 16 Barrio Canta Claro","Cordoba","8.738664,-75.877845","N"
"CONEXRED","ACB320163","Carrera 5  6  61","Magdalena","9.847749,-74.237344","N"
"CONEXRED","ACB303904","Calle 22  19  45","Tolima","8.74332,-75.879487","N"
"CONEXRED","ACB309900","Calle 34  11 Esquina Barrio Centro","Cordoba","8.755228,-75.878309","N"
"EFECTY SECTOR LA GRAN VIA","ACB119787","Dg 7 # 5 -16 Local 4 Sector 3 Esquinas","Magdalena","9.850277,-74.236793","N"
"ACCIONES Y VALORES","ACB060265","Sao Circunvalar","Cordoba","8.749461,-75.879542","N"
"EFECTY MONTERIA LA CEIBA","ACB151444","Cl 36 # 9 A-06 Ceiba","Cordoba","8.757386,-75.878566","N"
"EFECTY MONTERIA II","ACB155471","Mz 42 L 8 Barrio Mogambo Ii","Cordoba","8.763446,-75.877751","N"
"EFECTY MONTERIA MANUEL JIMENEZ","ACB326653","Mz J Lt 20 Brr. Manuel Jimenez","Cordoba","8.763446,-75.877751","N"
"EFECTY GARZONES","ACB156142","Garzones Cl 126# 4 E-47 B","Cordoba","8.763446,-75.877751","N"
"EFECTY AVENIDA PRIMERA CENTRO CALLE 29","ACB117136","Av Primera Centro Cl 29 # 1-26","Cordoba","8.763446,-75.877751","N"
"EFECTY MONTERIA PRADERA LA 75","ACB156131","Br La Pradera Mz 75 Lt 2 Et 10","Cordoba","8.763446,-75.877751","N"
"EFECTY MONTERIA NUEVO HORIZONTE","ACB279661","Cr 21-126 Brr Nuevo Horizonte","Cordoba","8.763446,-75.877751","N"
"EFECTY","ACB352942","Kr 2  44   55","Cordoba","8.766943,-75.877512","N"
"EFECTY SAN PELAYO CAMERINO","ACB195785","Cl 3 # 8m-9","Cordoba","8.958491,-75.834772","N"
"EFECTY URBANIZACION SAMARIA","ACB326675","Urb Samaria Cr 15 # 10b 27","Cordoba","8.735703,-75.883713","N"
"CONEXRED","ACB303355","Calle 39  2 43 Barrio El Centro","Cordoba","8.763192,-75.880846","N"
"EFECTY","ACB079306","Carrera 5 6 19","Cordoba","8.758756,-75.881965","N"
"EFECTY CENTRO CALLE 27 CRA 9","ACB273511","Cl 27 N9-10","Cordoba","8.752264,-75.883198","N"
"CONEXRED","ACB278978","Carrera 9 26 33 Local 04","Cordoba","8.752471,-75.883329","N"
"EFECTY MONTERIA CRA 2 CALLE 37 CENTRO","ACB321449","Cr 2 N 37-52 B Centro","Cordoba","8.76201,-75.88204","N"
"EFECTY GALILEA","ACB155712","Tv 12 # 1-15","Cordoba","8.726901,-75.887193","N"
"EFECTY SAN PELAYO CORDOBA CARRERA 8","ACB111866","Cr 8 # 6 154 Barrio El Centro","Cordoba","8.957321,-75.838145","N"
"EFECTY CRA 9 LA JULIA","ACB301869","Cr 9 N 18-14 Brr . La Julia","Cordoba","8.747299,-75.88529","N"
"AYV EXITO CENTRO MONTERIA","ACB067569","Carrera 2 No 35   43 Lc 102","Cordoba","8.760966,-75.883357","N"
"EFECTY MONTERIA PASAJE REAL","ACB155053","Cr 2 # 34-31 Lc 6 Pasaje Real","Cordoba","8.759964,-75.884064","N"
"EFECTY MONTERIA CALLE 31","ACB326664","Cl 31 # 4-13","Cordoba","8.757122,-75.884515","N"
"EFECTY MONTERIA JUAN 23","ACB131480","Barrio Juan 23 Cr 1 # 37a-09","Cordoba","8.763248,-75.88374","N"
"EFECTY SERVIENTREGA CALLE 32 CENTRO","ACB079285","Cl 32 # 3-51","Cordoba","8.757993,-75.884552","N"
"BANCAMIA MONTERIA II","ACB062520","Calle 33 1 71","Cordoba","8.759323,-75.884965","N"
"COOPERATIVA FINANCIERA DE ANTIOQUIA","ACB172739","Kr  3  30   41","Cordoba","8.757222,-75.885278","N"
"EFECTY MONTERIA LA GRANJA SECTOR CAMAJON","ACB135099","Tv 9 # 5-35 Lc 2 Barrio Granja","Cordoba","8.734571,-75.888539","N"
"EFECTY CALLE 26 GOBERNACION","ACB079317","Cr 5 # 26-58","Cordoba","8.754149,-75.886253","N"
"MULTIPAGAS","ACB196852","Calle 30 # 1-56.","Cordoba","8.757682,-75.88646","N"
"EFECTY KR 3 - CL 26","ACB153732","Cr 3 # 26-17","Cordoba","8.754915,-75.887485","N"
"CONEXRED","ACX359279","Tv 7 9 8 Brr La Granja","Cordoba","8.736605,-75.890566","N"
"CONEXRED","ACB359279","Tv 7 9 8 Brr La Granja","Cordoba","8.736605,-75.890566","N"
"GIROS Y FINANZAS CENTRO","ACB020292","Cra.3 # 18-07 L-10 Int. Metro","Cordoba","8.750753,-75.890183","N"
"EFECTY MONTERIA CARREFOUR","ACB119435","Cr 3a # 19-16","Cordoba","8.75024,-75.890342","N"
"EFECTY","ACB155295","Transversal 5 N  15 22 Local 1","Cordoba","8.739734,-75.893031","N"
"PF SURICENTRO","ACB067888","Calle 10 No 25  105 Lc K 120","Cordoba","8.744965,-75.893953","N"
"EFECTY VILLARREAL CRA 3W","ACB321438","Cr 3w Cl 21-65 Brr Rio De Janeiro","Cordoba","8.752379,-75.894008","N"
"CONEXRED","ACB303245","Diagonal 20  2 140 Barrio La Granja","Cordoba","8.741499,-75.896168","N"
"EFECTY","ACB302815","Barrio Santa Fe Calle E Mza 23 Lote 11","Cordoba","8.742038,-75.896234","N"
"EFECTY SANTA ELENA III","ACB323825","Cl 43 # 40b-03 Urb Santa Elena Iii","Cordoba","8.750147,-75.895639","N"
"EFECTY POLICARPA 1","ACB169122","Tv 1 6 08 Local 3-policarpa","Cordoba","8.735157,-75.897694","N"
"EFECTY EXPRESS EFECTY VALLEJO CRA 9W","ACB279155","Cr 9w N 17-54 Urb.vallejo","Cordoba","8.754433,-75.899667","N"
"CONEXRED","ACB300781","Carrera 4 Este  119 44","Norte De Santander","8.402321,-73.20947","N"
"EFECTY SAN CALIXTO NORTE DE SANTANDER","ACB130841","Cl Central Kdx C2-350","Norte De Santander","8.401756,-73.208999","N"
"EFECTY VALLEJO ET 2","ACB277306","Cr 13w # 15 A-39 Urb Vallejo Etapa 2","Cordoba","8.753534,-75.90582","N"
"EFECTY EL PASO LA LOMA DE CALENTURA CENT","ACB127564","Cl 4 2-31","Cesar","9.657532,-73.750966","N"
"CONEXRED","ACB300219","Calle 4 6 3 Barrio Centro","Cesar","9.657855,-73.749008","N"
"EFECTY LA LOMA DE CALENTURA","ACB120028","Cl 5 Cr 4 25 Local 1","Cesar","9.657761,-73.748871","N"
"EFECTY CORREGIMIENTO SAN RAFAEL CRA 5","ACB326543","Cr 5 # 7-39 Barrio Centro","Santander","7.605699,-73.576757","N"
"EFECTY TENERIFE","ACB114319","Cr 4 # 6-97","Magdalena","9.900455,-74.861787","N"
"EFECTY BRIGADA DE INFANTERIA DE MARINA L","ACB120479","Cl 1 Cr 1 Local 4","Sucre","9.400827,-75.667957","N"
"EFECTY SAN JACINTO BOLIVAR","ACB128280","Cl 21 # 42-60 San Jacinto","Bolivar","9.828125,-75.122193","N"
"EFECTY CALLE 22","ACB111019","Cl 22 # 39-24","Bolivar","9.828645,-75.124444","N"
"EFECTY PUERTO WILCHES CIENAGA CALLE 7A","ACB127959","Cl 7 # 5-60 Cienaga","Santander","7.348947,-73.900135","N"
"EFECTY SERVIENTREGA CENTRO","ACB122745","Cl 3 # 1-36","Santander","7.345674,-73.904823","N"
"EFECTY PRINCIPAL CENTRO CRA 2","ACB117608","Cr 2 # 4 -30 Barrio Centro","Santander","7.346156,-73.903835","N"
"EFECTY BARRIO DIAZ","ACB170562","Cr 15 # 6-06","Santander","7.348048,-73.891508","N"
"EFECTY GUAYABAL CARRERA 2","ACB111712","Cl 4 # 4-63 Sc La Coqueteria","Sucre","9.404572,-75.683877","N"
"EFECTY CARRERA 4","ACB111075","Cl 15 # 3-30 Local 1","Sucre","9.523039,-75.583817","N"
"EFECTY","ACB358409","Calle 11  19 55 El Martinete","Norte De Santander","8.59551,-73.136983","N"
"EFECTY ABREGO CALLE CENTRAL","ACB164765","Cr 5 # 15-25","Norte De Santander","8.08252,-73.221324","N"
"EFECTY SAN ALBERTO CARRERA 3","ACB279144","Cr 3 # 4- 50 Lc 3","Cesar","7.761034,-73.390931","N"
"EFECTY ABREGO CRA 6","ACB173170","Cr 6 # 13-27","Norte De Santander","8.080432,-73.220525","N"
"EFECTY LORICA MERCADO","ACB174632","Cr 20 # 2a-54 Piso 1 Local 1","Cordoba","9.227139,-75.817631","N"
"AYV LORICA","ACB065677","Carrera 25 No 10 06","Cordoba","9.238473,-75.813486","N"
"EFECTY LORICA CAMPO ALEGRE","ACB307195","Cl 31 # 26-11 Barrio Campo Alegre","Cordoba","9.254177,-75.813119","N"
"EFECTY LORICA BARRIO KENEDY","ACB162093","Dg 18 C # 17a-9 Lc 2 Brr Kenedy","Cordoba","9.242468,-75.820556","N"
"EFECTY SAN ANTERO-CORDOBA","ACB124318","Cr 14 # 12 19 Barrio Cardales","Cordoba","9.373175,-75.759517","N"
"EFECTY EL TARRA CENTRO","ACB169902","Kdx-m1-040","Norte De Santander","8.573187,-73.101592","N"
"EFECTY EXPRESS DIMONEX FRENT A IGLESIA","ACB304718","Cl 5 # 9-32 Entre Cr 15 Y 16","Magdalena","10.0258,-74.624165","N"
"EFECTY CALLE PRINCIPAL","ACB322736","Cl 5 # 8-51 Cl Principal","Magdalena","10.027108,-74.625429","N"
"EFECTY EXPRESS EFECTY BARRIO CENTRO","ACB304950","Barrio Centro Cl 11 N 10-37","Bolivar","9.950704,-75.08319","N"
"CONEXRED","ACB275722","Calle 50  48  90 Barrio Centro","Antioquia","7.081219,-74.700134","N"
"COOPERATIVA FINANCIERA DE ANTIOQUIA","ACB172849","Kr  49  49 64 70","Antioquia","7.081111,-74.700278","N"
"CONEXRED","ACB275733","Carrera 49  49  14 Barrio Centro","Antioquia","7.080455,-74.700454","N"
"EFECTY SEGOVIA CRA 52 A","ACB194322","Cr 52 A 46-150","Antioquia","7.075184,-74.701943","N"
"EFECTY CENTRO CRA.5","ACB114485","Cr 5 6-48","Magdalena","10.030859,-74.21559","N"
"CONEXRED","ACB303894","Carrera 4  3  35","Sucre","9.739058,-75.523845","N"
"EFECTY EXPRESS DIMONEX EL PARAISO","ACB195718","Cl 3 # 2b-17 B. El Paraiso","Cordoba","8.181733,-76.050379","N"
"EFECTY TIERRALTA PRADO","ACB176481","Cl 5 # 13 18","Cordoba","8.176461,-76.059924","N"
"EFECTY TIERRA ALTA CLL 7-13-60","ACB121151","Cl 7 # 13-60","Cordoba","8.175345,-76.059844","N"
"EFECTY CALLE 8","ACB111877","Cr 15 # 7-17 Local 1","Cordoba","8.174717,-76.061052","N"
"AYV PF TIERRA ALTA","ACB066360","Carrera 15 No 7 23 Br Centro","Cordoba","8.174478,-76.060991","N"
"EFECTY TIERRALTA CARRERA 17","ACB323539","Cl 10 # 17 -75 Local 1","Cordoba","8.171966,-76.060958","N"
"EFECTY BARRIO ESCOLAR","ACB174687","Barrio Escolar Dg 11 # 11-72","Cordoba","8.171517,-76.062314","N"
"EFECTY REMEDIOS PLAZA PRINCIPAL","ACB113660","Cl 10 # 10-06","Antioquia","7.02826,-74.693735","N"
"EFECTY REMEDIOS VEREDA CARRIZAL","ACB308493","Correg Carrizal","Antioquia","7.027713,-74.692965","N"
"EFECTY LA CRUZADA FOTOC Y PAPELERIA YULI","ACB162301","Correg La Cruzada","Antioquia","7.027713,-74.692965","N"
"EFECTY TIERRALTA NAZARETH","ACB169034","Cl 10 32 15 Brr. Villa Nazareth","Cordoba","8.166839,-76.067343","N"
"EFECTY SALIDA A VALLEDUPAR.","ACB178845","Cl 18 # 16 66","Cesar","9.970362,-73.890531","N"
"EFECTY BARRIO EL RECREO","ACB115783","Cl 18 # 22-07","Cesar","9.970362,-73.890531","N"
"EFECTY CARRERA 18","ACB077283","Cr 18 # 22-33","Cesar","9.976906,-73.898015","N"
"EFECTY ALTOS DE BOSCONIA","ACB306501","Cl 17 # 21 Esquina Brr Altos De Bosconia","Cesar","9.973083,-73.888662","N"
"BANCAMIA BOSCONIA","ACB063466","Kr 18 No 17 30","Cesar","9.972767,-73.886085","N"
"EFECTY LA JAGUA SERVIENTREGA","ACB117686","Dg 1 # 7-46","Cesar","9.563676,-73.337398","N"
"EFECTY CENTRO","ACB131743","Cl 7 4-63","Cesar","9.56099,-73.334819","N"
"EFECTY SALIDA A BECERRIL","ACB169782","Dg 1 # 3a 143 Local 1","Cesar","9.567397,-73.330287","N"
"EFECTY CORREGIMIENTO PROVINCIA","ACB191626","Cl 1 # 1-167 Via Principal","Santander","7.393687,-73.500567","N"
"EFECTY FRENTE A LA ALCALDIA","ACB155877","Cr 11 # 11-53 Frente A La Alcaldia","Santander","7.396827,-73.496384","N"
"EFECTY CENTRO CARRERA 11","ACB116960","Cl 13 # 12-46","Santander","7.395896,-73.496913","N"
"EFECTY SERVIENTREGA","ACB112494","Cr 11 # 14 87","Santander","7.395114,-73.49558","N"
"EFECTY","ACB355033","Carrera 7 N 7  02 Centro","Cordoba","9.354741,-75.951029","N"
"EFECTY SAN BERNARDO - CENTRO","ACB326686","Cr 7 # 7-02 Centro","Cordoba","9.354473,-75.95135","N"
"EFECTY SAN BERNARDO CALLE 14","ACB155691","Cr 7 # 14 A-02 Barrio Guayabal","Cordoba","9.351677,-75.95361","N"
"EFECTY SAN BERNARDO CLL REAL","ACB326729","Cl 8 C Cr 9-109 Cl Real","Cordoba","9.355012,-75.954272","N"
"EFECTY","ACB155921","Plaza Principal Cra 14 N 19   6413","Bolivar","9.984085,-75.302383","N"
"EFECTY DIAGONAL AL PARQUE","ACB156449","Cl 12 # 12-109","Cordoba","8.257388,-76.142005","N"
"EFECTY PARQUE PRINCIPAL","ACB113725","Parque Principal # 28-27","Antioquia","7.075595,-75.148261","N"
"EFECTY CENTRO CLL 12","ACB116508","Cl 12 # 17-03","Cordoba","8.258406,-76.146766","N"
"COOPERATIVA FINANCIERA DE ANTIOQUIA","ACB172762","Cl 10  9   60","Antioquia","6.961111,-74.571944","N"
"EFECTY CARRERA 5.","ACB322219","Cr 5 13-67","Magdalena","10.169509,-74.717733","N"
"CONEXRED","ACB270859","Calle 15 18 A 21 Brr La Cruz","Cordoba","8.257014,-76.15484","N"
"GIROS Y FINANZAS PALMAS EDIF TRAFALGAR","ACB020148","Calle 44 29a 45 Edificio","Santander","7.119863,-73.111832","Y"
"GIROS Y FINANZAS LA CASTELLANA","ACB020281","Local 1-78","Bolivar","10.392835,-75.486881","Y"
"EFECTY SERVIPUNTO LA LIBERTAD","ACB119358","Cl 71 N. 21-89","Santander","7.076371,-73.854242","N"
"EFECTY BARRIO SAN SILVESTRE","ACB195576","Cr 43 # 82-71","Santander","7.083116,-73.838139","N"
"EFECTY CANCHA LA FLORESTA","ACB136265","Cl 73 # 29-49 Floresta","Santander","7.075407,-73.849567","N"
"EFECTY FRENTE AL CLUB DE LEONES","ACB164699","Cr 12 # D56-68","Santander","7.06595,-73.864751","N"
"EFECTY SERVIENTREGA EL PARNASO","ACB124275","Cr 19 # 61-27 Barrio Parnaso","Santander","7.069135,-73.857665","N"
"EFECTY","ACB358366","Calle 50  17 46","Santander","7.06626,-73.863018","N"
"CONEXRED","ACB279573","Diagonal 55 15b 38","Santander","7.065677,-73.86252","N"
"EFECTY DROGUERIA LA BUENA","ACB276756","Tv 55 # 19-85","Santander","7.065988,-73.857181","N"
"EFECTY TORCOROMA CARRERA 19","ACB115497","Cr 19 # 55-35","Santander","7.065303,-73.858172","N"
"ACCIONES Y VALORES SA","ACB064973","Cra 6 47 76 Barrio Colombia","Santander","7.059373,-73.871017","N"
"ACCIONES Y VALORES PF OFICINA IWANA","ACB064962","Cl 50 14  28","Santander","7.061072,-73.86637","N"
"EFECTY BARRIO GALAN.","ACB161827","Cl 58 # 27-97 Barrio Galan","Santander","7.06713,-73.852391","N"
"OFICINA PAGAFACIL VIVA BARRANCA BERMEJA","ACB066140","Carrera 11 50 19","Santander","7.060714,-73.866269","N"
"EFECTY SERVIC Y SOLUCIONES SEC COMERCIAL","ACB172113","Tv 6 N 8-116","Santander","7.059416,-73.868338","N"
"EFECTY ZONA INDUSTRIAL","ACB122426","Cr 33 # 59-92 Local 1 Las Camelias","Santander","7.06838,-73.8485","N"
"A Y V OFICINA BARRANCABERMEJA","ACB064038","Cra 11 No 50 - 19 Lc 331 Int Cc Viva","Santander","7.060436,-73.86585","N"
"EFECTY LA VIRGEN DIAGONAL 60","ACB173279","Dg 60 Lote 3 Br La Virgen","Santander","7.069472,-73.846041","N"
"EFECTY TORCOROMA CALLE 53","ACB139895","Cr 20 # 53-14","Santander","7.063188,-73.857163","N"
"EFECTY SERVIENTREGA BOSTON","ACB125539","Tv 49 # 63-23 Barrio Boston","Santander","7.076188,-73.828386","N"
"CONEXRED","ACB275205","Calle 49  15 87 Barrio Colombia","Santander","7.059524,-73.861684","N"
"EFECTY PEDRAZA CALLE 4 **","ACB133152","Cl 4 7-00 Esq","Magdalena","10.187995,-74.914705","N"
"EFECTY NUEVO CALLE 50","ACB166459","Cl 50 # 23-81","Santander","7.060411,-73.85487","N"
"EFECTY PA PRINCIPAL LA 60","ACB278187","Cl 60 # 36 E-48","Santander","7.068103,-73.837958","N"
"EFECTY","ACB358355","Vereda Pueblo Regao","Santander","7.060444,-73.854246","N"
"EFECTY EDS YUMA","ACB194784","Dg 57 Tv 48-22 Local 101","Santander","7.07378,-73.824184","N"
"EFECTY NUEVO COLOMBIA","ACB160969","Cl 48 # 22-13","Santander","7.058572,-73.855495","N"
"CONEXRED","ACB275283","Calle 52  34b 46 Barrio Santa Ana","Santander","7.062312,-73.84604","N"
"CONEXRED","ACB275195","Carrera 28  48 48 Barrio Palmira","Santander","7.059685,-73.851212","N"
"EFECTY PALMIRA CR 28 CON 48","ACB126518","Cr 28 # 48-47 Palmira","Santander","7.05959,-73.851394","N"
"EFECTY","ACB272345","Diagonal 60 Mz B 88 66 Altos Del Rosario","Santander","7.0655,-73.835657","N"
"EFECTY","ACB357981","Diagonal 60 Lote 03 Altos Del Rosario","Santander","7.065436,-73.835667","N"
"EFECTY BARRANCABERMEJA BARRIO LA GRANJA","ACB278198","Tv 44 # 57-13","Santander","7.06768,-73.829726","N"
"MULTIPAGAS","ACB197215","Transv. Oriental # 90-182","Santander","7.068355,-73.816979","N"
"EFECTY VILLARELYS II ETAPA","ACB126091","Cl 50 # 54-16","Santander","7.060375,-73.827745","N"
"CONEXRED","ACB320185","Carrera 30  29a  10","Santander","7.040852,-73.85151","N"
"EFECTY CARRERA 14","ACB114957","Cr 14 # 8-12 Entre C P1 Lc 2","Cesar","10.146628,-73.966245","N"
"EFECTY ELNOGAL","ACB173268","Cr 64 # 41a-07 Local 104","Santander","7.046608,-73.826239","N"
"EFECTY NAVARRA REAL.","ACB173280","Cl 51 # 43-72 Barrio Cantarrana","Antioquia","7.008417,-73.907125","N"
"EFECTY CORREGIMIENTO CHIMILA","ACB306512","Correg Chimila","Cesar","10.148924,-73.960234","N"
"EFECTY BARRIO CENTRAL","ACB115332","Cl 49 # 54-09","Antioquia","7.006289,-73.910736","N"
"CONEXRED","ACB303838","Calle 13 8 16","Cesar","9.700284,-73.279525","N"
"EFECTY CRA.5","ACB112692","Cr 5 # 8-33","Cesar","9.704068,-73.280728","N"
"EFECTY MOÑITO","ACB308723","Cl 22 B # 5a-23 Brr Flores De Manga","Cordoba","9.244847,-76.131018","N"
"EFECTY CENTRO CARRERA 4","ACB113693","Cr # 1-52","Norte De Santander","7.913593,-72.973216","N"
"EFECTY DIMONEX BECERRIL","ACB164590","Cr 5 # 5-19","Cesar","9.706457,-73.280361","N"
"EFECTY MOÑITO CALLE EL COMERCIO","ACB308734","Cr 2 22c 50 Br Centro","Cordoba","9.246587,-76.131228","N"
"EFECTY LA CARRERA CACHIRA","ACB128170","Kdx-250-4-2 La Carrera","Norte De Santander","7.741986,-73.048545","N"
"EFECTY FAVESO","ACB113770","Cr 8 # 4-72","Norte De Santander","7.742902,-73.048027","N"
"GIROS Y FINANZAS CÚCUTA METRO VENTURA","ACB024593","Diag. Santander Cl. 10 Y 11 Int. Metro","Norte De Santander","7.888106,-72.496538","Y"
"EFECTY","ACB358344","Sector El Veleno","Santander","7.016719,-73.799527","N"
"EFECTY CALAMAR CALLE 19","ACB122657","Cl 19 # 4-82","Bolivar","10.254966,-74.91404","N"
"EFECTY CALLE 14 EL PLAYON","ACB177262","Cl 14 # 1-63","Santander","7.472292,-73.204127","N"
"EFECTY EL PLAYON VIA NACIONAL","ACB162169","Cr 8 # 9-54","Santander","7.469445,-73.203575","N"
"CONEXRED","ACB278990","Carrera 6  8 30 Barrio Roberto Ortega","Santander","7.469554,-73.202372","N"
"EFECTY TELECOMUNICACIONES ANTIOQUIA","ACB113264","Cr 22 # 19-80 Bajos Hotel Riachon","Antioquia","6.90753,-75.076134","N"
"EFECTY","ACB357574","Calle 10 12 89","Valle Del Cauca","368.708952,-76.313512","N"
"CONEXRED","ACB309384","Carrera 11 10 81","Antioquia","6.979857,-75.296955","N"
"COOPERATIVA FINANCIERA DE ANTIOQUIA","ACB172520","Kr 10  9   23","Antioquia","7.111111,-75.551389","N"
"EFECTY CORREGIMIENTO DEL VISO","ACB278484","Cruz Del Viso Km 48 Cr Troncal De Occi.","Bolivar","10.233044,-75.191485","N"
"EFECTY MALAGANA BOLIVAR","ACB120260","Cr 14 # 13 06","Bolivar","10.236995,-75.188475","N"
"EFECTY CRA 2","ACB113330","Cr 2 2-48","Magdalena","10.327836,-74.870972","N"
"EFECTY SUAN CLLE 9","ACB126563","Cl 4 # 10-42","Atlantico","10.331654,-74.880597","N"
"CONEXRED","ACB273281","Carrera 10  4 22 Barrio Centro","Atlantico","10.331623,-74.880804","N"
"EFECTY SANTA LUCIA CL 5","ACB131831","Cl 5 # 8-53","Atlantico","10.322746,-74.961223","N"
"EFECTY","ACB166185","Cpo 22 Pinchete. Correg.el Cen Ecopetrol","Santander","6.940976,-73.762606","N"
"EFECTY LOS CORDOBAS 2","ACB177273","Cl 5 # 4-20","Cordoba","8.905917,-76.354409","N"
"EFECTY CORDOBAS","ACB114254","Cl 5 # 2-32","Cordoba","8.905791,-76.354856","N"
"CONEXRED","ACB303564","Carrera 49  501","Antioquia","6.770899,-74.798432","N"
"COOPERATIVA FINANCIERA DE ANTIOQUIA","ACB172883","Cl 19    19   25","Antioquia","6.963056,-75.416389","N"
"EFECTY CENTRO SERVIENTREGA","ACB110997","Cr 20 # 21-02","Antioquia","6.963478,-75.418141","N"
"AYV PF YARUMAL","ACB067305","Calle 2a No 1 70","Antioquia","6.962256,-75.416478","N"
"EFECTY YARUMAL MAS Y MAS","ACB117862","Cl 18 # 22-31","Antioquia","6.960652,-75.417378","N"
"EFECTY SAN PEDRO D URABA CL DEL COMERCIO","ACB179264","Cl 50 Numero 45a 91","Antioquia","8.275789,-76.379728","N"
"EFECTY SAN PEDRO DE URABA","ACB111734","Cr 49 # 50-42 San Pedro De Uraba","Antioquia","8.277148,-76.380537","N"
"EFECTY","ACB353185","Calle 9 No  7 155","Atlantico","10.379317,-74.881729","N"
"EFECTY CALLE 9","ACB112450","Cl 9 # 7-155","Atlantico","10.380265,-74.880756","N"
"EFECTY ANGOSTURA CALLE REAL","ACB179824","Cr 10 # 9-85","Antioquia","6.88516,-75.33539","N"
"AyV PF ARJONA BOLIVAR","ACB066975","Calle 43 No 02","Bolivar","10.248452,-75.345215","N"
"BANCAMIA ARJONA","ACB063323","Carrera 41a 48 51","Bolivar","10.25348,-75.343427","N"
"EFECTY POZO REAL","ACB160585","Cl 50 # 37-09 Pi 1 Lc 1 Pozo Real","Bolivar","10.254714,-75.34166","N"
"EFECTY OLIMPICA ARJONA","ACB136089","Cr 44 # 49-35 Esquina Av El Juncal","Bolivar","10.253442,-75.345418","N"
"EFECTY CRA 41","ACB304741","Cl Del Coco Cr 41 N 49-41 Plaza Ppal","Bolivar","10.25344,-75.34723","N"
"EFECTY","ACB355439","Calle 26 Sector La Y","Antioquia","8.849828,-76.42607","N"
"EFECTY CALLE 20 JULIO","ACB120138","Cr 30 # 30-30","Antioquia","8.852672,-76.426768","N"
"EFECTY EDS EL PUENTE ARBOLETE NUEVO","ACB324518","Cl 26 Sector La Y","Antioquia","8.851349,-76.428397","N"
"EFECTY GUADALUPE CR 50","ACB114023","Cr 50 # 51-29","Antioquia","6.815427,-75.240548","N"
"EFECTY SAN CRISTOBAL","ACB176140","Cl Las Flores Cr 5 # 19-05","Bolivar","10.393808,-75.063269","N"
"EFECTY MERCADO CRA.11","ACB119183","Cl 10 # 9-38","Magdalena","10.4634,-74.621781","N"
"EFECTY CENTRO","ACB115716","Cr 14 # 7-20","Magdalena","10.46559,-74.618664","N"
"EFECTY","ACB353240","Calle 5  2 47","Atlantico","10.439236,-74.911845","N"
"CONEXRED","ACB273632","Carrera 11  11 11 Barrio Alamos","Santander","7.265182,-73.149253","N"
"EFECTY SANTANDER JUNTO CENTRO DE ACOPIO","ACB304334","Cr 9 # 9-14 Barrio La Esperanza","Santander","7.263906,-73.148839","N"
"EFECTY VEREDA PORTACHUELO","ACB308635","Km 24 Vereda Portachuelo Via Al Mar","Santander","7.263626,-73.148686","N"
"EFECTY CENTRO","ACB121173","Cl 12 # 13-08","Atlantico","10.456419,-74.880322","N"
"EFECTY CORREGIMIENTO DE LEÑA","ACB274743","Cl 5 # 6 29","Atlantico","10.459676,-74.880969","N"
"EFECTY CALLE 15 CON 16","ACB320965","Cl 15 # 16-67","Atlantico","10.459719,-74.881346","N"
"EFECTY MANATI IGLESIA","ACB156779","Cr 5 # 7-05","Atlantico","10.445385,-74.959218","N"
"EFECTY CORREGIMIENTO CARRETO","ACB324936","Cl 5 # 2 47","Atlantico","10.460721,-74.87922","N"
"EFECTY SAN ESTANISLAO CL 26","ACB155206","Cl 26 16-106 Ap 1","Bolivar","10.39725,-75.147604","N"
"CONEXRED","ACB273313","Carrera 6  5 B 47 Barrio Centro","Atlantico","10.446894,-74.957118","N"
"EFECTY CALLE 8","ACB120468","Cl 8 # 8-16 Lc 1","Atlantico","10.448594,-74.959537","N"
"EFECTY MANATI INMACULADA","ACB154766","Cl 7 # 9-123","Atlantico","10.450787,-74.958814","N"
"EFECTY CENTRO CALLE 5.","ACB190757","Cl 5 # 6 37","Magdalena","10.488252,-74.795565","N"
"EFECTY CALLE SAN ROQUE TURBACO","ACB195488","Cr 12 N. 10-16 Cl San Roque","Bolivar","10.326277,-75.409049","N"
"EFECTY NUEVO PLAZA PRINCIPAL","ACB277405","Cl 17 # 13-40","Bolivar","10.329746,-75.409958","N"
"AyV PAGAFACIL TURBACO","ACB368596","Cl 17  18 26","Bolivar","10.329885,-75.414823","N"
"EFECTY AVE. PASTRANA","ACB115738","Av Pastrana # 23-82","Bolivar","10.332928,-75.412673","N"
"BANCAMIA CODAZZI","ACB062092","Kr 16 11 03","Cesar","10.029766,-73.236426","N"
"EFECTY SAN JUAN DE URABA","ACB160112","Cr 19 Salida Arbolete","Antioquia","8.754765,-76.527605","N"
"EFECTY LA CRUZ","ACB302398","Urb La Cruz Mz L Lote 9","Bolivar","10.334638,-75.412672","N"
"EFECTY RODEO SECTOR 3","ACB304949","Rodeo Sector 3 Mz 5 Lt 1","Bolivar","10.334638,-75.412672","N"
"EFECTY TURBACO BARRIO EL PAPAYAL","ACB277373","Cr 14 # 28-17","Bolivar","10.335217,-75.412548","N"
"EFECTY","ACB356089","Clle 20  24 03 Lc 2 Brr La Lucha","Cesar","10.036528,-73.241455","N"
"EFECTY","ACB351028","Clle 20  24 03 Lc 2 Brr La Lucha","Cesar","10.036528,-73.241455","N"
"EFECTY PLAN PAREJO CARRETERA TRONCAL","ACB155185","Cr 15 # 27-106 Plan Parejo","Bolivar","10.33551,-75.413504","N"
"EFECTY BELLAVISTA.","ACB276998","Cl 30 12-85 Cl Principal","Bolivar","10.337229,-75.410183","N"
"EFECTY CALLE CENTRAL CON 12","ACB123252","Cr 16 # 12-06 Loc 02","Cesar","10.033228,-73.235586","N"
"EFECTY CAR 16 SERVIENTREGA","ACB077744","Cr 16 # 21-55","Cesar","10.038517,-73.237867","N"
"EFECTY CODAZZI CALLE 12 BARRIO OBRERO","ACB176634","Cl 12 # 10 26 Barrio Obrero","Cesar","10.034005,-73.230095","N"
"EFECTY CORREGIMIENTO PASACABALLOS","ACB195619","Cl 18 # 5 21 Piso 1 Apto 2 Barrio Centro","Bolivar","10.295502,-75.506585","N"
"EFECTY SURATA CRA5","ACB191660","Cr 5 # 5 Impar","Santander","7.366864,-72.983983","N"
"EFECTY DIAGONAL DIAN","ACB150168","Cl 36 # 14-38","Santander","7.183108,-73.146247","N"
"EFECTY CHIMITA LA INMACULADA","ACB309153","Cr 57w # 44-40 Torre 2 Apto 1011","Santander","7.183108,-73.146247","N"
"EFECTY MORRO RICO VIA PAMPLONA","ACB175655","Via Pamplona 50-30 Barrio La Flora","Santander","7.183108,-73.146247","N"
"EFECTY CABECERA CALLE 48 FOTO JAPON","ACB128653","Cl 48 N 32-68","Santander","7.183108,-73.146247","N"
"EFECTY PARQUE CONUCOS","ACB308558","Cr 32 N. 58-31 Local 3","Santander","7.183108,-73.146247","N"
"EFECTY CALLE 34","ACB139422","Cl 34 # 22-36 Local 7","Santander","7.183108,-73.146247","N"
"EFECTY LOS MOTILONES BUCARAMANGA","ACB124363","Central Metropolitana Modulo 1 Of 637","Santander","7.183108,-73.146247","N"
"EFECTY COLORADOS AVENIDA 52","ACB128543","Av 52 # 21-124","Santander","7.183108,-73.146247","N"
"EFECTY LOS MOTILONES QUEBRADASECA","ACB124341","Av Quebradaseca # 25-21 Barrio Alarcon","Santander","7.183108,-73.146247","N"
"EFECTY DIAMANTE 2","ACB162961","Av 89 # 23-107 Barrio Diamante Ii","Santander","7.183108,-73.146247","N"
"EFECTY AL LADO DEL HOSPITAL","ACB162686","Cr 10 # 14 58","Cesar","10.035107,-73.229033","N"
"EFECTY LEBRIJA CENTRO","ACB165151","Cl 12 # 9-59 Barrio Centro","Santander","7.114369,-73.218362","N"
"CONEXRED","ACB303191","Calle 12  9  32","Santander","7.114664,-73.218031","N"
"EFECTY","ACB351798","Calle 13 No  8 43 47 Centro","Santander","7.115,-73.21735","N"
"EFECTY PARQUE PRINCIPAL LEBRIJA","ACB194058","Cr 8 N. 11-84","Santander","7.114055,-73.217006","N"
"EFECTY","ACB351655","Carrera 9 8 14","Santander","7.11171,-73.21824","N"
"EFECTY TORRES DE SAN REMO","ACB276712","Cl 60 # 9-143 Torres De San Remo Kiosko1","Santander","7.180695,-73.142761","N"
"EFECTY TURBACO ALTOS DE PLAN PAREJO","ACB324859","Mz J Lt 1 Br Altos De Plan Parejo","Bolivar","10.343563,-75.428661","N"
"EFECTY HORIZONTE ETAPA 5","ACB324848","Mz 4 Lote 7 Etapa 5 Barrio Horizonte","Bolivar","10.343563,-75.428661","N"
"EFECTY CALLE 56","ACB191495","Cl 56 # 22-62","Santander","7.178417,-73.134415","N"
"AyV PF FUNDACION MAGDALENA","ACB066997","Calle 6 No 8  87","Magdalena","10.515402,-74.201668","N"
"EFECTY CAROLINA DEL PRINCIPE","ACB114034","Cl 50 # 48-80","Antioquia","6.723866,-75.280801","N"
"EFECTY EDS LA FERIA","ACB324969","Cl 3 # 19-64","Magdalena","10.517171,-74.196154","N"
"EFECTY PRINCIPAL","ACB079614","Cl 7 # 7a -30","Magdalena","10.521582,-74.184888","N"
"BANCAMIA FUNDACION","ACB062762","Cl 7 No 7 35","Magdalena","10.521653,-74.18455","N"
"CONEXRED","ACB274886","Callel 4  8 26 Barrio Centro","Magdalena","10.52304,-74.186039","N"
"EFECTY CALLE 3","ACB116751","Cl 3 # 8-24","Magdalena","10.523745,-74.185794","N"
"EFECTY BUCARAMANGA BARRIO MARIA PAZ","ACB277603","Cr 4c # 15n-51 Barrio Maria Paz","Santander","7.148456,-73.13829","N"
"EFECTY ZONA PLAY GOMEZ PLATA","ACB163764","Cr 50 Norte 51-58","Antioquia","6.681966,-75.219076","N"
"EFECTY KENNEDY","ACB173114","Cr 12 # 13-69 Norte","Santander","7.150614,-73.13387","N"
"EFECTY","ACB351633","Calle 12an 11a 10 Carlos Pizarro","Norte De Santander","7.14839,-73.13383","N"
"AyV PF MAMONAL","ACB067031","Via Mamonal No 7c  39 Block Port Lc 18","Bolivar","10.342609,-75.493942","N"
"EFECTY BARRIO BETANIA","ACB190746","Cr 10 Peatonal 3 Ca 79 Et 11","Santander","7.140056,-73.135492","N"
"EFECTY PLAZA SAN FRANCISCO CLL 11","ACB308602","Cl 11 # 22-04 Local 2 Barrrio Mutualidad","Santander","7.147239,-73.126957","N"
"EFECTY BUCARAMANGA LA VIRGEN","ACB308624","Cr 15 # 3-17","Santander","7.140975,-73.1332","N"
"EFECTY VILLANUEVA","ACB153996","Barrio Cl Grande Cl 14 # 13-10","Bolivar","10.443333,-75.276199","N"
"EFECTY CORREGIMIENTO VILLA ROSA","ACB324958","Cl 10# 8a 71","Atlantico","10.493694,-75.126174","N"
"EFECTY CALLE 7","ACB112681","Cl 7 # 7-32","Atlantico","10.495307,-75.122619","N"
"CONEXRED","ACB271322","Calle 6  13 15 Brr Altico","Huila","7.138559,-73.133166","N"
"EFECTY DIMONEX REPELON","ACB171431","Cl 8 # 9 102","Atlantico","10.494955,-75.125779","N"
"EFECTY","ACB308613","Calle 6 No  15b 02","Santander","7.13934,-73.131542","N"
"EFECTY REPELON CALLE 8","ACB153369","Cl 8 # 10-169","Atlantico","10.495265,-75.128004","N"
"EFECTY REGADEROS NORTE CLUB","ACB301199","Cl 1 # 26-590","Santander","7.146161,-73.122946","N"
"PF ABASTOS BUCARAMANGA","ACB067910","Via Palenque Cafe Mad No 44   96 Lc 2102","Santander","7.103146,-73.165859","N"
"CONEXRED","ACB322495","Conjunto Residencial Torres De Caledonia","Santander","7.136211,-73.130144","N"
"EFECTY UNIVERSIDAD SANTO TOMAS","ACB130731","Cr 19 # 8-45 To 2","Santander","7.137772,-73.127823","N"
"EFECTY BARRIO EL GAITAN","ACB173136","Cr 11# 15-60","Santander","7.131294,-73.13379","N"
"CONEXRED","ACB196072","Kr 16 D # 20- 22","Cundinamarca","7.130325,-73.132018","N"
"MULTIPAGAS","ACB196599","Carrera 25 # 29-87","Santander","7.139048,-73.12305","N"
"EFECTY LA FERIA CALLE 26","ACB153138","Cl 26 # 1-83","Santander","7.121993,-73.14046","N"
"EFECTY CHIMITA","ACB112339","Cl 2 # 2 4","Santander","7.09474,-73.16935","N"
"EFECTY","ACB352908","Carrera 15 16 06 Local 102","Santander","7.131318,-73.130387","N"
"EFECTY UDI","ACB307041","Cr 24 N # 9 A-14","Santander","7.137617,-73.123754","N"
"EFECTY BULEVAR BOLIVAR CON 18","ACB278000","Bulevar Bolivar # 18-20","Santander","7.132851,-73.127754","N"
"EFECTY UNIVERSIDAD","ACB077492","Cr 26a # 9-36","Santander","7.138223,-73.121241","N"
"EFECTY KENNEDY CENTRO","ACB190559","Cr 12 # 21-15","Santander","7.126005,-73.131727","N"
"EFECTY CARRERA 15 CON 19 MUTUALIDAD","ACB121140","Cr 15 # 19-67","Santander","7.127833,-73.129487","N"
"EFECTY","ACB358388","Km 1 Via Pamplona 1 89 Local 5","Santander","7.135102,-73.121477","N"
"CONEXRED","ACB303092","Carrera 5  28  11","Santander","7.121091,-73.135317","N"
"CONEXRED","ACB279793","Trasvelsal 23 55b 39","Santander","7.083915,-73.174783","N"
"EFECTY CARRIZAL CAMPESTRE","ACB321230","Cl 57 # 22c-12 Barrio Carrizal Campestre","Santander","7.084176,-73.174478","N"
"CONEXRED","ACB303861","Calle 17  22a 16","Santander","7.131371,-73.124023","N"
"EFECTY SAN FRANCISCO CALLE 15 CON 25","ACB309285","Cl 15 # 25-40 Local 3","Santander","7.133575,-73.121551","N"
"EFECTY BARRIO GIRARDOT CALLE 27","ACB173125","Cl 27 # 7-54 Barrio Girardot","Santander","7.122003,-73.133393","N"
"GIROS Y FINANZAS C.C. CAMINO REAL","ACB020490","Cr 47 # 52-86 L-123","Antioquia","6.249903,-75.565113","Y"
"EFECTY BARRIO SANTANDER 2","ACB276790","Cl 31 # 04-07","Santander","7.118819,-73.135412","N"
"EFECTY NUEVO DIAGONAL SENA","ACB169540","Cl 14 # 28-45","Santander","7.134678,-73.119061","N"
"CONEXRED","ACB309582","Carrera  23 18 38","Santander","7.130509,-73.123188","N"
"EFECTY BARRIO SANTANDER CALLE 32","ACB304774","Cl 32 # 5 Occidente-25 Barrio Santander","Santander","7.116219,-73.137773","N"
"EFECTY","ACB323892","Kr 79 V  4   00","Bolivar","10.368968,-75.483096","N"
"EFECTY EL PALENQUE DIAGONAL A LA CANCHA","ACB175666","Cr 17b # 56-48 Barrio Palenque","Santander","7.083652,-73.170948","N"
"EFECTY CRA 24 BULEVAR BOLIVAR","ACB305984","Cr 24 # 19-69 Barrio San Francisco","Santander","7.129737,-73.122029","N"
"EFECTY EL RODEO","ACB160640","Cl 31 # 102-12 Eds El Rodeo","Bolivar","10.380284,-75.463183","N"
"CONEXRED","ACB300077","Diagonal 54 22 C 06 Barrio San Antonio D","Santander","7.081055,-73.172855","N"
"EFECTY QUEBRADASECA CON CRA15","ACB123692","Av Quebrada Seca # 15-22","Santander","7.122912,-73.127975","N"
"EFECTY SAN FRANCISCO BOSS CRA 22","ACB116740","Cr 22 # 21-75","Santander","7.127264,-73.123309","N"
"EFECTY KRA 27 CON 18 SAN ALONSO","ACB194069","Cr 27 # 18-67","Santander","7.13074,-73.119596","N"
"GIROS Y FINANZAS JUMBO MEGAMALL","ACB024669","Cl. 14 Cr 9 Esq Int. Almacén Olímpica","Santander","7.122569,-73.127929","N"
"EFECTY HUELLAS DE URIBE CARRERA 102","ACB176690","Cr 102 # 39 40 Mz A Lt 1","Bolivar","10.384464,-75.458295","N"
"CONEXRED","ACB199756","Cl 60e  16f 25 Casa 5","Santander","7.086285,-73.165123","N"
"EFECTY EXPRESS EFECTY SAN ALONSO CRA 30","ACB277988","Cr 30 # 18-62 Local 1 Barrio San Alonso","Santander","7.131516,-73.11751","N"
"EFECTY BELLAVISTA PARTE ALTA GIRON","ACB321229","Cl 47 # 29bis-16","Santander","7.076023,-73.1759","N"
"EFECTY CAFE MADRID SECTOR LA Y","ACB305852","Cr 10 Sec E Pj 2 Ca 84 Brr Betania Et 11","Santander","7.116577,-73.132113","N"
"EFECTY CAFE MADRID","ACB150993","Cr 8 # 35an-01 Cafe Madri","Santander","7.116628,-73.131741","N"
"EFECTY PARQUE DE LOS NIÑOS","ACB077645","Cl 32 # 27-71","Santander","7.120577,-73.127529","N"
"EFECTY","ACB323672","Cl 15  82   102","Bolivar","10.378905,-75.472371","N"
"EFECTY PARQUE CENTENARIO","ACB153271","Cr 18 # 30-77 Centro","Santander","7.122487,-73.125201","N"
"EFECTY PLAZA DE MERCADO CENTRO","ACB137024","Cr 16 # 33-44","Santander","7.120357,-73.126654","N"
"EFECTY SAN JOSE KR 100","ACB124550","Cr 100 #36 A-51","Bolivar","10.385276,-75.460561","N"
"MULTIPAGAS","ACB197336","Cra 21 # 30-60","Santander","7.123573,-73.123168","N"
"EFECTY QUINTA BRIGADA","ACB077568","Cr 33 # 17-86","Santander","7.133016,-73.11321","N"
"EFECTY CARRERA 13 PASEO DEL COMERCIO","ACB077481","Cl 35 # 13-47","Santander","7.118179,-73.127857","N"
"A Y V PF OFICINA PASEO DEL COMERCIO","ACB064731","Cl 35 No 13  51 Lc 2","Santander","7.118123,-73.127847","N"
"EFECTY","ACB305874","Carrera 15  34   64 Barrio Centro","Santander","7.119134,-73.126664","N"
"EFECTY LA RONDA","ACB115486","Dg 19 # 18 B-52 Plaza Principal","Antioquia","6.593451,-75.014614","N"
"EFECTY CENTRO COMERCIAL LOS ANDES","ACB190560","Cl 35 # 17-67 Local 105","Santander","7.119336,-73.125097","N"
"A Y V HOMECENTER SAN FERNANDO","ACB065424","Cl 31 No 82  112 Lc E2  Piso 2","Atlantico","10.383573,-75.468497","N"
"EFECTY EXPRES DIMONEX CONSOLAT VI ISABEL","ACB304477","Br La Consolata Sec Villa Isbabel","Bolivar","10.378153,-75.479652","N"
"EFECTY CAMPOHERMOSO","ACB117345","Cl 45 # 6-02 Oeste","Santander","7.105027,-73.13963","N"
"MULTIPAGAS","ACB196588","Cra. 35 # 18-65","Santander","7.119622,-73.123767","N"
"CONEXRED","ACB309494","Carre 9  43  68","Santander","7.113504,-73.130094","N"
"EFECTY CAMPOHERMOSO QUINTAESTRELLA","ACB305610","Cl 45 # 10 Occidente 32 Brr Campohermoso","Santander","7.101564,-73.142452","N"
"MULTIPAGAS","ACB196775","Cra. 33a # 28-15","Santander","7.13074,-73.112067","N"
"EFECTY CARRERA 9 CON 43","ACB161629","Cr 9 # 43-59 Local 2 Edificio Omaga","Santander","7.113297,-73.129928","N"
"MULTIPAGAS","ACB270596","Calle 35 #19-41 Local 121","Santander","7.119917,-73.123051","N"
"EFECTY EXPRESS CAMPOHERMOSO CR 1 CON 45","ACB305665","Cr 1 # 45-93 Barrio Campo Hermoso","Santander","7.108682,-73.134348","N"
"EFECTY CRA 30","ACB116003","Cr 30 # 29-75","Antioquia","6.552671,-74.787918","N"
"EFECTY SAN VICENTE YARIGUIES","ACB323726","Cr 19 # 7-04","Santander","6.884158,-73.413959","N"
"EFECTY CENTRO CALLE 37 PANAMA","ACB120743","Cr 16 # 37-100","Santander","7.116614,-73.125056","N"
"EFECTY CENTRO COMERCIAL MEGAMALL","ACB118171","Cl 30 A # 33 A-83 Megamall","Santander","7.129261,-73.112032","N"
"EFECTY FRENTE AL HOSPITAL UNIVERSITARIO","ACB173103","Cr 33 #30a-101","Santander","7.127997,-73.113236","N"
"EFECTY PRINCIPAL EFECTY","ACB077667","Cr 19 # 36-83","Santander","7.118452,-73.122795","N"
"EFECTY ALAMEDA LA VICTORIA MZ A","ACB276943","Mz A Lote 1 Alameda La Victoria","Bolivar","10.384323,-75.472449","N"
"EFECTY ANTONIA SANTOS CALLE 34","ACB326521","Cl 34 # 26-12","Santander","7.122498,-73.118095","N"
"EFECTY CALLE 45 CON 14","ACB301209","Cl 45 # 14-67 Brr Chorreras De San Juan","Santander","7.114233,-73.125991","N"
"MULTIPAGAS","ACB196609","Calle 40 # 26-13","Santander","7.072677,-73.169535","N"
"EFECTY CALLE 36","ACB077623","Cl 36 N. 25-23","Santander","7.12099,-73.118081","N"
"EFECTY CENTRO CRA 17","ACB161948","Cr 17 # 42 04","Santander","7.115562,-73.123272","N"
"EFECTY PLAZA GUARIN BUCARAMANGA","ACB277537","Cr 33 # 33 A-25 Barrio El Prado","Santander","7.125876,-73.112606","N"
"CONEXRED","ACB303113","Calle 3  5  69","Norte De Santander","7.878287,-72.626033","N"
"EFECTY BUCARAMANGA PARQUE BOLIVAR","ACB276877","Cl 39 # 21-57 Barrio Centro","Santander","7.118149,-73.120354","N"
"EFECTY","ACB358377","Calle 57  15a 46","Santander","7.130124,-73.107974","N"
"EFECTY SERVIRECAUDOS BUCARAMANGA","ACB077546","Cr 33 # 34-03","Santander","7.125349,-73.112497","N"
"EFECTY","ACB306864","Km 1  1 93 Local 6","Santander","7.129934,-73.107555","N"
"EFECTY CALLE 36 CON 28 COOTRACOLTA","ACB077634","Cl 36 # 27-109","Santander","7.121842,-73.115753","N"
"ACCIONES Y VALORES EXITO LA RO","ACB061475","Carrera 17 45 56","Santander","7.113612,-73.12368","N"
"EFECTY EXITO DIAGONAL 15 A","ACB077436","Cr 16 45-138 Cc Super Islas L-1-11 1-12","Santander","7.113414,-73.123884","N"
"EFECTY AV LA ROSITA CON 23","ACB278879","Cr 23 # 40-31","Santander","7.118144,-73.11853","N"
"A Y V HOMECENTER BUCARAMANGA","ACB061794","Barrio La Concordia Kr 21 No 45 02","Santander","7.115865,-73.120674","N"
"EFECTY VEINTE DE JULIO","ACB195202","Br 20 De Julio Mz 2 Lt 8","Bolivar","10.374157,-75.500553","N"
"EFECTY EL PRADO CRA 33","ACB308592","Cr 33 # 37-17 Lc 2","Santander","7.123237,-73.112141","N"
"EFECTY ALVAREZ","ACB153600","Cr 40 # 34-08","Santander","7.126049,-73.108821","N"
"EFECTY","ACB351644","Calle 41 No  34 37","Santander","7.12613,-73.10834","N"
"ACCIONES Y VALORES CC UNICENTRO","ACB060825","Kr 66 B 34 A 76 Lc 245 2do Pis","Antioquia","6.240754,-75.587134","Y"
"EFECTY","ACB351491","Cl 15 A 17   20","Santander","6.88049,-73.41055","N"
"EFECTY EXPRESS EFECTY BARRIO MIRAFLORES","ACB276932","Cr 55 # 18-14 Brr Miraflores","Santander","7.131622,-73.10244","N"
"EFECTY CARRERA 10","ACB111239","Cr 10 # 10-29","Santander","6.87995,-73.409618","N"
"EFECTY BARRIO MANZANARES","ACB191417","Cr 27w # 59-74","Santander","7.094789,-73.139351","N"
"EFECTY SOTOMAYOR AV GONZALEZ VALENCIA","ACB077470","Cr 25 # 50- 38 Esquina","Santander","7.116098,-73.11705","N"
"EFECTY SAN MIGUEL.","ACB135297","Cl 51 #15-58","Santander","7.109936,-73.123338","N"
"EFECTY RINCON DE GIRON","ACB123933","Cl 39 # 18-03 L-1 Brr Rincon De Giron","Santander","7.071484,-73.164237","N"
"EFECTY","ACB351590","Calle 48  26 19","Santander","7.116829,-73.115815","N"
"EFECTY","ACB355923","Calle 48  26 19","Santander","7.116829,-73.115815","N"
"EFECTY MARSELLA REAL","ACB119743","Av Bucaros Oeste # 3-141 L-13","Santander","7.104968,-73.128106","N"
"EFECTY POBLADO COMANDO DE POLICIA","ACB306886","Cr 23 # 31- 60","Santander","7.068109,-73.167482","N"
"EFECTY CARRERA 38","ACB166240","Cr 37 # 38-38","Santander","7.122689,-73.109319","N"
"EFECTY CALLE 45 PAPELERIA AZ","ACB308570","Cl 45 # 27a 33 Barrio Sotomayor","Santander","7.117846,-73.114132","N"
"EFECTY CAMPESTRE ETAPA 7","ACB176337","Barrio El Campestre Mza 65 Lt 14 Etapa 7","Bolivar","10.37914,-75.496999","N"
"A Y V PF OFICINA PROFESIONALES","ACB064719","Cr 34 42 88 Br Cabecera Del Llano","Santander","7.12051,-73.111001","N"
"EFECTY CARTAGENA LA CONCEPCION","ACB308899","Dg 31 # 71 B 23 La Concepcion","Bolivar","10.391658,-75.473884","N"
"ACCIONES Y VALORES PF OFICINA LAS PALMAS","ACB064720","Cl 47 N 28 54 Barrio Soto","Santander","7.117434,-73.112793","N"
"EFECTY CARTAGENA NUEVO CAMPESTRE","ACB153721","Urb Nuevo Campestre Mz E Lt 3","Bolivar","10.378863,-75.50004","N"
"EFECTY RINCON DE GIRON ZONA ALTA","ACB164062","Cr 18 # 31b-27 Bodega 2","Santander","7.068578,-73.164463","N"
"EFECTY CRA 36 CON 44 SAN PIO","ACB277197","Cr 36 # 44 02 Barrio Cabecera Del Llano","Santander","7.120234,-73.109517","N"
"AYV METRO GIRON","ACB066524","Av Los Caneyes No 21 B   33 Lc","Santander","7.063925,-73.169279","N"
"AYV METRO GIRON","ACB066492","Av Los Caneyes No 21 B 33 Lc 1021","Santander","7.063925,-73.169279","N"
"EFECTY MUTIS SECTOR FUNDADORES","ACB175644","Cl 60 # 7w-22","Santander","7.098714,-73.131673","N"
"EFECTY MUTIS IGLESIA LA CONSOLATA","ACB301210","Cr 2 W #59-19 Barrio Mutis","Santander","7.100476,-73.129626","N"
"EFECTY RIO DE ORO GIRON","ACB304862","Cl 21 # 26-136","Santander","7.062137,-73.170941","N"
"CONEXRED","ACB303487","Avenida 1  8 80 Barrio El Triunfo","Norte De Santander","7.93045,-72.60085","N"
"EFECTY BLAS DE LEZO","ACB276558","Blas De Lezo Mz 37 Lote 18 Etapa 4 L-1","Bolivar","10.386981,-75.485838","N"
"ACCIONES Y VALORES SAO LA PLAZUELA","ACB060726","Dg 31 No 71 130","Bolivar","10.390363,-75.479036","N"
"EFECTY SERVIENTREGA C.C. METRO GIRON","ACB132656","Cl 25 Av Los Caneyes 21b-23 Cc Carrefour","Santander","7.063961,-73.168181","N"
"EFECTY","ACB323694","Kr 71 A  42   45 Lc 4 Victoria","Bolivar","10.391456,-75.477185","N"
"PF LAS PALMAS 2","ACB067855","Calle 48 No 32  19 Lc 3 Edificio Tempo","Santander","7.116563,-73.111921","N"
"GIROS Y FINANZAS LA PLAZUELA","ACB020786","Cr Troncal De Occidente 71-30l-245 P-2","Bolivar","10.390757,-75.478942","N"
"EFECTY EXPRESS DIMONEX COSMETI OLGA CR33","ACB308569","Cr 33 # 47-65 Cabecera","Santander","7.117033,-73.111041","N"
"EFECTY GIRON BARRIO SANTA CRUZ","ACB326477","Cr 26 # 20-25","Santander","7.061798,-73.169846","N"
"EFECTY SERVIENTREGA C.C. SAN FERNANDO","ACB078185","Dg 21 # 21a91 Centro Cial Bosque L-6","Bolivar","10.385026,-75.491367","N"
"EFECTY REAL DE MINAS","ACB077535","Plaza Mayor Entrada 5 Lc 101","Santander","7.10365,-73.124377","N"
"EFECTY CONCORDIA CARRERA 21 CON CALLE 53","ACB116773","Cr 21 # 53-45","Santander","7.110491,-73.117029","N"
"EFECTY","ACB351732","Calle 32a No  8 80","Santander","7.07083,-73.15892","N"
"GIROS Y FINANZAS BUCARAMANG CC ACROPOLIS","ACB026287","Av Samanes # 9-140 Local 1-26 Piso 1","Santander","7.104803,-73.122341","N"
"EFECTY EXPRESS MERCADO CC EL PUNTAZO","ACB305061","Brr San Pedro Mz5 Lote 12 Local2","Bolivar","10.391394,-75.480739","N"
"EFECTY CENTRO COMERCIAL ACROPOLIS","ACB159606","Cl 56-9 # 140-00 Pi 2 Lc 204","Santander","7.10496,-73.121861","N"
"MULTIPAGAS","ACB199372","Calle 56 9140 Local 129","Santander","7.104579,-73.122103","N"
"EFECTY P.A. LOS SAUCES","ACB150982","Cr 3 # 63-54-60 Loc 7","Santander","7.100367,-73.126469","N"
"EFECTY COLORADOS PARTE ALTA","ACB326510","Cl 54 # 25 A-37","Santander","7.110988,-73.115418","N"
"AYV PF OFICINA CENTRO DE PAGOS CABECERA","ACB064742","Cl 51 A No 31  07","Santander","7.113937,-73.112339","N"
"MULTIPAGAS","ACB356342","Dg  15 55 56 Local 806","Santander","7.108571,-73.117617","N"
"EFECTY MONTERREDONDO","ACB168044","Cl 65 # 6w-255","Santander","7.094777,-73.131953","N"
"EFECTY ISLA DEL SOL","ACB077360","Cr 17 C # 56-15","Santander","7.107907,-73.117675","N"
"CONEXRED","ACB192155","Cl 52  31 20 Br Cabecera","Santander","7.11286,-73.112016","N"
"EFECTY LOS CORALES","ACB078196","Cr 56b Mz F 17 P 1 Apto 02","Bolivar","10.386964,-75.492416","N"
"MULTIPAGAS","ACB358607","Dg  15 56 22 P2 Cc San Jose Plaza","Santander","7.108019,-73.116804","N"
"CC CABECERA ETAPA IV","ACB065831","Cra 35a No 49 55 Lc 114 C C Cuarta Etapa","Santander","7.115118,-73.108904","N"
"ACCIONES Y VALORES COSMOCENTRO","ACB061518","Kr 33 No 51 119 Lc 207","Santander","7.113285,-73.110506","N"
"EFECTY POZON TRAV 72","ACB301331","Tv 72 Mz 47 Lot 13 Barrio Pozon","Bolivar","10.405846,-75.455701","N"
"EFECTY CLINICA METROPOLITANA.","ACB151334","Av Gonzalez Valencia # 55-58","Santander","7.110886,-73.112478","N"
"EFECTY BARRIO CIUDAD BOLIVAR","ACB308547","Cl 64c Casa 48","Santander","7.097562,-73.126328","N"
"MULTIPAGAS","ACB197347","Carrera 35a 51-82","Santander","7.114093,-73.108941","N"
"REDY CENTRO COLON","ACB363414","Transversal 54 No 30   763 Lc 33","Bolivar","10.392083,-75.485298","N"
"EFECTY CALLE 61 POLICLINICA","ACB326509","Cl 61 # 16-31 Barrio Ricaurte","Santander","7.104376,-73.11863","N"
"EFECTY","ACB352898","Carrera 34  52 37","Santander","7.112915,-73.109728","N"
"EFECTY CABECERA DEL LLANO CALLE 52","ACB305016","Cl 52 # 35a 17 Cabecera Del Llano","Santander","7.113537,-73.108699","N"
"EFECTY","ACB351600","Carrera 22 No  13a 10","Santander","7.05854,-73.16594","N"
"EFECTY LA CEIBA BUCARAMANGA","ACB326499","Cr 17a # 63-31 Lc 9","Santander","7.103512,-73.117484","N"
"EFECTY CENTRO CRA.4","ACB113604","Cr 4 # 3-06","Norte De Santander","7.539222,-72.772648","N"
"A Y V EXITO CASTELLANA","ACB067833","Ave Pedro De Heredia No 30 14 Local 113a","Bolivar","10.393847,-75.486705","N"
"EFECTY LAS PALMERAS MZ 48","ACB323759","Mz 48 Lt 37 Br Las Palmeras","Bolivar","10.400716,-75.472756","N"
"EFECTY CARRERA 30 CONUCOS","ACB308581","Cr 30 # 62-11 Barrio Conucos","Santander","7.107581,-73.111977","N"
"EFECTY BARRIO BUCARAMANGA CL 66 CON 7","ACB151301","Cl 68 # 6-116","Santander","7.093188,-73.126035","N"
"EFECTY","ACB323760","Br Las Palmeras Mz 8 Lt 1  Lc 1 01","Bolivar","10.401735,-75.472635","N"
"EFECTY LA VICTORIA CALLE 68","ACB077458","Cr 11 # 67 # 103","Santander","7.095183,-73.12376","N"
"EFECTY POZON CRA 88 MZ 105","ACB301342","Cr 88 Mz 105-18 Barrio El Pozon","Bolivar","10.409955,-75.455878","N"
"EFECTY LA VICTORIA CALLE 65","ACB077557","Cl 65 # 22 36 Barrio La Victoria","Santander","7.102243,-73.115339","N"
"EFECTY GIRON MIRADOR DE ARENALES","ACB278857","Tv 20c # 8a 10","Santander","7.05338,-73.166833","N"
"EFECTY PUERTO MADERO","ACB151817","Cr 14 # 14 A-09 Puerto Madero","Santander","7.059068,-73.160469","N"
"EFECTY TACARIGUA","ACB119941","Av El Bosque Tacarigua Ii Mz 1a Lote 7","Bolivar","10.39428,-75.491382","N"
"EFECTY","ACB301353","Urb El Gallo Tranv 76  33 21 Local 2","Bolivar","10.399465,-75.481177","N"
"AYV OLIMPICA BUENOS AIRES","ACB061145","Tv 54 No 41   241","Bolivar","10.388646,-75.502968","N"
"CONEXRED","ACB270200","Mz 16 Lote 12 0","Bolivar","10.394548,-75.491801","N"
"EFECTY OLIMPICA OUTLET NUEVO BOSQUE","ACB133514","Tv 53 A # 29 E 44 Mz B Lote 1","Bolivar","10.388757,-75.504501","N"
"EFECTY TERRAZAS LA FLORESTA","ACB131446","Cr 45 # 57-40 L-2 Barrio La Floresta","Santander","7.108169,-73.106398","N"
"EFECTY EXITO BARRIO CONTADORA","ACB277670","Av Pedro Heredia # 69-75 Sec Contadora","Bolivar","10.396168,-75.491214","N"
"EFECTY FLOR DELCAMPO","ACB304202","Mz 2a Lote 6 Apto 1 B Flor Del Campo","Bolivar","10.418333,-75.446613","N"
"EFECTY VILLA DE LOS CABALLEROS","ACB152687","Cl 2 Sur N 22b-05","Santander","7.050527,-73.16645","N"
"EFECTY NUEVO BOSQUE SEPTIMA ETAPA","ACB323771","Nuevo Bosque Mz 70 Lote 13","Bolivar","10.389156,-75.508116","N"
"EFECTY OLAYA SECTOR ESTELA","ACB304268","Cl 32b # 69b- 36 Av Pedro Romero","Bolivar","10.40506,-75.479427","N"
"EFECTY BRISAS DEL CAMPO GIRON","ACB308503","Cl 13b # 10c-09","Santander","7.05707,-73.155984","N"
"EFECTY PORVENIR BUCARAMANGA","ACB320691","Cl 104 F # 8 B 49","Santander","7.081499,-73.129473","N"
"EFECTY LAS GAVIOTAS AV PRINCIPAL","ACB191824","Mz 35 Lote 32 L-103 4 Eta Las Gaviotas","Bolivar","10.400778,-75.488612","N"
"COOPERATIVA FINANCIERA DE ANTIOQUIA","ACB172652","Cl 31  57   106 Local 121 Local 101","Bolivar","10.398333,-75.493889","N"
"EFECTY NUEVO COAVICONSA CRA 15","ACB320701","Cr 15 # 103-24 Local 7","Santander","7.087104,-73.122543","N"
"EFECTY MANUELA BELTRAN.","ACB153819","Cr 11c # 103d-15","Santander","7.083935,-73.12561","N"
"EFECTY POZON MZ 172","ACB302705","Cr 88 Mz 172 Lote 17 Piso 1","Bolivar","10.415463,-75.460856","N"
"GIROS Y FINANZAS C.C. EL CACIQUE","ACB025516","Trans. 93 # 34  99 L-256","Santander","7.099867,-73.107593","N"
"EFECTY MANUELA BELTRAN CRA 12","ACB323429","Cr 12 # 104a-32","Santander","7.083209,-73.124819","N"
"EFECTY","ACB323683","Dg 30  44   69","Bolivar","10.395785,-75.504538","N"
"COOPENESSA CACIQUE","ACB322714","Transversal 90 182 Local 405 Cc  Cacique","Santander","7.098592,-73.10746","N"
"EFECTY","ACB306918","Cl 104 B  42 A   22","Santander","7.084566,-73.121659","N"
"EFECTY EXPRESS DIMONEX BRR LAS DELICIAS","ACB195806","Cl 104b # 15-16 Barrio Las Delicias","Santander","7.083753,-73.122489","N"
"EFECTY VILLA SARA","ACB151004","Cl 105 15b-40 Villa Sara","Santander","7.081926,-73.122852","N"
"EFECTY BARRIO DIAMANTE","ACB326488","Cr 24 # 88-15 Barrio Diamante Ii","Santander","7.091146,-73.112559","N"
"EFECTY VEREDA MOTOSO GIRON","ACB272543","Vda San Jose De Motoso Finca Napoles","Santander","7.078829,-73.125313","N"
"EFECTY ACAPULCO","ACB151620","Ve Acapulco Ltoe 2 Manzan 13 Cs 2","Santander","7.078829,-73.125313","N"
"EFECTY CENTRO COMERCIAL LOS EJECUTIVOS","ACB151873","Cl 31 # 58-118 Lc 68","Bolivar","10.405148,-75.49186","N"
"EFECTY NUEVO PUNTA PARAISO","ACB152566","Cr 15 # 109-65 L-3 Barrio Punta Paraiso","Santander","7.077669,-73.124493","N"
"EFECTY CENTRO CARRERA 5 CON CALLE 7","ACB132711","Cr 5 # 7-50 Local 02","Magdalena","10.593478,-74.191832","N"
"EFECTY FRENTE OLIMPICA DE ARACATACA","ACB174027","Cl 8 # 5a 08","Magdalena","10.593983,-74.192485","N"
"EFECTY ARACATACA CENTRO CALLE 8","ACB151675","Cl 8 # 1-88","Magdalena","10.59397,-74.190057","N"
"EFECTY PROVENZA","ACB117565","Cl 105 # 22-52 Barrio Provenza","Santander","7.085218,-73.114874","N"
"EFECTY","ACB351864","Tv 53  21 B   00 No 111 Bosque","Bolivar","10.39066,-75.524608","N"
"EFECTY SAN LORENZO","ACB151389","Cl 110 # 21b-17 Local 101","Santander","7.082684,-73.116128","N"
"EFECTY VILLAGRANDE","ACB305928","Mz 27 Lt 16 Lc 2","Bolivar","10.400047,-75.508475","N"
"EFECTY CARTAGENA ED CONCASA CENTRO.","ACB130104","Centro Ed Concasa Piso 1 Local 2","Bolivar","10.400047,-75.508475","N"
"EFECTY CARTAGENA TERMINAL.","ACB156548","Terminal Local 1-01","Bolivar","10.400047,-75.508475","N"
"EFECTY NUEVO BOSQUE","ACB125090","Br Nuevo Bosque Mz 52 Lt 16 7 7","Bolivar","10.400047,-75.508475","N"
"EFECTY LAS RAMBLAS","ACB324882","Avial Km 9 Cc Las Ramblas L-603","Bolivar","10.400047,-75.508475","N"
"EFECTY EXPRESS PUENTE LOS ALPES GAVIOTAS","ACB324893","Tv 71a Dig 31c-05 Br Los Alpes","Bolivar","10.400047,-75.508475","N"
"EFECTY PASEO BOLIVAR CARRERA 17","ACB125210","Cr 17 # 51l-4 Paseo Bolivar","Bolivar","10.400047,-75.508475","N"
"EFECTY CRISANTO LUQUE","ACB078141","Dg 22 # 42-38 L-1","Bolivar","10.400047,-75.508475","N"
"EFECTY OLAYA SECTOR CENTRAL","ACB277791","Olaya Herrera Sec Central C 31 D # 63-51","Bolivar","10.400047,-75.508475","N"
"EFECTY VILLAS DE ARANJUEZ MZ 2","ACB305368","Mz 2 Lt 12 Br Villas De Aranjuez","Bolivar","10.400047,-75.508475","N"
"EFECTY LA CONSOLATA","ACB324860","Mz H L 16 Local 3","Bolivar","10.400047,-75.508475","N"
"EFECTY EL POZON SECTOR VICTOR BLANCO","ACB156339","Pozon Sector Victor Blanco Mz 190 Lote 2","Bolivar","10.400047,-75.508475","N"
"EFECTY CHILE","ACB155613","Barrio Chile Mz 67 Lote 1","Bolivar","10.400047,-75.508475","N"
"EFECTY OLAYA SECTOR CASA DE JUSTICIA","ACB121304","Olaya Herrera Av Pedro Romero","Bolivar","10.400047,-75.508475","N"
"EFECTY ASTURIAS","ACB155943","Dg 105 # 29b-43 Local 2 Barrio Asturias","Santander","7.090894,-73.106721","N"
"CONEXRED","ACB303795","Carrera  21b 111 50","Santander","7.081839,-73.116121","N"
"EFECTY PROVENZA 105 CON 24","ACB304994","Cl 105 # 24-99 Lc 5 Provenza","Santander","7.085925,-73.111347","N"
"GIROS Y FINANZAS C.C .OVIEDO","ACB025880","Cr 43a # 6 Sur-15 L-165","Antioquia","6.198797,-75.574591","Y"
"CONEXRED","ACB303872","Calle 102 A  41   03","Santander","7.095902,-73.100599","N"
"CONEXRED","ACB322604","Carrera 34  32c 03","Santander","7.091975,-73.104263","N"
"EFECTY","ACB279122","Avenida Crisanto Luque No 50  30","Bolivar","10.396882,-75.518113","N"
"EFECTY BUCARAMANGA PROVENZA COOMULTRASAN","ACB122471","Cr 21 B # 115-23","Santander","7.079882,-73.115935","N"
"EFECTY","ACB152027","Olaya Herrera Sector Tesca","Bolivar","10.407925,-75.498052","N"
"EFECTY EL CRISTAL","ACB151356","Cl 122 # 19-08 Barrio Cristal Alto","Santander","7.076647,-73.11802","N"
"EFECTY ZAPAMANGA 1 ETAPA","ACB273852","Cr 40 # 110a-05 Zapamanga 1 Etapa","Santander","7.092123,-73.100375","N"
"EFECTY DURANIA AV. 2 BARRIO LA TROJA","ACB150014","Av 2 # 5-26 Lote 1 Barrio La Troja","Norte De Santander","7.714812,-72.657589","N"
"EFECTY","ACB351875","Dg 21  45 A   138 Lc 2 3","Bolivar","10.399322,-75.521817","N"
"EFECTY MULTISERVICIOS PAYADOR","ACB172124","Cl 123 # 31a-05","Santander","7.084624,-73.106128","N"
"EFECTY","ACB351787","Calle 8 Cra 4  7   34","Magdalena","10.61252,-74.26608","N"
"EFECTY RED PLATINUM EL BOSQUE","ACB199361","Dg 21 # 45 A-20 Barrio El Bosque","Bolivar","10.399539,-75.522032","N"
"EFECTY LA TRINIDAD","ACB152193","Cr 18 # 59-24 Local 203","Santander","7.094003,-73.095487","N"
"EFECTY EXPRESS DIMONEX PARQUE BRUSELAS","ACB323649","Brr Bruselas Cl Lozano Y Lozano N 42 81","Bolivar","10.403186,-75.517589","N"
"EFECTY","ACB352887","Km 3981 Anillo Vial Rio Frio","Santander","7.061006,-73.127147","N"
"CONEXRED","ACB302958","Carrera 22  153  2 Barrio Palomitas","Santander","7.074644,-73.111896","N"
"PUERTO COLOMBIA","ACB324464","Calle 2 A No 6 41","Atlantico","10.41108,-75.506814","N"
"EFECTY ZAPAMANGA PATINODROMO","ACB308536","Cr 48 # 126-70","Santander","7.086957,-73.097542","N"
"EFECTY SANTA ANA CALLE 4","ACB305302","Cr 10 # 2-65 Barrio Santa Ana","Santander","7.08346,-73.100712","N"
"EFECTY VILLABEL","ACB277681","Cr 12 # 5-16 Lc 1 Br. Villabel","Santander","7.082057,-73.10205","N"
"EFECTY LOS ROBLES","ACB277087","Cl 55b # 12b-22","Santander","7.091927,-73.090741","N"
"EFECTY MARIA AUXILIADORA","ACB119534","Cl 30 Nº38-58","Bolivar","10.408749,-75.515714","N"
"EFECTY PARQUE PRINCIPAL CENTRO","ACB128730","Cr 9 # 4-75 Parque Principal","Santander","7.082326,-73.099748","N"
"CONEXRED","ACB300253","Carrera 12  14  19 Barrio Rosales","Santander","7.078271,-73.103256","N"
"EFECTY BARRIO CIUDAD VALENCIA","ACB152137","Cr 12 # 14-11 Local 1","Santander","7.078091,-73.103182","N"
"EFECTY BARR LA ESMERALDA","ACB274435","Cr 58 # 120-62 Barrio La Esmeralda","Santander","7.089715,-73.090592","N"
"EFECTY BARRIO ROSALES","ACB304707","Cr 12 N #23-11 Br Rosales","Santander","7.074433,-73.104461","N"
"CONEXRED","ACB309395","Carrera  45 145 113","Santander","7.081301,-73.09714","N"
"EFECTY BARRIO VILLALUZ","ACB150674","Cr 10 A # 50-20 Villaluz","Santander","7.087716,-73.090244","N"
"EFECTY","ACB309229","Cra 25  29 57 Local 13","Santander","7.071164,-73.106999","N"
"ACCIONES Y VALORES OFICINA CANAVERAL","ACB065392","Cl 30 No 25 71 Oficina Canaveral Lc 110","Santander","7.070817,-73.107301","N"
"EFECTY MARTINE MARTELO","ACB305391","Martinez Martelo Dg 21 N 28 24","Bolivar","10.409674,-75.521961","N"
"GIROS Y FINANZAS CANAVERAL","ACB020599","C.c. Cañaveral L-158","Santander","7.070362,-73.107095","N"
"EFECTY LAGOS DOS ESTACION DEL METROLINEA","ACB308514","Cr 8 # 49-11","Santander","7.087735,-73.088868","N"
"EFECTY LA PLAZA","ACB323078","Cl 3 # 2-62","Atlantico","10.609513,-74.926964","N"
"EFECTY EQUILIBRIO VILLA FIRENZE","ACB077591","Br Florida Cs 144156 Autopis F Autopis F","Santander","7.07746,-73.099122","N"
"MULTIPAGAS","ACB302936","Carrera 27 29 145  Local Sca3e","Santander","7.071821,-73.104977","N"
"MULTIPAGAS","ACB197501","Av. Pedro De Heredia Cra 13 #31-45","Bolivar","10.41222,-75.518893","N"
"EFECTY BELLAVISTA FLORIDABLANCA","ACB125649","Sector B T-10 Apto 101 A","Santander","7.077286,-73.09915","N"
"EFECTY BELLAVISTA CARRETERA ANTIGUA","ACB306754","Altos De Bellavista Sector 7 Local 16","Santander","7.077286,-73.09915","N"
"EFECTY PRADOS DEL SUR","ACB127388","Cr 45 # 144c Local 2 Prados Del Sur","Santander","7.080022,-73.0959","N"
"EFECTY LAGOS 1","ACB127443","Cl 29 # 11-10 Local 2 Barrio Lagos 1","Santander","7.072487,-73.103601","N"
"EFECTY SANTA ANA CRA 4","ACB176953","Cr 4 # 15-48 Piso 1 Barrio Santa Ana","Santander","7.077922,-73.097389","N"
"REDY PASEO LA CASTELLANA","ACB363436","Calle 30 No 30 31 Pasillo 02 Ac 30","Bolivar","10.412059,-75.520962","N"
"EFECTY EL CARMEN","ACB112043","Cr 10a # 47-04","Santander","7.085925,-73.088871","N"
"EFECTY PUEBLO BELLO CALLE 9","ACB128103","Cl 9 5-79","Cesar","10.412727,-73.590973","N"
"EFECTY","ACB322846","Calle 7  4 20","Atlantico","10.62676,-74.829191","N"
"EFECTY","ACB351006","Corregimiento Mulatos","Antioquia","8.49203,-76.654466","N"
"EFECTY EXPRESS EFECTY CASTILLO CRA 6","ACB324475","Castillo Grande Cr 6 # 5-73","Bolivar","10.396997,-75.55662","N"
"EFECTY LAGOS III","ACB150971","Cl 29 # 7-08","Santander","7.071875,-73.099139","N"
"EFECTY","ACB355396","Castillo Grande Kra 6  5   73","Bolivar","10.397272,-75.55652","N"
"EFECTY RED PLATINUM BAZURTO","ACB128796","Cl 29 C # 25-03 Sc Platanos Arrio Chino","Bolivar","10.412646,-75.527365","N"
"AYV PF BAZURTO","ACB066623","Carrera 32 No 25 C 144 Piso 1 Lc 4","Bolivar","10.41354,-75.52569","N"
"EFECTY RECODO DE LA COLINA","ACB156009","Av 60 # 139-40","Santander","7.083919,-73.085602","N"
"EFECTY BARRIO ASOVILAGOS","ACB276987","Cr 31 # 155-34","Santander","7.070741,-73.099264","N"
"EFECTY MANGA SECTOR DIAN","ACB078251","Cr 25 # 24-93","Bolivar","10.409083,-75.535377","N"
"CONEXRED","ACB309373","Carrera 12  12  33","Antioquia","6.493467,-74.405234","N"
"MULTIPAGAS","ACB271982","Avenida El Lago   Carrera 22  22  108","Bolivar","10.413623,-75.530074","N"
"EFECTY FRENTE A LA CENTRAL DE POLICIA","ACB120842","Cr 17 # 17-31","Atlantico","10.639752,-74.752419","N"
"EFECTY EXPRESS LA CUMBRE EL TANQUE","ACB272268","Cr 6 E # 32-18 Barrio La Cumbre","Santander","7.076821,-73.089699","N"
"EFECTY LA CUMBRE CARRERA 9","ACB168714","Cr 9e # 31-12","Santander","7.078476,-73.087902","N"
"EFECTY LAGOS II CRA 6","ACB151291","Cr 6 # 40-07 Lc 1 Lagos Ii","Santander","7.068866,-73.097487","N"
"AYV CC CARIBE PLAZA","ACB067602","Calle 29 D No 22 108 Local 181","Bolivar","10.415608,-75.528335","N"
"GIROS Y FINANZAS C.C. CARIBE PLAZA","ACB025550","Local 0-10","Bolivar","10.415744,-75.528652","N"
"EFECTY LA CUMBRE CALLE 30","ACB077612","Cl 30 # 6ae-80 Via Ppal Barrio La Cumbre","Santander","7.076883,-73.088315","N"
"EFECTY MANGA EL TREBOL","ACB324903","Cr 22 # 29a-01 Lc 1 Av La Asamblea","Bolivar","10.413982,-75.533093","N"
"EFECTY SERVIENTREGA PUERTO BERRIO CENTRO","ACB110887","Cl 53 # 4-25","Antioquia","6.490106,-74.401111","N"
"EFECTY BERLIN CORREGIMIENTO DE TONA","ACB128828","Cl 8 # 7-08","Santander","7.203678,-72.966218","N"
"EFECTY LAGUNA SAN LAZARO","ACB323331","Pie De La Popa Cl 29 B # 21d-42","Bolivar","10.415673,-75.531293","N"
"COOPERATIVA FINANCIERA DE ANTIOQUIA","ACB172751","Cl 52  4   52","Antioquia","6.49,-74.401667","N"
"CONEXRED","ACB307304","Diagonal 26 10d Este 21","Santander","7.078571,-73.085162","N"
"GIROS Y FINANZAS BOCAGRANDE","ACB025714","Av San Martín # 7-135 L-3","Bolivar","10.403271,-75.555271","N"
"REDY CARRERA TERCERA","ACB363425","Av  San Martin Cra 2 No 8 146 Lc 112","Bolivar","10.404385,-75.553934","N"
"MULTIPAGAS","ACB198953","Carrera 6  49   11 Local 1","Antioquia","6.488871,-74.402772","N"
"EFECTY EDS D1 PASO NIVEL PUERTO BERRIO","ACB126310","Cl 9 # 7-20","Antioquia","6.4884,-74.407372","N"
"EFECTY CALLE 8","ACB115552","Cl 8 # 3-36","Antioquia","6.488351,-74.405933","N"
"EFECTY LAGOS VICENTE AZUERO","ACB175611","Cr 3 # 47-26","Santander","7.068924,-73.092784","N"
"EFECTY PIE DEL CERRO CALLE 30","ACB163335","Cl 30 # 20-558 P1 Apto 42 Pie De La Popa","Bolivar","10.419335,-75.531492","N"
"EFECTY CORREGIMIENTO CASCAJAL","ACB304213","Cl 13 Con Cr 13 # 13-50","Atlantico","10.624265,-74.917499","N"
"EFECTY CALLE 18 SABANALARGA","ACB323353","Cl 18 # 9-15","Atlantico","10.624064,-74.919791","N"
"CONEXRED","ACB300055","Carrera 98 B 25 130 Centro Comercial La","Valle Del Cauca","10.623973,-74.920461","N"
"EFECTY","ACB308756","Calle 18  9 15 Local 1","Atlantico","10.624191,-74.919757","N"
"ACCIONES Y VALORES OLIMPICA BOCAGRANDE","ACB060957","Carrera 2 12 37","Bolivar","10.410426,-75.550822","N"
"EFECTY","ACB353228","Kra19a 29b   253 Local 1","Bolivar","10.418465,-75.535457","N"
"EFECTY MANGA 1","ACB078217","Cs 1764 Av Jimenez Ed Ana Teresa","Bolivar","10.416293,-75.539994","N"
"ACCIONES Y VALORES","ACB064434","Carrera 1 No 12 118 Lc 008 Entrada","Bolivar","10.41073,-75.55118","N"
"EFECTY PIE DE LA POPA LA FUENTE","ACB324914","Brr Pie De La Popa Kra19a #29b-253 L-1","Bolivar","10.419488,-75.534845","N"
"CONEXRED","ACB279847","Calle 14 11 17 Barrio Villa Carmen","Atlantico","10.625712,-74.917494","N"
"COOPERATIVA FINANCIERA DE ANTIOQUIA","ACB172805","Kr  8  9 03 05","Antioquia","6.495833,-74.825","N"
"EFECTY HOSPITAL SABANALRGA CALLE 23","ACB324145","Cl 23 # 10-92","Atlantico","10.625004,-74.924561","N"
"EFECTY SOLUCIONES DIVINO NIÑO","ACB172081","Cr 6 # 5-26 Local 2","Santander","6.900791,-73.283952","N"
"EFECTY BAVIERA","ACB190593","Cr 25 # 200a-15","Santander","7.060449,-73.094257","N"
"EFECTY","ACB168329","Lo Amador Carrera 20   34 - 32","Bolivar","10.42341,-75.532705","N"
"EFECTY CORREGIMIENTO ARROYO DE PIEDRA","ACB168604","Cr 1 5-50 Correg Arroyo De Piedra","Atlantico","10.627517,-74.92198","N"
"EFECTY","ACB358333","Cra 58  73  38","Santander","6.531828,-74.072895","N"
"EFECTY ATLANTICO CORDIALIDAD","ACB116630","Carretera Cordialidad # 226-60","Atlantico","10.627848,-74.92198","N"
"EFECTY","ACB351897","Cl 30  17   109","Bolivar","10.422195,-75.540035","N"
"EFECTY DIMONEX PARAGUITAS","ACB304642","C.c. Paraguitas L-c -20 Br Paraguitas","Santander","7.065156,-73.085012","N"
"EFECTY ATLANTICO PRINCIPAL","ACB111107","Cl 18 # 16-150","Atlantico","10.630168,-74.918846","N"
"MULTIPAGAS","ACB196764","Calle 5 # 7 - 48","Santander","7.06269,-73.08673","N"
"EFECTY","ACB351886","Cl 24  8 A   344","Bolivar","10.419214,-75.547521","N"
"EFECTY FLORIDA FRENTE AL MERCANTIL","ACB277252","Cl 7 # 8-21 Barrio Casco Antiguo","Santander","7.061503,-73.085766","N"
"EFECTY CALLE COLON","ACB112614","La Av Ferrocarril # 16-72","Antioquia","6.539735,-75.087972","N"
"GIROS Y FINANZAS C.C. LA CASONA PLAZA","ACB025286","Cl 21 # 19-04 L 8-9","Atlantico","10.632363,-74.920233","N"
"EFECTY CALLE BOLIVAR CISNEROS.","ACB308482","Cl Bolivar Contiguo A La Casa Cural","Antioquia","6.5392,-75.086885","N"
"ACCIONES Y VALORES","ACB063961","Cc Mall Plaza El Castillo","Bolivar","10.425003,-75.540418","N"
"EFECTY EXPRESS GETSEMANI CL SAN ANDRES","ACB324925","Getsemani Cl San Andres # 30-60","Bolivar","10.422532,-75.545384","N"
"EFECTY PUNTO MOVIL CARIBE","ACB114210","C. Plazoleta De Telecom Edf Mariscal","Bolivar","10.423079,-75.544457","N"
"EFECTY ALTAMIRA CRA 15","ACB306787","Cl 5 # 14-126","Santander","7.064727,-73.081146","N"
"MULTIPAGAS","ACB197721","Calle 31 83b 104","Bolivar","10.423051,-75.545481","N"
"EFECTY TIGER MARKET VIJAGUAL","ACB326532","Km 8 Via Al Mar Barrio Colorados","Santander","7.057719,-73.087645","N"
"COOPERATIVA FINANCIERA DE ANTIOQUIA","ACB172564","Kr  20  18   05","Antioquia","6.538333,-75.088889","N"
"MULTIPAGAS","ACB271993","Calle 32 A  8 30","Bolivar","10.423293,-75.547547","N"
"ACCIONES Y VALORES OLIMPICA LA MATUNA","ACB060418","Carrera 9 32 38","Bolivar","10.424294,-75.546064","N"
"MULTIPAGAS","ACB302925","Calle 32a 8 33 Local 3","Bolivar","10.423853,-75.547786","N"
"EFECTY","ACB301573","Cl 6  17   19 Lc 2","Santander","7.06461,-73.078041","N"
"ACCIONES Y VALORES","ACB066227","Cc Centro Uno","Bolivar","10.424558,-75.546895","N"
"GIROS Y FINANZAS CENTRO","ACB020104","Av Venezuela 8 A-87 L-3 Piso 1","Bolivar","10.424656,-75.546854","N"
"EFECTY","ACB352876","Calle 11  8 08 Favuis","Santander","7.058076,-73.084185","N"
"EFECTY SERVIENTREGA BODEGA CALLE 11","ACB077382","Cl 11 # 8-08","Santander","7.058087,-73.084151","N"
"EFECTY VICENTE GARCIA","ACB071704","Cl Vicente Garcia # 6-19 Barrio Centro","Bolivar","10.424419,-75.549486","N"
"EFECTY CENTRO-SAN DIEGO","ACB124451","Cr 11 # 37-19 Lc 1 San Diego","Bolivar","10.426837,-75.545133","N"
"ACCIONES Y VALORES","ACB065578","Exito San Diego","Bolivar","10.427106,-75.545385","N"
"EFECTY CR 21 CON 31 EVARISTO SOURDIS","ACB322857","Cr 21 # 32 35","Atlantico","10.635327,-74.93296","N"
"EFECTY CRESPO","ACB078228","Cl 70 # 3-31","Bolivar","10.444842,-75.517774","N"
"AyV PF TRANSITO CARTAGENA","ACB067657","Calle 46 No 2   16 Barrio Marbella","Bolivar","10.434993,-75.538729","N"
"EFECTY C.C MALL PLAZA EL CASTILLO","ACB139037","C.c. Mall Plaza El Castillo Cr 13 Numero","Bolivar","10.44174,-75.525506","N"
"MULTIPAGAS","ACB199327","Calle 71 3-89  Aeropuerto Rafael Nuñez","Bolivar","10.446452,-75.516454","N"
"CONEXRED","ACB300703","Avenida 12 16 45 Barrio La Libertad","Norte De Santander","7.902059,-72.536766","N"
"CONEXRED","ACB199701","Cl 7  29 117","Norte De Santander","7.915463,-72.531567","N"
"CONEXRED","ACB199592","Cl 10  0   29","Norte De Santander","7.897883,-72.535599","N"
"EFECTY MOTILONES AV 5","ACB326598","Av 5 # 2-40 Local 1 Motilones","Norte De Santander","7.918362,-72.527376","N"
"CONEXRED","ACB199679","Cl 11  5   83","Norte De Santander","7.921385,-72.524017","N"
"CONEXRED","ACB199613","Cl 13  5   48","Norte De Santander","7.922179,-72.523648","N"
"CONEXRED","ACB303476","Calle 14b 1593","Norte De Santander","7.942712,-72.51634","N"
"EFECTY LA HERMITA","ACB194904","Av 7 # 32-54 La Hermita","Norte De Santander","7.932026,-72.519358","N"
"CONEXRED","ACB304004","Calle 34  5 2","Cundinamarca","7.932826,-72.516941","N"
"EFECTY CALLE 9","ACB078316","Cl 9 # 9-21","Norte De Santander","7.889269,-72.531334","N"
"CONEXRED","ACB274556","Manzana 4 Lt 19 Et 3 Barrio Juan Atalaya","Norte De Santander","7.905672,-72.525569","N"
"EFECTY CALDAS CRA.29","ACB114539","Cr 29 # 30 B-24","Antioquia","6.6491,-75.460205","N"
"AYV PF SANTA ROSA DE OSOS","ACB066359","Carrera 31 No 30   51 Supermercado 3","Antioquia","6.649434,-75.46145","N"
"EFECTY BRR LATINO CENTRO CL 8 CON 2","ACB321032","Cl 8 # 2-25","Norte De Santander","7.891647,-72.527972","N"
"EFECTY","ACB358508","Cr 7d  29 11 Brr Ciudad Blanca","Antioquia","6.648652,-75.460898","N"
"EFECTY BARRIO AEROPUERTO","ACB161773","Cl 15 Norte # 1-27 Barrio","Norte De Santander","7.918827,-72.517961","N"
"CONEXRED","ACB303982","Carrera 30 29 22","Norte De Santander","6.647659,-75.459929","N"
"EFECTY EL CONTENTO CALLE 14","ACB326554","Cl 14 Av 12 # 12-13","Norte De Santander","7.938877,-72.511082","N"
"EFECTY UNIDAD MOVIL ANTIOQUIA","ACB127047","Cr 48 # 78-19","Antioquia","6.646759,-75.460094","N"
"EFECTY LURUACO-CORDIALIDAD","ACB115970","Cr 20 # 19-183","Atlantico","10.609349,-75.140431","N"
"EFECTY SERVIENTREGA","ACB115387","Cl Caldas # 30-35","Antioquia","6.644908,-75.460413","N"
"EFECTY EDIFICIO PASEO COMERCIAL","ACB277108","Av 5 # 7 29 Lc 10 Edf Paseo Comercial","Norte De Santander","7.912991,-72.51622","N"
"EFECTY","ACB354911","Calle 3  0 38 Local 4 Trigal Del Norte","Norte De Santander","7.946125,-72.505514","N"
"EFECTY SHOPPING CENTER 2","ACB300626","Cl 71 Cr 4 Br La Plazuela","Bolivar","10.477996,-75.493649","N"
"EFECTY ANIVERSARIO II","ACB161838","Cl 4a Norte # 17 B-49 Brr Aniversario Ii","Norte De Santander","7.906618,-72.51812","N"
"EFECTY LA VITORIA MZ F5","ACB271399","Mz F5 Lote 1 Lc 2 Ayalaya 1 Etapa","Norte De Santander","7.905618,-72.518436","N"
"CONEXRED","ACB199404","Cr 20 18 142","Atlantico","10.610129,-75.142145","N"
"EFECTY TRIGAL DEL NORTE CALLE 3","ACB326619","Cl 3 # 0-38 Local 4 Trigal Del Norte","Norte De Santander","7.945946,-72.504613","N"
"EFECTY LURUACO FRENTE ESTACION DE POLICA","ACB166008","Cr 20 # 17-35","Atlantico","10.610417,-75.143643","N"
"CONEXRED","ACB199668","Cl 12  2   82","Norte De Santander","7.934683,-72.504256","N"
"CONEXRED","ACB199635","Av  Kennedy  1   34","Norte De Santander","7.904947,-72.513785","N"
"EFECTY BARRIO VIRGILIO BARCO CLL 21","ACB170045","Av 2 # 21-46 Apto 1 Brr Virgilio Barco","Norte De Santander","7.940975,-72.502103","N"
"EFECTY AEROPUERTO AV 2","ACB308668","Av 2 # 1-86 Lc 2 Aeropuerto","Norte De Santander","7.928515,-72.505069","N"
"EFECTY CUCUTA BARRIO CUNDINAMARCA CLL 11","ACB167296","Cl 11 # 20-53 Barrio Cundinamarca","Norte De Santander","7.882777,-72.51957","N"
"CONEXRED","ACB309834","Avenida 11  8  03","Norte De Santander","7.93235,-72.503028","N"
"EFECTY SAN MIGUEL AV 17","ACB195532","Av 17 # 8-51 Local 2","Norte De Santander","7.886142,-72.516445","N"
"EFECTY PANAMERICANO AV. 7","ACB156603","Av 7 # 6-23 Barrio Panamericano","Norte De Santander","7.930269,-72.500892","N"
"CONEXRED","ACB279892","Avenida 7 3 21","Norte De Santander","7.929168,-72.500742","N"
"EFECTY SAN MARTIN CALLE 2","ACB321054","Cl 2 # 11a-88 Local 1 Urb San Martin","Norte De Santander","7.893803,-72.512179","N"
"CONEXRED","ACB196335","Dg 25 Cl 61 - 41","Cesar","7.898668,-72.509918","N"
"EFECTY PARQUE PRINCIPAL","ACB119402","Cr 20 # 19-20","Antioquia","6.484831,-75.019706","N"
"EFECTY EXPRESS EFECTY SAN ROQUE CL REAL","ACB305753","Cl 19 # 20 -56","Antioquia","6.48488,-75.019972","N"
"EFECTY LA INSULA AVENIDA 7","ACB191088","Av 7 # 0-70 Local 9 La Insula","Norte De Santander","7.923932,-72.500939","N"
"CONEXRED","ACB193815","Cl 9 A  3 A  94 El Bosque","Norte De Santander","7.909173,-72.504615","N"
"EFECTY BARRIO SEVILLA AV 7A","ACB164017","Av 7a # 2b Norte -02","Norte De Santander","7.901772,-72.50692","N"
"CONEXRED","ACB198667","Mz F 3 L 1 Brr La Concordia","Norte De Santander","7.905451,-72.505591","N"
"EFECTY AGUA CLARA SANTA MARIA","ACB194739","Kdx 29-c L-2 Via Puerto Santander","Norte De Santander","7.905451,-72.505591","N"
"EFECTY CL 3 CENTRO PUERTO SANTANDER","ACB139718","Cl 3 0-46","Norte De Santander","8.365488,-72.407518","N"
"EFECTY CARORA AV 9","ACB305379","Cl 4 # 9 99 Local 102","Norte De Santander","7.891996,-72.51","N"
"AyV PAGAFACIL TERMINAL CUCUTA","ACB368518","Av 7  0   51 Lc 1","Norte De Santander","7.909709,-72.503997","N"
"EFECTY","ACB351622","Av 5  9 30","Norte De Santander","7.93157,-72.49671","N"
"EFECTY BARRIO EL CONTENTO CLL 11","ACB190670","Cl 11 # 13-57 Barrio El Contento","Norte De Santander","7.883889,-72.512453","N"
"CONEXRED","ACB275997","Avenida 5  10  13 Local 01 Barrio Centro","Norte De Santander","7.933385,-72.496015","N"
"CONEXRED","ACB275964","Avenida 5  11  89 Barrio Centro","Norte De Santander","7.933469,-72.495978","N"
"EFECTY OSPINA PEREZ CALLE 20","ACB321043","Cl 20 # 0-104 Ospina Perez","Norte De Santander","7.932271,-72.495968","N"
"CONEXRED","ACB309801","Manzana 30 Lote 6","Norte De Santander","7.897267,-72.507319","N"
"EFECTY CLEMENCIA","ACB169441","Cr 11 # 45-46 Plaza Principal","Bolivar","10.562681,-75.329109","N"
"EFECTY PUERTO SANTANDER CARRERA 2","ACB133932","Cr 2 # 2-07 Barrio Centro","Norte De Santander","8.36482,-72.406363","N"
"OFICINA PAGAFACIL VILLA DEL ROSARIO","ACB066304","Calle 5 N 883 Centro De Villa Dl Rosario","Norte De Santander","7.891264,-72.508608","N"
"CONEXRED","ACB303047","Calle  9  10 44","Norte De Santander","7.887291,-72.509623","N"
"EFECTY SERVIENTREGA CARMEN DE CHUCURI","ACB123054","Cl 5 # 3-48 Barrio Centro","Santander","6.698935,-73.510897","N"
"CONEXRED","ACB309791","Calle 1c  2b  24","Norte De Santander","7.900136,-72.504755","N"
"EFECTY LA MERCED CLL.1","ACB307151","Cl 1 # 5-39 Lc-2 La Merced","Norte De Santander","7.896736,-72.505484","N"
"CONEXRED","ACB309966","Calle 5a Norte  4 113","Norte De Santander","7.903875,-72.502449","N"
"EFECTY CARRERA 3","ACB278604","Cr 3 Cl 5 Y 6","Magdalena","10.699951,-74.716327","N"
"AYV PF CURRULAO","ACB066711","Carrera 50 No 49b   76 Brr Centro","Antioquia","7.993483,-76.637302","N"
"CONEXRED","ACB320107","Calle 3  5 1","Norte De Santander","7.894081,-72.505405","N"
"EFECTY GARCIA HERREROS CLL14A","ACB162828","Cl 14a # 2-06 Local1 Garcia Herreros","Norte De Santander","7.930759,-72.493318","N"
"EFECTY BARRIO PRADOS DEL NORTE AV 14","ACB172146","Av 4 Cl 18an # 21-74 Prados Del Norte","Norte De Santander","7.915977,-72.497949","N"
"EFECTY AVENIDA CERO","ACB078426","Cl 13 # 0 32 Local 101","Norte De Santander","7.91328,-72.498714","N"
"CONEXRED","ACB309537","Avenida 5  4a  09","Norte De Santander","7.892726,-72.504847","N"
"CONEXRED","ACB193804","Av 9  12 02 Brr Panamericano","Norte De Santander","7.884074,-72.507634","N"
"EFECTY NUEVO ALEJANDRIA","ACB270112","Cl 8 # 6-06 Lc 2-3 68 Piso 2","Norte De Santander","7.888765,-72.505358","N"
"CONEXRED","ACB307513","Avenida 10  16  48","Norte De Santander","7.879632,-72.508072","N"
"CONEXRED","ACB274820","Avenida 6 9 72 Centro Comercial Maracay","Norte De Santander","7.887403,-72.505319","N"
"CONEXRED","ACB276008","Calle 9  5  86 Barrio Centro","Norte De Santander","7.887798,-72.504966","N"
"CONEXRED","ACB307360","Avenida 6 9 59","Norte De Santander","7.887498,-72.504913","N"
"CONEXRED","ACB275986","Calle 10  6  14 Barrio Centro","Norte De Santander","7.886798,-72.505088","N"
"AYV CENABASTOS","ACB066700","Av 2 N 31 N 38 Lc B97 Pab 4 Cenabastos","Norte De Santander","7.924118,-72.492616","N"
"CONEXRED","ACB322538","Carrera 48  29 26","Bolivar","7.904671,-72.498916","N"
"GIROS Y FINANZAS AVENIDA SEXTA","ACB026122","Av. 6 # 11-53 Y 11-55 Centro","Norte De Santander","7.885546,-72.504656","N"
"CONEXRED","ACB199602","Cl 11a  6   37","Norte De Santander","7.884655,-72.504861","N"
"ACCIONES Y VALORES PF OFICINA CUCUTA","ACB065260","Av 5 No 10  37 Lc 14","Norte De Santander","7.885094,-72.504619","N"
"CONEXRED","ACB324288","Calle 8n  11e 91","Norte De Santander","7.906944,-72.497143","N"
"CONEXRED","ACB199581","Av 5  8   85 Cc River Plaza Lc 247","Norte De Santander","7.888124,-72.503417","N"
"A Y V PF OFICINA UNICENTRO CUCUTA","ACB065006","Av Libertadores, Av 1 Calle 20n - 173","Norte De Santander","7.91682,-72.493697","N"
"EFECTY AV.0 AL LADO DE MERKGUSTO","ACB078305","Av 0 # 0-50 B Lleras Restrepo","Norte De Santander","7.896246,-72.500193","N"
"EFECTY LOS PATIOS PRINCIPAL","ACB078415","Av 10 # 25-46","Norte De Santander","7.872546,-72.507958","N"
"CONEXRED","ACB199680","Av  10  25   32 Lc 1","Norte De Santander","7.873698,-72.507522","N"
"EFECTY GUAIMARAL CLL 15","ACB301430","Cl 15n # 10e-19 Guaimaral","Norte De Santander","7.913595,-72.493852","N"
"CONEXRED","ACB276020","Avenida 5  12  90 Barrio Centro","Norte De Santander","7.884108,-72.50349","N"
"GIROS Y FINANZAS CÚCUTA","ACB020214","Cl. 10 3-48 L-01 Edif.  Santander","Norte De Santander","7.88733,-72.502384","N"
"AYV PF DIAGONAL SANTANDER","ACB066690","Diagonal Santander 3 No 02  88","Norte De Santander","7.891791,-72.500664","N"
"GIROS Y FINANZAS UNICENTRO","ACB024515","Av. Libertadores Con Canal Bogotá L-129","Norte De Santander","7.917239,-72.491744","N"
"EFECTY LLERAS DIAGONAL SANTANDER","ACB308657","Cl 6 # 0a-32 Lleras Restrepo","Norte De Santander","7.891908,-72.499973","N"
"CONEXRED","ACB309526","Avenida 3  10  83","Norte De Santander","7.886709,-72.50157","N"
"EFECTY MINI ESTADIO GUAIMARAL","ACB126662","Av 11e #11 N -16 Barrio Guaimaral","Norte De Santander","7.910689,-72.493083","N"
"EFECTY","ACB306963","Av 3 Este  6 A   06","Norte De Santander","7.898051,-72.49686","N"
"CONEXRED","ACB309438","Calle 13 3 2","Norte De Santander","7.884538,-72.50133","N"
"CONEXRED","ACB199646","Cl 10n  11e   09","Norte De Santander","7.909753,-72.492649","N"
"EFECTY CYBER LA PAZ","ACB169429","Cl 104 N 77 A 27","Antioquia","7.881897,-76.610026","N"
"CONEXRED","ACB271300","Avenida 0  9  50 Brr Comuneros","Norte De Santander","7.890608,-72.498614","N"
"CONEXRED","ACB198678","Cl 11 8 25 Brr Centro","Norte De Santander","7.921316,-72.488403","N"
"CONEXRED","ACB307359","Calle 14a Norte 16 Este 61","Norte De Santander","7.913889,-72.490705","N"
"EFECTY CALLE 9 DIAGONAL A COMFANORTE","ACB129050","Cl 9 # 0-20 Barrio Latino","Norte De Santander","7.889077,-72.49885","N"
"CONEXRED","ACB309614","Avenida 13 Este 15 Norte 130","Norte De Santander","7.915005,-72.490122","N"
"CONEXRED","ACB307371","Kdx29 Local 2 Via Puerto Santander","Norte De Santander","7.888046,-72.498663","N"
"EFECTY LA CABRERA AV 4","ACB324222","Av 4 # 17-94 Local 4 La Cabrera","Norte De Santander","7.879295,-72.501399","N"
"OFICINA GRAN BULEVAR","ACB066096","Avenida 0 Calle 11","Norte De Santander","7.886571,-72.498463","N"
"OFICINA PAGAFACIL AVENIDA CERO II","ACB066261","Av 0 N 11167 Local 2 Edificio Negomon","Norte De Santander","7.886817,-72.498275","N"
"EFECTY CENTRO CALLE 10 PARQUE SANTANDER","ACB118962","Cl 10 # 5-84 Edificio Sead Int. 1","Norte De Santander","7.889123,-72.496799","N"
"A Y V PF OFICINA FRAN  PAULA SANTANDER","ACB064632","Cl 5 N 11 E  04 Barrio Colsag","Norte De Santander","7.902757,-72.491683","N"
"PAGAFACIL METRO VENTURA","ACB066414","Calle 10e 2e 90 Local 1005 Metro","Norte De Santander","7.8881,-72.49654","N"
"CONEXRED","ACB320217","Calle 18  25  10","Norte De Santander","7.879493,-72.499368","N"
"CONEXRED","ACB309636","Calle 23a 1b 40","Norte De Santander","7.8748,-72.50089","N"
"PF VENTURA PLAZA II","ACB065952","Cl 10 11 Diag Santander Cc Ventura Lc L3","Norte De Santander","7.887543,-72.496482","N"
"OFICINA AVENIDA CERO PF","ACB064643","Avenida Cero No 13 153","Norte De Santander","7.883497,-72.497748","N"
"CONEXRED","ACB199712","Cl 7  7   46","Norte De Santander","7.893526,-72.493707","N"
"EFECTY AV GRANCOLOMBIA","ACB323375","Av Grancolombia # 3e-80","Norte De Santander","7.891356,-72.494201","N"
"EFECTY NUEVA REDOMA DAS","ACB274644","Av 1 # 21-29","Norte De Santander","7.876376,-72.499187","N"
"EFECTY CIUDAD JARDIN MZ 25","ACB163193","Mz 25 Lote 13 Lc. 1 Ciudad Jardin","Norte De Santander","7.90926,-72.487259","N"
"EFECTY QUINTA ORIENTAL AV 11","ACB326565","Av 11e # 1-40 Quinta Oriental","Norte De Santander","7.898302,-72.490604","N"
"EFECTY APARTADO BARRIO CONCEJO","ACB163511","Cl 100 N 78a-27","Antioquia","7.875452,-76.61357","N"
"ACCIONES Y VALORES PARQUE SANTANDER","ACB060715","Av 5 No 10 37 Lc 14","Norte De Santander","7.88625,-72.494225","N"
"EFECTY LA RIVERA CALLE 9","ACB191792","Cl 9 # 6e-36","Norte De Santander","7.889902,-72.491933","N"
"AYV SAO CUCUTA","ACB067086","Anillo Vial No 13 70 Local A1","Norte De Santander","7.92294,-72.479949","N"
"ACCIONES Y VALORES","ACB066919","Pf Los Patios","Norte De Santander","7.838587,-72.508473","N"
"EFECTY SABANA CALLE 33","ACB273940","Av 10 # 33-32","Norte De Santander","7.84207,-72.507123","N"
"GIROS Y FINANZAS C.C. JARDIN PLAZA","ACB026254","Avial Oriental # 13-70 Mz A Lt 1 Urb San","Norte De Santander","7.920914,-72.479828","N"
"AyV PF JARDIN PLAZA","ACB067020","Anillo Vial Ori  13 70 Mz A Lote 1 S01","Norte De Santander","7.920743,-72.479828","N"
"CONEXRED","ACB279496","Carrera 10a  114 Barrio Los Patios","Norte De Santander","7.814217,-72.516891","N"
"CONEXRED","ACB307403","Avenida 10a  1s  07","Norte De Santander","7.814799,-72.51638","N"
"EFECTY","ACB172135","Av Gran Colombia No 3e 96 Local","Norte De Santander","7.895729,-72.487458","N"
"EFECTY TORRES DEL PAR AV. LIBERTADORES","ACB321021","Cl 2n # 15e-20 Loc -4c","Norte De Santander","7.901521,-72.485296","N"
"CONEXRED","ACB309560","Carrera 7b 1a 39","Norte De Santander","7.814403,-72.51417","N"
"CONEXRED","ACB302992","Calle 16  7b  03 Local 2 Barrio Tierra L","Norte De Santander","7.813763,-72.514241","N"
"CONEXRED","ACB300088","Calle 16 7 B 03 Local 2 Barrio Tierra Li","Norte De Santander","7.813763,-72.514241","N"
"EFECTY TIERRA LINDA CALLE 16","ACB321395","Cl 16 # 7-19 4 Etapa Tierra Linda","Norte De Santander","7.813941,-72.513562","N"
"AYV EXITO SAN MATEO","ACB067196","Dg Stander Av Demetrio Exito Mate0 L108a","Norte De Santander","7.882854,-72.488498","N"
"EFECTY SERPATIOS","ACB122350","Av 10 # 14-69 Loc. H9 Pensilvania","Norte De Santander","7.831698,-72.506634","N"
"EFECTY PINAL DEL RIO AV 10","ACB165755","Av 10 # 61-60 Lc 1 Pinal Del Io","Norte De Santander","7.831698,-72.506634","N"
"EFECTY BARRIO PRIMERO DE MAYO","ACB179219","Cl 103 N 92 05","Antioquia","7.884482,-76.623973","N"
"CONEXRED","ACB309504","Calle  6a Norte 10 34","Santander","6.995687,-73.063856","N"
"EFECTY SABANA","ACB116344","Av 4 # 31-55","Norte De Santander","7.839155,-72.503447","N"
"EFECTY C.C. NUESTRO URABA","ACB300473","Cr 100 N 1 La Milla De Oro Apartado","Antioquia","7.882741,-76.624717","N"
"EFECTY SERRANIA CL 118 APARTADO","ACB306709","Cl 118 #114b 18 Apto 101","Antioquia","7.882741,-76.624717","N"
"MULTIPAGAS","ACB197534","Av. 3 # 10-53","Norte De Santander","7.894993,-72.482541","N"
"EFECTY SAN LUIS AV. 3","ACB173004","Av 3 # 7-03 Loc 3 San Luis","Norte De Santander","7.897404,-72.4817","N"
"MULTIPAGAS","ACB197886","Av Dimetrius Dg Santander","Norte De Santander","7.894515,-72.48266","N"
"OFICINA VIVERO","ACB066106","Diagonal Santander Con Av Deme","Norte De Santander","7.883566,-72.485984","N"
"EFECTY URB.PRADOS DEL ESTE AV 7B","ACB163258","Av 7b # 6-06 Apto 102","Norte De Santander","7.911962,-72.47503","N"
"EFECTY SANTA CATALINA","ACB176261","Cl De La Iglesia # 16-60 Apto 2","Bolivar","10.605089,-75.287593","N"
"CONEXRED","ACB322307","Calle 3an  6 Piedecuesta Santander","Santander","6.998042,-73.055462","N"
"EFECTY CAMILO DAZA CALLE 44","ACB301429","Cl 44 # 8-15 Camilo Daza","Norte De Santander","7.875065,-72.486625","N"
"CONEXRED","ACB307272","Avenida 10  18 26","Norte De Santander","7.833878,-72.50096","N"
"EFECTY SAN TELMO","ACB111635","Tv 1e Norte # 6 C-08","Santander","6.996406,-73.056496","N"
"CONEXRED","ACB196193","Kr 6 # 22 19 Brr Bonanza","Cundinamarca","7.834644,-72.500295","N"
"EFECTY AVENIDA 4","ACB111240","Av 4 # 1-36","Norte De Santander","7.600183,-72.60215","N"
"EFECTY BOSQUES DE ARANJUEZ PIEDECUESTA","ACB324529","Cr 4 # 1n-33","Santander","6.994255,-73.05789","N"
"EFECTY SERVIENTREGA SAN CARLOS","ACB302079","Cr 15 # 1 A-15 Norte","Santander","6.9993,-73.052494","N"
"EFECTY LA CORDIALIDAD AV 1","ACB321384","Av 1e # 31-31 La Cordialidad","Norte De Santander","7.837303,-72.498819","N"
"EFECTY GUAIMARAL","ACB078372","Cl 6n # 11e-16 Local 5","Norte De Santander","7.89742,-72.477435","N"
"EFECTY C.C. LA ALEJANDRIA CL 8","ACB156559","Cl 8 # 6-06 Lc 24-145 Cc La Presentacion","Norte De Santander","7.912999,-72.471921","N"
"EFECTY PRADOS DEL ESTE","ACB127344","Av 4 B # 4-131","Norte De Santander","7.907718,-72.473338","N"
"EFECTY CC ECOPARK II","ACB304521","Km 7 Via Piedecuesta","Santander","6.995609,-73.054308","N"
"CONEXRED","ACB279782","Calle 32 3 40","Norte De Santander","7.837897,-72.496982","N"
"EFECTY","ACB352919","Calle 98 97   95","Antioquia","7.881761,-76.630796","N"
"EFECTY PASEO CATALUÑA","ACB123131","Cl 1 # 5-126 Mz O Cs 241","Santander","6.993765,-73.054721","N"
"A Y V PF OFICINA APARTADO ALCALDIA","ACB065282","Kr 100 No 103a  102","Antioquia","7.885178,-76.63259","N"
"EFECTY DROG FARMAHOGAR LA MESA","ACB277559","Mesa De Los Santos Guayabal Lc 9","Santander","6.993982,-73.054224","N"
"EFECTY CENTRO COMERCIAL DE LA CUESTA.","ACB277692","C.c. De La Cuesta","Santander","6.993982,-73.054224","N"
"EFECTY CHACARITAS BARILOCHE","ACB165074","Cr 2 # 2a Dg 5 Mz F Lote 1 Local 2","Santander","6.993982,-73.054224","N"
"EFECTY RUITOQUE VEREDA 3 ESQUINAS","ACB324167","Correg Mesa De Ruitoque Alto Casa 2 Lt 4","Santander","6.993982,-73.054224","N"
"EFECTY ALTO PAMPLONITA AV 10","ACB132645","Av 10 # 6-80","Norte De Santander","7.896317,-72.47524","N"
"GIROS Y FINANZAS C.C. NUESTRO URABÁ","ACB024966","Cl 99 # 84-18 L-272 C.c. Nuestro Urabá","Antioquia","7.88528,-76.633077","N"
"EFECTY SERVIENTREGA UNO CALLE 97","ACB076918","Cl 98 # 99-35","Antioquia","7.882169,-76.632049","N"
"EFECTY CARRERA 9","ACB111228","Cr 21 # 8 72","Santander","6.813952,-73.272124","N"
"PAGAFACIL APARTADO CENTRO II","ACB066470","Carrera 99 No 96 16 B Los Fundadores","Antioquia","7.880673,-76.632158","N"
"COOPERATIVA FINANCIERA DE ANTIOQUIA","ACB172443","Cl 96  99   33","Antioquia","7.880556,-76.632222","N"
"CONEXRED","ACB276031","Calle 9  4  87 Barrio Centro","Norte De Santander","7.911325,-72.469399","N"
"EFECTY TEMCEL COMUNICACIONES LTDA","ACB171288","Cr 101 # 99-20","Antioquia","7.883449,-76.633243","N"
"CONEXRED","ACB276228","Carrera 100  97  63 Barrio Ortiz","Antioquia","7.882211,-76.63287","N"
"EFECTY SERVIENTREGA BODEGA CUCUTA","ACB122536","Cl 22n # 11-85","Norte De Santander","7.883904,-72.478353","N"
"EFECTY CENTRO COMERCIAL APARTACENTRO","ACB128488","Cl 96 # 99-18 Lc 104","Antioquia","7.880756,-76.632484","N"
"AYV PF BARRIO VELEZ","ACB065787","Carrera 109 No 104   72 Brr Velez","Antioquia","7.881206,-76.632649","N"
"EFECTY","ACB355440","Carrera 4  1n 33","Santander","6.990885,-73.055469","N"
"CONEXRED","ACB192430","Av 12 17 13","Norte De Santander","7.887029,-72.476901","N"
"EFECTY BELLAVISTA AV 11","ACB279210","Av 11 # 27-24","Norte De Santander","7.880269,-72.479017","N"
"EFECTY DIMONEX BARRIO VELEZ","ACB300879","Cr 104 A N 100-31","Antioquia","7.883991,-76.634182","N"
"PAGAFACIL APARTADO ORTIZ II","ACB066481","Calle 99 No 104 33 Barrio Ortiz","Antioquia","7.883733,-76.634455","N"
"EFECTY","ACB277658","Calle 0 Num 11 03 Local 4","Norte De Santander","7.905766,-72.469911","N"
"EFECTY","ACB302080","Kr 18  7   11","Santander","6.99687,-73.047625","N"
"EFECTY PS REFUGIO","ACB150849","Cl 3an # 3b-10 Piso Refugio","Santander","6.989158,-73.055344","N"
"EFECTY NAVARRA REAL","ACB150960","Dg 6 # 1a-92 Lc 15 Conjunto Navarra Real","Santander","6.99156,-73.052753","N"
"EFECTY NUEVO ESCOBAL","ACB165656","Cl 7a # 4 -167 Barrio Nuevo Escobal","Norte De Santander","7.914529,-72.465266","N"
"EFECTY FRENTE A LA PLAZA DE MERCADO","ACB176711","Cl 92 # 102 -24","Antioquia","7.878979,-76.635036","N"
"CONEXRED","ACB199657","Cl 17 15   16","Norte De Santander","7.886513,-72.474183","N"
"EFECTY PIEDECUESTA BARRIO LA CANTERA","ACB300341","Cr 3 # 6-17 Barrio La Cantera","Santander","6.987015,-73.054972","N"
"CONEXRED","ACB303784","Carrera 4  6n  31","Santander","6.987465,-73.05383","N"
"EFECTY JUNNIN II","ACB161070","Cl 6n # 4-154 Junnin Ii","Santander","6.987652,-73.053487","N"
"CONEXRED","ACB271586","Calle 12 # 17 03 Barrio Aniversario Ii","Norte De Santander","7.888311,-72.47237","N"
"PAGAFACIL NUESTRO URABA","ACB066469","Carrera 99 No 84 18 Cc Nuestro Uraba","Antioquia","7.872801,-76.63426","N"
"EFECTY HOYO CHIQUITO","ACB190614","Cl 5 # 8-79 Lc 2","Santander","6.989991,-73.050182","N"
"CONEXRED","ACB274172","Avenida 17 # 24 -50 Barrio Aguas","Norte De Santander","7.881264,-72.474089","N"
"CONEXRED","ACB274512","Callel 12  13 19  Local 105 Barrio Centr","Norte De Santander","7.881264,-72.474089","N"
"EFECTY AGUAS CALIENTES CALLE 19","ACB190713","Cl 19 # 17-04 Aguas Calientes","Norte De Santander","7.884178,-72.472881","N"
"EFECTY CAMELOT","ACB302640","Cl 8 # 3-188 Lc 1","Santander","6.985767,-73.053603","N"
"EFECTY PIEDECUESTA CENTRO CRA 7 CON 8.","ACB279276","Cr 7 # 8-20","Santander","6.986732,-73.050595","N"
"MULTIPAGAS","ACB196940","Carrera 7 # 8 - 39","Santander","6.986791,-73.050498","N"
"MULTIPAGAS","ACB278901","Carrera 15  3an 10","Santander","6.986466,-73.049769","N"
"EFECTY BARRIO LA UNION AV 6","ACB162927","Av 6 # 3-106 Barrio La Union","Norte De Santander","7.893593,-72.467331","N"
"EFECTY BARRIO SAN RAFAEL","ACB111624","Cl 7 13-61 Local 2","Santander","6.989942,-73.04602","N"
"EFECTY CENTRO PARQUE PRINCIPAL","ACB111613","Cl 10 # 6-44 L-106","Santander","6.985148,-73.050661","N"
"EFECTY ZAFIRO","ACB302068","Cr 1e Cl 12 Torre 1 L-4 Brr Vellavista","Santander","6.981228,-73.053468","N"
"CONEXRED","ACB322505","Calle 12  6 36","Santander","6.983764,-73.05021","N"
"EFECTY","ACB358586","Calle 51  54  08","Santander","6.9879,-73.044087","N"
"EFECTY NUEVA CANDELARIA","ACB175600","Cr 9a # 13-32","Santander","6.984424,-73.047415","N"
"CONEXRED","ACB302981","Transversal 11  13  12 Barrio La Nueva C","Santander","6.985119,-73.046663","N"
"EFECTY PARQUE PRINCIPAL","ACB119754","Cl 16 # 17-14","Antioquia","6.473696,-75.164371","N"
"EFECTY HOYO GRANDE PIEDECUESTA","ACB306710","Cl 17 # 4-25","Santander","6.979038,-73.050295","N"
"CONEXRED","ACB309449","Calle 8 27 89","Norte De Santander","7.888287,-72.462552","N"
"EFECTY PIEDECUESTA PORTAL DEL VALLE","ACB304828","Cl 23 # 1w -81 Portal Del Valle","Santander","6.972412,-73.052007","N"
"EFECTY LOS CISNES","ACB277702","Cr 2 N. 22-24 Barrio Paseo Del Puente 2","Santander","6.973788,-73.049871","N"
"EFECTY PASEO DEL PUENTE.","ACB151312","Cr 6 # 21-40 L-007 Cc Paseo Del Puente 2","Santander","6.975853,-73.046986","N"
"AYV EXITO PASEO DE PUENTE","ACB066942","Carrera 6 Calle 22 Local 104","Santander","6.975562,-73.047129","N"
"EFECTY DIMONEX PALMAR CALLE 5.","ACB304565","Cl 5 5-71","Atlantico","10.743354,-74.750512","N"
"EFECTY MITA CARRETERA ORIENTAL","ACB123043","Cl 11 # 4 A-196","Atlantico","10.743078,-74.755422","N"
"EFECTY LA PALMITA VILLA DEL ROSARIO","ACB324057","Cr 7 # 9-48 Barrio La Palmita","Norte De Santander","7.850543,-72.4705","N"
"EFECTY 20 DE JULIO.","ACB194124","Aut Internacional San Antonio 14n 61 L-3","Norte De Santander","7.850164,-72.469102","N"
"CONEXRED","ACB199691","Kr 12 11 49","Norte De Santander","7.828064,-72.475836","N"
"CONEXRED","ACB309713","Calle 13  11  20","Norte De Santander","7.826901,-72.475354","N"
"AYV PF VALKOR VILLA DEL ROSARIO","ACB067284","Calle 5 No 8   89 Villa Del Rosario","Norte De Santander","7.832835,-72.472752","N"
"EFECTY","ACB358520","Carrera 3 Calle 6","Norte De Santander","7.834193,-72.471135","N"
"EFECTY SAN JUDAS CALLE 18","ACB308646","Cl 18 # 10- 75 San Judas","Norte De Santander","7.822191,-72.475116","N"
"EFECTY CENTRO LA CASONA","ACB323980","Cl 6 # 6-57","Norte De Santander","7.831659,-72.470749","N"
"EFECTY BARRIO LOMITAS","ACB172982","Cl 5 # 5-04 Barrio Lomitas","Norte De Santander","7.832526,-72.4696","N"
"CONEXRED","ACB307469","Carrera  8 20 20","Norte De Santander","7.820476,-72.473389","N"
"EFECTY NUEVA COLONIA CRA 35","ACB169287","Cr 35 N 30-77","Antioquia","8.085486,-76.721477","N"
"EFECTY TURBO 24 DE DICIEMBRE CRA 29","ACB306765","Cr 29 # 31a -42","Antioquia","8.085486,-76.721477","N"
"EFECTY CURRULAO 24 DE DICIEMBRE","ACB306073","Cl 56b # 60-43","Antioquia","8.085486,-76.721477","N"
"EFECTY TURBO BARRIO JESUS MORA","ACB279023","Cl 114 # 15-93","Antioquia","8.100915,-76.728345","N"
"EFECTY SERVIENTREGA CRA 13","ACB110393","Cl 101 # 14 B-30","Antioquia","8.093055,-76.726787","N"
"EFECTY TURBO CORREGIMIENTO EL TRES","ACB308679","Cl 30 # 30-27 Correg El Tres","Antioquia","8.09402,-76.727521","N"
"PAGAFÁCIL CENTRO TURBO","ACB065798","Calle 101 No  14  52 Centro","Antioquia","8.092894,-76.727374","N"
"EFECTY CENTRO COMERCIAL LOS CUNAS","ACB128477","Cl 101 # 13-60-62-64-66","Antioquia","8.092624,-76.728172","N"
"EFECTY SANTO TOMAS CLL 8","ACB126189","Cl 8 # 11-104","Atlantico","10.760148,-74.755734","N"
"ACCIONES Y VALORES PF OFICINA TURBO","ACB064391","Carrera 13 100 22","Antioquia","8.091657,-76.7283","N"
"CONEXRED","ACB322374","Manzana Z Lote 35   1   6","Norte De Santander","7.820878,-72.456899","N"
"EFECTY NECOCLI CALLE LA TRILLADORA","ACB273203","Cl 51 # 47-29","Antioquia","8.424621,-76.784549","N"
"AYV LA PARADA","ACB066591","Autopista 70 Villa Del Rosario","Norte De Santander","7.819899,-72.454962","N"
"EFECTY LA PARADA CALLE 6","ACB302408","Cl 6 # 7 22 Correg La Parada","Norte De Santander","7.819037,-72.455245","N"
"CONEXRED","ACB303553","Carrera 49  5040","Antioquia","8.424427,-76.785733","N"
"EFECTY ENTRERRIOS COPYNET","ACB194773","Cr 12 N 9-33","Antioquia","6.566529,-75.517101","N"
"EFECTY NECOCLI CORREGIMIENTO EL TOTUMO","ACB167207","Correg El Totumo","Antioquia","8.442787,-76.794802","N"
"EFECTY SANTO TOMAS CARRERA 11","ACB122251","Cl 13 # 9 A-80 Lc 1","Atlantico","10.77659,-74.760477","N"
"EFECTY TELECOM","ACB113220","Cr 10 # 3-05","Cesar","10.332867,-73.180031","N"
"EFECTY DIMONEX POLONUEVO CL 3 CON LA 4","ACB276680","Cl 3 N. 4-56","Atlantico","10.774539,-74.857145","N"
"EFECTY BRIGADA 17 CAREPA.","ACB131051","Km 3 Via Carepa Turbo Casaverde","Antioquia","7.755154,-76.652782","N"
"EFECTY POLONUEVO CENTRO","ACB123207","Cl 3 # 9 34","Atlantico","10.777368,-74.856303","N"
"EFECTY CRA 7 CON LA 10 SABANAGRANDE","ACB324123","Cr 7 10-48","Atlantico","10.789177,-74.757401","N"
"EFECTY SABANAGRANDE KRA 7","ACB151400","Cr 7 # 16-95","Atlantico","10.789518,-74.763108","N"
"AyV PF PAMPLONA","ACB067679","Calle 7 No 5   46 Barrio Centro","Norte De Santander","7.375028,-72.651304","N"
"EFECTY RUMBAHABANA SABANAGRANDE","ACB324970","Cl 11 # 10-29","Atlantico","10.790631,-74.757863","N"
"ACCIONES Y VALORES PF OFICINA CAREPA","ACB064380","Cl 80 No 74 35","Antioquia","7.75756,-76.656868","N"
"EFECTY","ACB355385","Cra 73 70  37","Antioquia","7.75353,-76.65601","N"
"EFECTY MEDIA LUNA DROGUERIA LAUDIS","ACB169298","Cl 7 # 3 A-00 Esq","Cesar","10.336971,-73.175409","N"
"EFECTY CAREPA MARIA CANO CLL 77","ACB306688","Cl 77 # 76-50","Antioquia","7.7567,-76.657546","N"
"EFECTY CAREPA PAPER HOUSE SECTOR ESTADIO","ACB327038","Cr 73 # 70-37","Antioquia","7.752836,-76.656236","N"
"EFECTY CAREPA ALCALDIA","ACB130368","Cl 77 # 78-02","Antioquia","7.756741,-76.658521","N"
"EFECTY ALMACEN MARY STILOS","ACB154470","Cr 78 A # 77-45","Antioquia","7.757369,-76.658774","N"
"CONEXRED","ACB322396","Carrera  6 3 95","Norte De Santander","7.378798,-72.646307","N"
"EFECTY EXPRESS BRR SAN FRANCISCO CR 16","ACB305489","Cr 16 # 7 75","Atlantico","10.794084,-74.753945","N"
"CONEXRED","ACB322385","Calle 7 7 23","Norte De Santander","7.374399,-72.647464","N"
"EFECTY PLAZUELA BOLIVAR","ACB169144","Cr 8 # 2-40","Norte De Santander","7.377806,-72.644397","N"
"EFECTY","ACB351051","Km 12 Via Curos Los Santos","Santander","6.883232,-73.066639","N"
"EFECTY","ACB356111","Km 12 Via Curos Los Santos","Santander","6.883232,-73.066639","N"
"EFECTY DONMATIAS CALLE 29","ACB279605","Cl 29 # 28-22","Antioquia","6.48656,-75.393737","N"
"COOPERATIVA FINANCIERA DE ANTIOQUIA","ACB172618","Cl 29  28   31","Antioquia","6.486111,-75.393611","N"
"REDY DON MATIAS","ACB362952","Calle 29 No 29   05 Parque Ppal","Antioquia","6.486109,-75.394291","N"
"AyV REDY DON MATIAS","ACB067327","Calle 29 No 29   05 Parque Ppal","Antioquia","6.486045,-75.394165","N"
"EFECTY PIOJO SURTIMAX","ACB324981","Cl 10 # 9 B-45","Atlantico","10.749311,-75.107315","N"
"EFECTY BARANOA CRA 19 CON 23","ACB120105","Cr 19 # 23-061","Atlantico","10.790431,-74.91508","N"
"CONEXRED","ACB303630","Calle 22 19a30","Atlantico","10.792443,-74.914659","N"
"EFECTY CAMPECHE PLAZA","ACB322835","Cl 6 # 13-09","Atlantico","10.793824,-74.918597","N"
"EFECTY CENTRO CALLE 15","ACB111756","Cl 17 # 17 A-41 Centro","Atlantico","10.796308,-74.915846","N"
"EFECTY BARANOA CALLE 15","ACB190076","Cl 15 # 19-08","Atlantico","10.797544,-74.914688","N"
"COOPERATIVA FINANCIERA DE ANTIOQUIA","ACB172728","Cl 8  10   39","Antioquia","6.6775,-75.811389","N"
"COOPERATIVA FINANCIERA DE ANTIOQUIA","ACB172465","Cl 15  15   20","Antioquia","6.437692,-75.331486","N"
"EFECTY BARBOSA PARQUE PRINCIPAL","ACB130742","Cr 15 # 13-25 Lc 6","Antioquia","6.437254,-75.331643","N"
"MULTIPAGAS","ACB197864","Cra 15 N 11-36","Antioquia","6.436745,-75.332053","N"
"EFECTY BARBOSA IGLESIA PRINCIPAL","ACB130467","Cr 14 Numero 11 24","Antioquia","6.436149,-75.331621","N"
"EFECTY CRA 19 CON LA 9 BARANOA","ACB324992","Cr 19 # 9-555","Atlantico","10.805914,-74.915507","N"
"EFECTY SOLUCIONES LA VICTORIA","ACB127915","Cr 36 # 18a1-04","Cesar","10.45039,-73.274831","N"
"EFECTY","ACB356528","Calle 18 A N 34 A 5 Loc 1","Cesar","10.452252,-73.272506","N"
"EFECTY LA PAZ TRANSVERSAL 5","ACB164073","Tv 5 # 4 122","Cesar","10.386582,-73.173695","N"
"EFECTY VILLA FUENTE","ACB176865","Cr 25 # 46 46","Cesar","10.444072,-73.252741","N"
"EFECTY LA PAZ AVENIDA PRINCIPAL","ACB127948","Cl 6 # 6-43","Cesar","10.386609,-73.170968","N"
"EFECTY FUNDADORES TV 25","ACB190768","Tv 25 20a 01 Loc 2","Cesar","10.455585,-73.259739","N"
"EFECTY AV FUNDACION","ACB118094","Dg 21 # 24-50","Cesar","10.45596,-73.257224","N"
"CONEXRED","ACB309339","Calle 6  8  12","Cesar","10.394935,-73.169719","N"
"EFECTY BARRIO","ACB135055","Cr 20 # 34 05","Cesar","10.451526,-73.249413","N"
"EFECTY SERVIENTREGA CALLE 97","ACB110931","Edificio Suzuki # 47-35","Antioquia","7.66682,-76.674266","N"
"EFECTY TV 23 CON 19A","ACB306819","Tv 23 19a-11 Local 2","Cesar","10.458673,-73.258772","N"
"EFECTY CENT DE SOLUCIONES PAKISTAN LA 23","ACB133547","Cr 23 # 18b 11","Cesar","10.462627,-73.264545","N"
"MULTIPAGAS","ACB358629","Calle 11  8  55","Antioquia","7.245448,-76.436051","N"
"EFECTY CHIGORODO CREDIJAPON","ACB120183","Cr 100 # 94 B-89","Antioquia","7.668685,-76.676774","N"
"EFECTY EL CENTRO AVENIDA 3","ACB113923","Av 3 5-02","Norte De Santander","7.578173,-72.476521","N"
"EFECTY BAJIRA CALLE 6","ACB155240","Cl 6 # 7-32","Antioquia","7.242152,-76.434277","N"
"CONEXRED","ACB320129","Avenida 4  4  51","Norte De Santander","7.578147,-72.475826","N"
"EFECTY LA LUNA MALAMBO","ACB278495","Cl 4 A5 # 5 Sur 03","Atlantico","10.842919,-74.772341","N"
"EFECTY","ACB161971","Calle 9 Numero 10 20","Antioquia","7.244274,-76.436885","N"
"EFECTY","ACB159518","Calle 9 Numero 10 20","Antioquia","7.244055,-76.436769","N"
"EFECTY","ACB351907","Carrera 7a 36 126","Cesar","10.451221,-73.24286","N"
"EFECTY PLAZA 1 DE MAYO","ACB173181","Cr 20 # 22 B-58","Cesar","10.458973,-73.25349","N"
"EFECTY PETROMIL AVENIDA FUNDACION","ACB163203","Dg 21 # 20 79","Cesar","10.460051,-73.254657","N"
"EFECTY","ACB356100","Cl 98  101   36","Antioquia","7.670873,-76.681255","N"
"EFECTY","ACB351040","Cl 98  101   36","Antioquia","7.670873,-76.681255","N"
"EFECTY GARUPAL CUARTA ETAPA","ACB169265","Br Garupal Mz 101 Cs 19 4 Ta 4 Ta","Cesar","10.47307,-73.27265","N"
"EFECTY CENTRO COMERCIAL MAYALES I","ACB139136","Cr 7a Cl 31 Esquina","Cesar","10.464454,-73.258508","N"
"EFECTY MERCABASTOS","ACB165007","Km 1 Via A Bosconia","Cesar","10.464454,-73.258508","N"
"EFECTY C.C MAYALES II","ACB322879","Cl 30 # 6 A 134 Istal 34 C.c Mayales","Cesar","10.464454,-73.258508","N"
"ACCIONES Y VALORES PF OFICINA CHIGORODO","ACB064423","Cl 97 No 102 69 Lc 104","Antioquia","7.669982,-76.681772","N"
"EFECTY LA ROCA","ACB132733","Cr 41 # 5b-06","Cesar","10.480283,-73.282483","N"
"EFECTY PAPELERIA SERV INTEGRADOS LINA","ACB163829","Cr 102 N 92-39","Antioquia","7.666996,-76.681647","N"
"EFECTY AVENIDA SIMON BOLIVAR","ACB169814","Cr 18d # 22b 14 Loc 02","Cesar","10.460786,-73.250862","N"
"AyV METRO CC MAYALES","ACB067592","Calle 31 No 6a - 133 Lc 6101","Cesar","10.45586,-73.240986","N"
"ACCIONES Y VALORES","ACB066898","Pf Mayares","Cesar","10.456186,-73.241349","N"
"EFECTY BARRIO EL TESORO MALAMBO","ACB278505","Cr 1d Cl 4 A # 03-11","Atlantico","10.848984,-74.772047","N"
"EFECTY LOS GALLOS","ACB132249","Cr 19 # 16c-12","Cesar","10.46695,-73.256238","N"
"EFECTY CENTRO DE SOLUCIONES CRA 41","ACB172245","Cr 41 # 2-20","Cesar","10.484875,-73.282952","N"
"ACCIONES Y VALORES EXITO LAS FLORES","ACB065293","Diagonal 16c 19 104","Cesar","10.469691,-73.257974","N"
"EFECTY BARRIO EL AMPARO CALLE 10","ACB190801","Cl 10 # 19d 09 Loc 2","Cesar","10.474746,-73.264646","N"
"CONEXRED","ACB303234","Calle 7a  22 75 Barrio La Esperanza","Cesar","10.478895,-73.270825","N"
"EFECTY BARRIO LA ESPERANZA","ACB306589","Cr 1c Sur # 11h-58","Atlantico","10.849743,-74.786216","N"
"GIROS Y FINANZAS VALLEDUPAR","ACB020324","Dg 16 # 17-69","Cesar","10.467237,-73.251856","N"
"EFECTY BELLAVISTA CR1D CON LA 10 MALAMBO","ACB325003","Cr 1d #10-03","Atlantico","10.851301,-74.778076","N"
"EFECTY PARQUE ALGARROBILLOS","ACB163313","Cl 31 N°4 I-44","Cesar","10.457358,-73.234013","N"
"EFECTY VILLA LIGIA 3","ACB190548","Cl 1 # 25-79","Cesar","10.48532,-73.275485","N"
"MULTIPAGAS","ACB199020","Diagonal 16a 16 10","Cesar","10.470503,-73.252519","N"
"EFECTY DISTRIBUCIONES CACHARRERIA MAICAO","ACB131633","Cr 7a # 21b-37","Cesar","10.464056,-73.24221","N"
"EFECTY DIAGONAL A COOMEVA","ACB120446","Cl 12 # 17-85","Cesar","10.475183,-73.258227","N"
"EFECTY COMFACESAR CALLE 13","ACB130984","Cr 15 # 13c 26","Cesar","10.474084,-73.253971","N"
"EFECTY BARRIO EL PRADITO","ACB118016","Cr 7a # 10b-06","Atlantico","10.85715,-74.775264","N"
"EFECTY URBANIZACION MAYALES KRA 4","ACB191055","Cr 4 35-22","Cesar","10.458125,-73.227423","N"
"EFECTY EXPRESS EFECTY CENTRO CRA 7","ACB324947","Cr 7 19c 25","Cesar","10.468895,-73.242554","N"
"EFECTY CORREGIMIENTO DE CARACOLI","ACB308767","Cl 10 # 10 -85","Atlantico","10.859356,-74.774222","N"
"EFECTY CARRERA 10","ACB139026","Cl 16a # 9-50 Local 1","Cesar","10.474234,-73.247203","N"
"MULTIPAGAS","ACB272059","Calle 16a  9   50","Cesar","10.474341,-73.247282","N"
"CONEXRED","ACB193497","Kr 6 6   24 Brr El Tamarindo","Cesar","10.472054,-73.243629","N"
"EFECTY GALERIAS","ACB110568","Cl 18 B # 7-23","Cesar","10.472403,-73.243111","N"
"A Y V OFICINA CENTRO VALLEDUPAR","ACB064928","Cl 16a No 9 10 Lc 2","Cesar","10.475205,-73.247126","N"
"EFECTY CENTRO","ACB114924","Cl 10 # 13 69 Lc 2","Atlantico","10.86098,-74.773837","N"
"EFECTY DABEIBA PARQUE PRINCIPAL","ACB127410","Parque Principal Cl Juan Corral # 10-57","Antioquia","6.99732,-76.256825","N"
"MULTIPAGAS","ACB199031","Carrera 9  15 02","Cesar","10.476035,-73.247721","N"
"EFECTY CENTRO PARQUE DE LAS MADRES","ACB117071","Cl 15 # 8-56 Lc 1","Cesar","10.476319,-73.247387","N"
"EFECTY TERMINAL DE TRANSPORTES","ACB110580","Terminal De Transportes Valle Mesa","Cesar","10.474245,-73.243634","N"
"CONEXRED","ACB196313","Kr 44 # 14 40 / Brr La Selva","Valle Del Cauca","10.474245,-73.243633","N"
"EFECTY C.C LOS ANGELES","ACB169704","Cr 7 # 16 A-95 Centro","Cesar","10.475103,-73.244382","N"
"MULTIPAGAS","ACB197710","Cra 17 9-35","Atlantico","10.86246,-74.773287","N"
"EFECTY MI FUTURO NOVALITO","ACB306468","Cr 9 # 9-93","Cesar","10.483974,-73.254024","N"
"MULTIPAGAS","ACB358630","Carrera 10  12 26 Local 5","Antioquia","7.003086,-76.267334","N"
"GIROS Y FINANZAS GUATAPURÍ","ACB024582","Dg 10 # 6n15 L-4 Int. Almacen Jumbo","Cesar","10.494826,-73.269504","N"
"MULTIPAGAS","ACB199118","Diagonal 10   6 N  15","Cesar","10.495199,-73.268945","N"
"EFECTY LA PLAZA FRENTE A LA ALCALDIA","ACB124132","Cl 7 # 3-05","Atlantico","10.82998,-75.031472","N"
"EFECTY EXPRESS DIMONEX JUAN DE ACOSTA","ACB309296","Cl 7 14-41","Atlantico","10.828022,-75.041544","N"
"EFECTY VAIVEN PRINCIPAL","ACB276613","Cl 7 # 1d 160","Atlantico","10.830488,-75.029904","N"
"EFECTY ENTRADA BARRIO EL CONCORDE","ACB174247","Cr 27 # 10 26a","Atlantico","10.86978,-74.771882","N"
"EFECTY URAMITA TIENDA DEPORTIVA","ACB155338","Cl 20 # 17-14","Antioquia","6.89844,-76.174162","N"
"EFECTY CONCORDE","ACB169506","Cl 22 # 28a 06","Atlantico","10.872093,-74.778475","N"
"EFECTY EL CONCORD CARRERA 28","ACB119392","Cl 25c # 28-06","Atlantico","10.872665,-74.781527","N"
"EFECTY SAN RAFAEL CALLE 19","ACB161212","Cl 19 N 20-12","Antioquia","6.293491,-75.028577","N"
"EFECTY SAN RAFAEL CARRERA 21","ACB168770","Cr 21 N 21-48","Antioquia","6.293491,-75.028577","N"
"EFECTY CACOM 3","ACB278516","Av 30 # 12-1000 Base Aerea Cacom 3","Atlantico","10.880113,-74.801331","N"
"COOPERATIVA FINANCIERA DE ANTIOQUIA","ACB172816","Cl 50  49 B 14","Antioquia","6.462222,-75.555833","N"
"EFECTY CARRERA BOLIVAR","ACB119215","Cr Bolivar # 27-17","Antioquia","6.748746,-76.024576","N"
"EFECTY CORREGIMIENTO SAN PEDRO DE LA PAZ","ACB175776","Correg San Pedro De La Paz","Santander","6.315481,-73.950168","N"
"EFECTY CIMITARRA CARRERA 5 SBG SEGUROS","ACB326444","Cr 5 # 7- 47","Santander","6.313669,-73.949677","N"
"AYV PF CENTRAL DE ABASTO","ACB065819","Km 4 Prolongacion Av Murillo Sur 1  300","Atlantico","10.887985,-74.803212","N"
"EFECTY CIMITARRA PARQUE PRINCIPAL","ACB126826","Cr 4 # 4-120","Santander","6.312358,-73.9478","N"
"CONEXRED","ACB309867","Sector Santa Isabel Barrio Santa Isabel","Atlantico","10.88954,-74.803872","N"
"COOPERATIVA FINANCIERA DE ANTIOQUIA","ACB172717","Kr 4 A N 16 188","Antioquia","6.231111,-74.566111","N"
"EFECTY CARRERA 3","ACB112483","Cr 7 # 3-25","Santander","6.309869,-73.948439","N"
"CONEXRED","ACB273380","Carrera 3 # 56 09 Barrio Centro","Atlantico","10.896222,-74.78523","N"
"EFECTY VILLA SOL KRA 3","ACB156582","Cr 3 # 6-160 Lc 2","Atlantico","10.896927,-74.784035","N"
"EFECTY VILLANUEVA CENTRO CALLE 14","ACB122152","Cl 14 # 14-06","Santander","6.669528,-73.173988","N"
"EFECTY VILLA KARLA CRA 4E","ACB323803","Cr 4e 57- 13","Atlantico","10.896928,-74.794408","N"
"EFECTY PARQUE PRINCIPAL","ACB113527","Cr 6 # 5-50","Santander","6.6338,-73.223624","N"
"EFECTY BARRIO PRADO SOLEDAD","ACB163984","Cr 3c # 46-04","Atlantico","10.898916,-74.781978","N"
"EFECTY TUBARA CALLE 5","ACB325014","Cl 5 # 3-72","Atlantico","10.872762,-74.977334","N"
"EFECTY DOÑA MANUELA","ACB302617","Cl 56 # 5c-15","Atlantico","10.899219,-74.792347","N"
"EFECTY TUBARA CALLE 3","ACB308778","Cl 3 # 2-27","Atlantico","10.87424,-74.974982","N"
"EFECTY EXPRESS EFECTY VILLA ADELA CLL 40","ACB308789","Cl 40 # 6-123","Atlantico","10.901186,-74.780965","N"
"EFECTY VILLADELA","ACB154359","Cl 48 # 6 C-21","Atlantico","10.900913,-74.784371","N"
"EFECTY CIUDADELA METROPOLITANA CRA 8","ACB279056","Cr 8 # 53a -34","Atlantico","10.901987,-74.789883","N"
"EFECTY BARRIO LOS CARRUAJES","ACB278099","Cr 15 3d-08","Atlantico","10.892471,-74.877617","N"
"EFECTY CENTRO COMERCIAL CARNAVAL","ACB300462","Cl 30 7-627 Local 1038","Atlantico","10.904532,-74.769655","N"
"EFECTY MANUELA BELTRAN CRA 11 CON 37","ACB156351","Cr 11 37-66","Atlantico","10.904555,-74.776931","N"
"EFECTY TERRANOVA DOS","ACB164006","Cl 64 A # 9-128","Atlantico","10.903182,-74.801518","N"
"AYV PF CARNAVAL","ACB066876","Av 30 Via Granabastos","Atlantico","10.906364,-74.77042","N"
"EFECTY NUEVO MILENIO","ACB322055","Cl 65 # 12-16","Atlantico","10.903851,-74.801854","N"
"EFECTY BARRIO INMACULADA CRA 58A","ACB166020","Cl 58a # 12 05","Atlantico","10.904954,-74.794997","N"
"EFECTY BARRIO SOLEDAD 2000 CALLE 45","ACB163610","Cl 45 # 11-04","Atlantico","10.906433,-74.782256","N"
"AYV CC CARNAVAL","ACB066832","Calle 30 Autopista No 13 65","Atlantico","10.907734,-74.77104","N"
"REDY NUESTRO SOLEDAD","ACB363403","Calle 63   Cra 13 Cc Nuestro Lc 1065 4","Atlantico","10.905114,-74.801491","N"
"OF NUESTRO ATLANTICO","ACB065842","Calle 63 No 13  71 Local 1036","Atlantico","10.905517,-74.802236","N"
"EFECTY SOLEDAD 2000 KRA 14","ACB150607","Cr 14 # 46-75 Lc 1","Atlantico","10.908337,-74.784399","N"
"EFECTY MANANTIAL CRA 13 CON 68","ACB305687","Cr 13 68 127","Atlantico","10.906177,-74.806814","N"
"EFECTY CALLE 43 SOLEDAD 2000","ACB115848","Cr 14 # 43-24","Atlantico","10.909443,-74.780922","N"
"MULTIPAGAS","ACB309658","Carrera 14 54 186","Atlantico","10.908702,-74.793907","N"
"EFECTY OLIMPICA TERM DE TRANSPORTES","ACB126893","Cl 63 Cr 14 Esquina","Atlantico","10.909317,-74.798863","N"
"EFECTY VILLAS DE SOLEDAD","ACB163566","Cr 15 # 53b-27","Atlantico","10.910086,-74.791211","N"
"CONEXRED","ACB303629","Calle 48  15 05 Barrio Urbanizacion Norm","Atlantico","10.910693,-74.785723","N"
"EFECTY PRINCIPAL","ACB115639","Cl 10 # 19-67 Local 1","Atlantico","10.899403,-74.884841","N"
"EFECTY EXPRESS EFECTY METROPLAZA LOC 57","ACB308790","Cr 1 Sur # 45 15 Loc 57","Atlantico","10.910453,-74.791815","N"
"EFECTY AV CIRCUNVALAR EDS 43","ACB322044","Av Circunvalar # 43-75","Atlantico","10.910453,-74.791815","N"
"EFECTY GRANABASTOS BODEGA 5B","ACB122877","Granbastos Bodega 5b Local 4","Atlantico","10.910453,-74.791815","N"
"CONEXRED","ACB279441","Carrera 17 D  40 72 Barrio La Ilusion","Atlantico","10.913579,-74.778268","N"
"EFECTY NORMANDIA","ACB302332","Cl 48 # 15f 05","Atlantico","10.914038,-74.784971","N"
"EFECTY AMERICAN BAR","ACB114814","Cl 18 # 19-110","Atlantico","10.917032,-74.765185","N"
"EFECTY PUERTO TIMBAL","ACB325025","Cl 48 # 17-54 Mz 5","Atlantico","10.915573,-74.784794","N"
"EFECTY VILLA ESTADIO 1 ETAPA","ACB194113","Cl 68d 15a-03","Atlantico","10.914328,-74.801977","N"
"EFECTY SOLEDAD CARRERA 19","ACB325036","Cr 19 # 24a 14 Loc1","Atlantico","10.917553,-74.770274","N"
"CONEXRED","ACB279506","Carrer 19 44 135 Barr Villa Katanga Ii","Atlantico","10.916774,-74.782328","N"
"EFECTY","ACB355495","Cra 4b 56 3","Atlantico","10.90645,-74.877954","N"
"EFECTY LAS MORAS","ACB123328","Cl 63 # 17-21","Atlantico","10.916152,-74.799315","N"
"EFECTY DIMONEX GALAPA","ACB278439","Cr 24 # 12-02","Atlantico","10.906347,-74.884094","N"
"EFECTY","ACB351457","Calle 7  17   34","Antioquia","6.37847,-75.44726","N"
"EFECTY GIRARDOTA PARQUE PRINCIPAL","ACB114452","Cr 15 # 5 B-45","Antioquia","6.377525,-75.445308","N"
"MULTIPAGAS","ACB197743","Calle 6 15-44","Antioquia","6.377713,-75.445802","N"
"CONEXRED","ACB276273","Calle 6  15  24 Barrio Parque","Antioquia","6.377569,-75.445681","N"
"CONEXRED","ACB270794","Carrera 18 57 52 Local 2","Atlantico","10.917207,-74.794682","N"
"CONEXRED","ACB303575","Carrera17c  59b110","Atlantico","10.917012,-74.797363","N"
"COOPERATIVA FINANCIERA DE ANTIOQUIA","ACB172685","Kr 15  6   19","Antioquia","6.377222,-75.445556","N"
"AYV SUPERGIROS SOLEDAD Z7 CDA LAS","ACB067723","Carrera 18 63  15","Atlantico","10.917104,-74.799319","N"
"EFECTY LOS FUNDADORES CRA 18 B","ACB304916","Cr 18b # 50a 03","Atlantico","10.918269,-74.788054","N"
"EFECTY RESERVA DE LOS ALMENDROS","ACB172256","Cl 80a 15a 04","Atlantico","10.915263,-74.817679","N"
"EFECTY ALTO DE LOS ALMENDROS CALLE 78","ACB322033","Cl 78 C2 # 14a-5","Atlantico","10.915753,-74.813847","N"
"EFECTY EXPRESS LOS ALMENDROS CL 83","ACB305731","Cl 83 # 18 21","Atlantico","10.918083,-74.819635","N"
"EFECTY CENTENARIO CRA 26","ACB174225","Cr 26 # 24-23","Atlantico","10.923379,-74.768972","N"
"EFECTY CRA 7","ACB112999","Cr 7 # 2f-37","Cesar","10.391023,-73.028628","N"
"EFECTY PRINCIPAL VILLA MUVDI","ACB174258","Cl 53 # 24 04","Atlantico","10.921612,-74.790897","N"
"EFECTY MORAS 4 ETAPA CALLE 67","ACB164194","Cr 23 # 67 20","Atlantico","10.920604,-74.801496","N"
"EFECTY LOS ROBLES CALLE 79 CON 25 C","ACB174270","Cl 79 # 21c-16","Atlantico","10.919457,-74.813664","N"
"EFECTY EXPRESS LOS ROBLES CL 77 CON 23A","ACB305490","Cl 77 # 23a 03","Atlantico","10.920425,-74.811645","N"
"EFECTY AL LADO DE LA FISCALIA","ACB121294","Cl 18 # 28-54","Atlantico","10.925485,-74.763745","N"
"EFECTY LA NOTA CALLE CENTRAL","ACB190625","Cl 3 N 5 75 Loc 1","Cesar","10.392502,-73.026518","N"
"EFECTY CALLE 22A HIPODROMO","ACB163214","Cl 22a # 30 05","Atlantico","10.926522,-74.76629","N"
"GIROS Y FINANZAS METROPOLITANO","ACB024999","Av Circunvalar Cl 45 Int. Éxito","Atlantico","10.923937,-74.79715","N"
"ACCIONES Y VALORES CC METROPOLITANO","ACB061035","Cl Murillo Con Av Circunvalar Lc 230","Atlantico","10.924039,-74.797154","N"
"EFECTY CENTRO COMERCIAL METROPOLITANO","ACB118818","Cr 28 # 58-148 Local 116","Atlantico","10.924147,-74.79634","N"
"ACCIONES Y VALORES","ACB066887","Pf Metropolitano","Atlantico","10.924373,-74.797347","N"
"EFECTY","ACB168473","Cr 32 30 15 Flamingo Gran Plaza Del Sol","Atlantico","10.926705,-74.779208","N"
"CONEXRED","ACB279881","Carrera 33 23 A 79 Barrio Hipodromo","Atlantico","10.928131,-74.767504","N"
"EFECTY HIPODROMO","ACB115837","Cr 30 # 27-22","Atlantico","10.927744,-74.773019","N"
"AYV SUPERGIROS SOLEDAD Z9 CDA HIPO","ACB067734","Carrera 30 27c  13","Atlantico","10.928057,-74.774026","N"
"GIROS Y FINANZAS SAO HIPODROMO","ACB020830","Cl 30 Cr 30 Esq. Int. Sao Hipódromo","Atlantico","10.927897,-74.778556","N"
"EFECTY CIUDADELA CRA 9B SUR","ACB190120","Cr 9b Sur 46 04","Atlantico","10.926369,-74.802773","N"
"EFECTY VILLA OLIMPICA CRA 56","ACB324574","Cr 4b 56 3","Atlantico","10.917925,-74.884672","N"
"EFECTY EXPRESS DIMONEX GALAPA MUND FELIZ","ACB305313","Cr 38 # 13 27","Atlantico","10.917925,-74.884672","N"
"EFECTY VILLA OLIMPICA CRA 58","ACB278077","Cr 58 # 3-66","Atlantico","10.917925,-74.884672","N"
"EFECTY 7 DE ABRIL","ACB154337","Cl 51b # 8 Sur 07","Atlantico","10.926587,-74.81425","N"
"EFECTY SALAMANCA CARRERA PRINCIPAL","ACB306051","Cr 37 # 20 A-08","Atlantico","10.931701,-74.766482","N"
"COOPERATIVA FINANCIERA DE ANTIOQUIA","ACB172827","Kr  10  9   79","Antioquia","6.556944,-75.827778","N"
"CONEXRED","ACB192452","Kr 37  27 50 Brr Soledadsanta Ines","Atlantico","10.931683,-74.772546","N"
"EFECTY BARRIO SANTA INES CRA 37B","ACB305182","Cr 37b # 27-08 Local 1","Atlantico","10.932378,-74.771944","N"
"AYV SUPERGIROS BQUILLA Z3 CDA LAS","ACB067756","Carrera 1 43  86","Atlantico","10.93008,-74.798295","N"
"EFECTY CIUDADELA 20 DE JULIO KRA 6 SUR","ACB154832","Cr 6 Sur # 46 K-02","Atlantico","10.929587,-74.80477","N"
"GIROS Y FINANZAS C.C. METROCENTRO","ACB020577","Cl 45 # 1-85 L-256","Atlantico","10.930691,-74.799661","N"
"CONEXRED","ACB192407","Cl 43  44 40 Ap 01 Br Urb El Parque","Atlantico","10.932926,-74.786388","N"
"EFECTY","ACB190108","Cra 1sur No 47a 09","Atlantico","10.930913,-74.807097","N"
"EFECTY CIUDADELA 20 DE JULIO CALLE 46","ACB191451","Cl 46 # 1 C 3-04","Atlantico","10.931612,-74.802139","N"
"MULTIPAGAS","ACB307535","Calle 10  # 10 42","Antioquia","6.501857,-75.742537","N"
"EFECTY CARRIZAL OLIMPICA DE LA 51B","ACB167274","Cl 51b # 1 31","Atlantico","10.931763,-74.812492","N"
"EFECTY FRONTINO","ACB112296","Parque Principal","Antioquia","6.773198,-76.130512","N"
"COOPERATIVA FINANCIERA DE ANTIOQUIA","ACB172850","Cl 9  9   5","Antioquia","6.500556,-75.742222","N"
"EFECTY BARRIO GALAN","ACB190153","Cr 2 # 37 09","Atlantico","10.934951,-74.790733","N"
"EFECTY VILLA OLIMPICA","ACB325047","Cl 9 # 61-100","Atlantico","10.926573,-74.865787","N"
"EFECTY BARRIO UNIVERSAL ETAPA1","ACB278219","Cl 33 G 1b 95","Atlantico","10.93541,-74.786684","N"
"EFECTY","ACB355187","Clle 68 1sur 134 Local 3","Atlantico","10.932455,-74.817184","N"
"EFECTY GALAN KRA 2","ACB274721","Cr 2 39-50","Atlantico","10.934843,-74.794797","N"
"EFECTY TECNOSERVICIOS P Y P","ACB151059","Cr 10 # 8-46","Antioquia","6.499806,-75.742958","N"
"EFECTY DIMONEX COSTA HERMOSA CALLE 28","ACB163049","Cr 42 # 28-125","Atlantico","10.937462,-74.774906","N"
"MULTIPAGAS","ACB197172","Calle 80 # 53-18","Atlantico","10.933432,-74.821003","N"
"EFECTY BOULEVARD COSTA HERMOSA","ACB168978","Cl 25 # 48 08 P1 Lo 1-2","Atlantico","10.939461,-74.772014","N"
"EFECTY CL 19 BOULEVARD DE SIMON BOLIVAR","ACB123395","Cl 19 # 3a-08","Atlantico","10.938915,-74.778781","N"
"MULTIPAGAS","ACB198975","Carrera 2  43   31","Antioquia","6.186497,-74.583726","N"
"EFECTY SANTA MARIA DIAGONAL AL CAI","ACB326840","Cl 91 # 01 Su-21","Atlantico","10.934316,-74.825426","N"
"CONEXRED","ACB273292","Calle 27  49 09 Barrio Vista Hermosa","Atlantico","10.940405,-74.773899","N"
"EFECTY CRESS LAS PALMAS","ACB116728","Cr 4 # 37 C-62","Atlantico","10.938854,-74.792334","N"
"EFECTY CRA 4 CON 45G ESTACION DE POLICIA","ACB150926","Cr 4 # 45 G-23","Atlantico","10.938244,-74.801711","N"
"EFECTY BARRIO SANTA MARIA","ACB154469","Cr 2 # 91-05 Lc 2","Atlantico","10.936299,-74.825005","N"
"EFECTY","ACB351589","Cra 51a  26 110","Atlantico","10.941651,-74.774728","N"
"EFECTY","ACB355912","Cra 51a  26 110","Atlantico","10.941651,-74.774728","N"
"EFECTY OLIMPICA SIMON BOLIVAR","ACB137057","Cl 19 # 4-132","Atlantico","10.941769,-74.777557","N"
"EFECTY BUENOS AIRES","ACB116784","Cl 45 # 5 B-24","Atlantico","10.940208,-74.79918","N"
"EFECTY LA SIERRA","ACB126606","Cr 4 # 16-170 Correg La Sierra","Antioquia","6.182136,-74.585132","N"
"EFECTY ANTIOQUIA CENTRO CALLE 52","ACB127850","Cr 5 # 44-58","Antioquia","6.182136,-74.585132","N"
"EFECTY BARRIO EL LIMON","ACB137123","Cr 7 # 34-04","Atlantico","10.942929,-74.788054","N"
"AYV SUPERGIROS BQUILLA Z6 CDA SIMO","ACB067745","Calle 19 5c  34","Atlantico","10.94432,-74.776796","N"
"EFECTY JUAN MINA","ACB154326","Cl 7 # 7-28","Atlantico","10.945409,-74.767548","N"
"EFECTY GUACA PARQUE","ACB326466","Cl 4 # 4-22","Santander","6.876301,-72.856218","N"
"COOPERATIVA FINANCIERA DE ANTIOQUIA","ACB172630","Carrera 30b 8 114a","Atlantico","10.944167,-74.785","N"
"EFECTY LA MAGDALENA CARRERA 7 C","ACB191846","Cr 7c 41-69","Atlantico","10.943102,-74.796718","N"
"EFECTY SAN LUIS","ACB309175","Cl 94 # 4-43","Atlantico","10.940725,-74.826747","N"
"EFECTY SIMON BOLIVAR","ACB077096","Cl 19 # 6 C 06","Atlantico","10.945874,-74.775775","N"
"GIROS Y FINANZAS C.C. PANORAMA","ACB024218","Cl 30 Cr 8 C.c. Int. Éxito","Atlantico","10.945667,-74.784678","N"
"EFECTY EDS TERPEL ATLANTICO","ACB132261","Cl 30 # 4 B-250","Atlantico","10.945778,-74.78411","N"
"CONEXRED","ACB320152","Calle 34  7g  33","Atlantico","10.946049,-74.788591","N"
"EFECTY CRA 8 CON 33A","ACB323881","Cr 8 # 33a 55","Atlantico","10.946488,-74.787777","N"
"EFECTY LAS PALMAS FRENT A OLIMPIC D LA 8","ACB151390","Cr 8 # 35 A-140","Atlantico","10.946203,-74.791917","N"
"ACCIONES Y VALORES HOMECENTER SOLEDAD","ACB065446","Cl 30 No 4b 400 Lc 8","Atlantico","10.947231,-74.784674","N"
"EFECTY LAS NIEVES CALLE 26 CON LA 7","ACB276668","Cl 26 # 7 19 Loc 1","Atlantico","10.947814,-74.779164","N"
"CONEXRED","ACB273357","Calle 45  7 H 42 Barrio Alborada","Atlantico","10.945913,-74.799773","N"
"EFECTY 8 CON 41","ACB305083","Cr 8 Cl 41 Loc 4","Atlantico","10.946286,-74.796032","N"
"EFECTY BARRIO SANTUARIO","ACB190119","Cl 49 # 7 H-45 Lc 3","Atlantico","10.94587,-74.804928","N"
"EFECTY LAS NIEVES CALLE 27B","ACB276844","Cl 27b 10-04","Atlantico","10.948909,-74.782414","N"
"EFECTY BARRIO EL BOSQUE","ACB169386","Cl 76 # 6-02 Lc 3","Atlantico","10.946292,-74.821574","N"
"EFECTY FRENTE A LA IGLESIA LA PLAYA","ACB273478","Cr 10 # 15-04","Atlantico","10.951235,-74.772215","N"
"EFECTY LA SIERRITA","ACB154755","Cr 6 # 60 63","Atlantico","10.948073,-74.81461","N"
"REDY LA VICTORIA B QUILLA","ACB363393","Calle 45 No 10c   48","Atlantico","10.951447,-74.798643","N"
"EFECTY LAS NIEVES CRA 16","ACB278747","Cr 16 # 24 162 Loc 3","Atlantico","10.953501,-74.779557","N"
"CONEXRED","ACB199350","Cl 17 # 15 - 58","Atlantico","10.954541,-74.773986","N"
"EFECTY URB PLAYA - COLEG PIES DESCALZOS","ACB154887","Cl 14 # 16-69","Atlantico","10.954688,-74.772568","N"
"EFECTY LOS CONTINENTES","ACB152038","Cr 10 # 50-09","Atlantico","10.952026,-74.803984","N"
"EFECTY LA VICTORIA CRA 10","ACB277647","Cr 10c # 45 C3-30 Local 2","Atlantico","10.952879,-74.802268","N"
"EFECTY MURILLO CON LA 14","ACB279034","Cr 14 44-38","Atlantico","10.954234,-74.796212","N"
"ACCIONES Y VALORES SAO MAKARENA","ACB061156","Kr 9 Av La Cordialidad","Atlantico","10.953749,-74.80796","N"
"EFECTY LA MACARENA CORDIALIDAD","ACB121711","Cl 56 # 9 D-147 Lc 1","Atlantico","10.954372,-74.807962","N"
"EFECTY CRA 20 CON 31","ACB304169","Cr 20 # 31-15 Loc 1","Atlantico","10.957109,-74.787102","N"
"EFECTY","ACB355198","Clle 91 01 Su  21","Atlantico","10.959051,-74.770442","N"
"EFECTY ADELITA DE CHAR","ACB133174","Cl 19 B # 17 C-05","Atlantico","10.958529,-74.776762","N"
"CONEXRED","ACB279429","Carrera 8 E 98 47 Barrio Las Malvinas","Atlantico","10.95453,-74.828542","N"
"EFECTY CRA 19 CON MURILLO","ACB300671","Cl 45 # 18 166","Atlantico","10.958058,-74.79475","N"
"EFECTY OLIMPICA MURILLO CRA 20","ACB138443","Cl 45 # 20-09","Atlantico","10.960156,-74.794066","N"
"EFECTY BARRIO SAN JOSE","ACB274732","Cr 21 # 40 05 Loc 1","Atlantico","10.960618,-74.790653","N"
"EFECTY CORDIALIDAD","ACB115507","Cl 47 # 14-135 Lc 2","Atlantico","10.959584,-74.802077","N"
"EFECTY OLIMPICA CORDIALIDAD","ACB126860","Cl 47 # 14-189","Atlantico","10.959786,-74.801761","N"
"EFECTY LOS COCOS CRA 21B CON 37","ACB306842","Cr 21b # 37-72","Atlantico","10.961362,-74.787694","N"
"CONEXRED","ACB303959","Carrera 8h 128","Valle Del Cauca","10.954594,-74.852067","N"
"AyV PAGAFACIL LA CORDIALIDAD","ACB368486","Cl 47  18   35","Atlantico","10.960742,-74.799761","N"
"EFECTY ZAPATOCA CRA 21","ACB308800","Cr 21 # 44 08","Atlantico","10.961541,-74.792444","N"
"EFECTY EVARISTO SURDIS","ACB164084","Cr 9g # 80-211","Atlantico","10.95825,-74.824662","N"
"CONEXRED","ACB199240","Cr 26   15 27 Brr La Luz","Atlantico","10.963461,-74.774242","N"
"EFECTY COUNTRY CLUB VILLAS","ACB161883","Cr 27 # 6 54","Atlantico","10.964298,-74.769718","N"
"EFECTY","ACB355208","Carrera 47 20 169 Lo 2b","Atlantico","10.962854,-74.795414","N"
"EFECTY PORTAL DE SAN JOSE","ACB119798","Cl 47 # 21 B-69 Lc 8","Atlantico","10.963841,-74.793384","N"
"EFECTY REBOLO CRA 29","ACB279045","Cr 29 # 17 -1 Loc 03","Atlantico","10.965874,-74.775239","N"
"EFECTY EXPRESS SAN VICENTE P. PPAL CL 31","ACB308437","Cl 31 # 29 -10 Lc 116","Antioquia","6.285764,-75.33424","N"
"EFECTY SAN VICENTE KILOMETRO 6","ACB278660","Km 6 Via San Vicente","Antioquia","6.285764,-75.33424","N"
"EFECTY EL CARMEN HOSPITAL PEDIATRICO.","ACB274369","Cr 21 # 48 28 Loc 1","Atlantico","10.964968,-74.796718","N"
"CONEXRED","ACB307393","Calle 134  9 112","Atlantico","10.95826,-74.858477","N"
"EFECTY TOLEDO CRA 4","ACB162950","Cr 4 # 11-60 Barrio Napoleon","Norte De Santander","7.309218,-72.48172","N"
"EFECTY","ACB358256","Cll 46sur  46aa 5","Antioquia","6.234314,-75.160728","N"
"CONEXRED","ACB303179","Carrera 26  37  40","Atlantico","10.966881,-74.785622","N"
"EFECTY LA ESMERALDA.","ACB174292","Cr 13 # 84 B-92","Atlantico","10.964495,-74.825623","N"
"EFECTY SOCIEDAD PORTUARIA","ACB176843","Cl 4 # 30 259","Atlantico","10.970575,-74.765027","N"
"EFECTY PRINCIPAL BARRIO EL PUEBLITO","ACB151653","Cr 12 # 115-08","Atlantico","10.963323,-74.839591","N"
"ACCIONES Y VALORES EXITO MURILLO","ACB063707","Cl 45 No 26  129","Atlantico","10.969279,-74.790705","N"
"EFECTY SOLEDAD MORAS NORTE","ACB160178","Cr 18 # 67-02 Lc 2","Atlantico","10.967439,-74.810282","N"
"MULTIPAGAS","ACB197732","Cra 37 30-15","Atlantico","10.970676,-74.78035","N"
"EFECTY FTE AL EXITO DE LA MURILLO","ACB134119","Cr 27 # 45-20","Atlantico","10.969781,-74.790298","N"
"EFECTY BARRIO LOS ANDES","ACB151576","Cr 21 B # 61-37 Lc 2","Atlantico","10.968501,-74.804149","N"
"GIROS Y FINANZAS C.C. GRAN PLAZA DEL SOL","ACB025594","Cr 32 # 30-132 L-210","Atlantico","10.970892,-74.780011","N"
"EFECTY PETROMIL CRA 32 CALLE 30","ACB170386","Cl 30 N ° 32 32","Atlantico","10.970917,-74.779839","N"
"EFECTY EXPRESS SAN VICENTE AV 20 DE JUL","ACB272280","Av 20 De Julio Cruce Con Cl Arbelaez 26a","Antioquia","6.280808,-75.333536","N"
"GIROS Y FINANZAS OLÍMPICA 21","ACB020742","Cr 21b # 63b-50 Int. Olímpica 21","Atlantico","10.9688,-74.805578","N"
"EFECTY CENTRO COMERCIAL MANHATTAN","ACB128707","Cl 49 # 49-41 Lc 102","Antioquia","6.346034,-75.507307","N"
"EFECTY CENTRO COMERCIAL EL CASTILLO","ACB166723","Cl 50 N 51-15 Local 111","Antioquia","6.346065,-75.508831","N"
"EFECTY CRA 5","ACB112966","Cr 5 # 4-07","Santander","6.694401,-73.019312","N"
"COOPERATIVA FINANCIERA DE ANTIOQUIA","ACB172597","Carrera 51 49 05","Antioquia","6.345556,-75.508333","N"
"EFECTY BARRIO SAN ISIDRO","ACB190131","Cl 50 # 26b 61","Atlantico","10.970855,-74.794149","N"
"EFECTY FRENTE AL HOSPITAL EL CARI","ACB134582","Cl 57 # 23-129","Atlantico","10.971113,-74.801259","N"
"EFECTY STA HELENA DEL OPON SANTANDER","ACB132425","Cl 4 3-21","Santander","6.339009,-73.6158","N"
"EFECTY HOSPITAL DE LA MANGA","ACB154414","Cl 78 # 21-27 Ap 2","Atlantico","10.971061,-74.823135","N"
"EFECTY EXPRESS EFECTY CRA 38 CON 17","ACB320350","Cr 38 # 17-52","Atlantico","10.975759,-74.775888","N"
"EFECTY CALLE COMERCIO","ACB112933","Cl 20 20-47","Antioquia","6.188034,-74.992421","N"
"EFECTY","ACB351918","Calle 45  33 116","Atlantico","10.976168,-74.787919","N"
"EFECTY CALLE 30","ACB071694","Cl 30 # 40-28","Atlantico","10.977804,-74.776131","N"
"EFECTY AV. PASEO BOLIVAR","ACB077184","Cl 34 # 39-56","Atlantico","10.978571,-74.778662","N"
"EFECTY CENTRO 38 CON 38","ACB117301","Cl 38# 38-15","Atlantico","10.978302,-74.781731","N"
"EFECTY BARRIO LUCERO","ACB134021","Cr 33 # 52-18","Atlantico","10.97719,-74.793831","N"
"EFECTY SAN FELIPE CALLE 68","ACB119424","Cr 27 # 64-56 Local 1-","Atlantico","10.976113,-74.805498","N"
"EFECTY EDS CALLE 44 CON 36","ACB176832","Cl 44 # 36 36","Atlantico","10.97816,-74.786364","N"
"EFECTY FRENTE AL COLEGIO CARLOS MEISELL","ACB322891","Cl 74 N. 25-04","Atlantico","10.975424,-74.814608","N"
"EFECTY CALLE 70C BARRIO SAN FELIPE","ACB130676","Cl 70c # 26b-23","Atlantico","10.976075,-74.809896","N"
"EFECTY CENTRO COMERCIAL GALERIA REAL","ACB320372","Cl 34 # 40-40 Local 124","Atlantico","10.979179,-74.77847","N"
"EFECTY LUCERO CRA 35","ACB323793","Cr 35 # 50 82","Atlantico","10.978031,-74.791633","N"
"EFECTY","ACB307227","Carrera 38 41   14","Atlantico","10.978885,-74.783633","N"
"CONEXRED","ACB309681","Calle 30 Carrera 42d Local 176","Atlantico","10.979785,-74.775631","N"
"EFECTY CENTRO CALLE 36","ACB304444","Cr 40 # 36-7","Atlantico","10.979532,-74.780138","N"
"COOPERATIVA FINANCIERA DE ANTIOQUIA","ACB172795","Kr  11   18   132 Ed  La Alcaldia","Antioquia","6.4425,-75.727778","N"
"EFECTY LOS OLIVOS TV 27","ACB308811","Tv 27 # 111-20","Atlantico","10.974196,-74.837422","N"
"EFECTY MIAMI C.C. BARRANQUILLITA","ACB133800","Cr 42 D # 9-10 Lc 629 630 Y 631","Atlantico","10.980739,-74.773689","N"
"EFECTY","ACB278220","Calle 61  30 14 Lo 2","Atlantico","10.978118,-74.801913","N"
"EFECTY CALLE 34 PASEO BOLIVAR","ACB190175","Cl 34 # 42 28","Atlantico","10.980714,-74.778054","N"
"EFECTY OLIMPICA LOS OLIVOS","ACB138850","Cr 27 106-14","Atlantico","10.975154,-74.834738","N"
"A Y V PF OFICINA SAN NICOLAS","ACB065138","Cl 34 No 42  70 Esquina","Atlantico","10.980909,-74.77799","N"
"EFECTY CENTRO CRA 43 CON 33","ACB323287","Cr 43 # 33-32","Atlantico","10.98121,-74.777558","N"
"EFECTY LOS OLIVOS CRA 27","ACB320305","Cr 27 # 102-05","Atlantico","10.975671,-74.832844","N"
"EFECTY EL SILENCIO FRENTE AL CAI","ACB154425","Cr 26b # 74c 16","Atlantico","10.977668,-74.815823","N"
"EFECTY","ACB355219","Carrera 43 36  27 Piso 1","Atlantico","10.981295,-74.779966","N"
"EFECTY","ACB355220","Carrera 43 36 27","Atlantico","10.981302,-74.779972","N"
"EFECTY C.C LOS ANGELES","ACB304170","Cr 43 # 35 38 Loc 54","Atlantico","10.981544,-74.779202","N"
"EFECTY CC TROPICAL CENTRO CRA 43","ACB326862","Cr 43 # 36-27 Piso 1","Atlantico","10.981561,-74.77988","N"
"GIROS Y FINANZAS C.C. LOS ANGELES","ACB020423","Cr 43 # 35-38 L-67 Piso 1","Atlantico","10.981578,-74.780223","N"
"EFECTY CENTRO COMERCIAL EL PASEO","ACB326873","Cl 34 #43-70 Local 162","Atlantico","10.981872,-74.777842","N"
"BANCAMIA BARRANQUILLA","ACB061893","Calle 39 41 115","Atlantico","10.981572,-74.78143","N"
"EFECTY C.C COLOMBIA LOCAL 17","ACB151169","Cl 34 # 43-129 Lc 17","Atlantico","10.982478,-74.777992","N"
"EFECTY CENTRO CRA 43","ACB154580","Cr 43 # 40-38","Atlantico","10.982149,-74.782236","N"
"A Y V PF OFICINA PASEO DE BOLIVAR","ACB064852","Cra 44 34 14 Lc 111 C C Bolivar Plaza","Atlantico","10.982962,-74.778029","N"
"EFECTY NUEVA GRANADA CARRERA 32","ACB308822","Cr 32 # 65 126 Loc 2","Atlantico","10.980637,-74.804164","N"
"A Y V PF OFICINA BARRANQUILLA","ACB064906","Cl 37 43 164 Local 124 C C Caldas","Atlantico","10.982986,-74.779946","N"
"EFECTY SENA CRA 43 MULTILOTERIAS","ACB122800","Cr 43 # 43-98 Lc 10","Atlantico","10.982716,-74.784818","N"
"EFECTY","ACB309230","Kr 43  43   98 Lc 10","Atlantico","10.982814,-74.785036","N"
"EFECTY CARRERA 44 CON 39","ACB326884","Cr 44 # 39-47 Lo 3","Atlantico","10.98352,-74.7811","N"
"EFECTY","ACB355231","Cra 44 39 47 Lo 3","Atlantico","10.983536,-74.781414","N"
"EFECTY TERMINAL DE TRANSPORTE","ACB119721","1.5 Km Cl Murillo Soledad","Atlantico","10.979999,-74.818788","N"
"CONEXRED","ACB270662","Calle 42 43 146","Atlantico","10.98354,-74.783116","N"
"EFECTY BARRIO LA PRADERA","ACB130016","Cr 31 # 116a-33","Atlantico","10.977839,-74.840436","N"
"EFECTY FRENTE A LA CENTRAL DE POLICIA","ACB114364","Cr 43 # 47-20","Atlantico","10.983382,-74.78765","N"
"EFECTY COLEGIO COLON","ACB176052","Cl 54 # 41 03 Loc01","Atlantico","10.983127,-74.793495","N"
"EFECTY CENTRO CRA 44","ACB320338","Cr 44 # 43 79 Loc 2","Atlantico","10.984143,-74.784094","N"
"EFECTY FRENTE AL CENTRO CIVICO","ACB178735","Cl 40 # 44 93 Loc 10","Atlantico","10.984625,-74.781387","N"
"EFECTY CALLE 71 BARRIO OLAYA.","ACB323661","Cl 71 # 33 47 Loc 1","Atlantico","10.981911,-74.810794","N"
"EFECTY CENTRO COMERCIAL PARQUE CENTRAL","ACB120336","Cr 43 # 50-12 Lc 1001","Atlantico","10.98399,-74.789883","N"
"EFECTY CENTRO CARRERA 45 CON 40","ACB308833","Cl 37 # 45-17 Loc 8","Atlantico","10.984935,-74.77962","N"
"EFECTY BARRIO RECREO","ACB117015","Cr 38 # 61-05 Local 3","Atlantico","10.983629,-74.799052","N"
"EFECTY E.D.S. LAS DELICIAS.","ACB302727","Cr 38 # 69d-29","Atlantico","10.984361,-74.807473","N"
"EFECTY OLIMPICA RECREO","ACB138904","Cl 61 # 41-100","Atlantico","10.985578,-74.797641","N"
"EFECTY TCHERASSI CRA 1 SUR","ACB320394","Cr Primero Sur 47 A 3 Primer Piso","Atlantico","10.983861,-74.815763","N"
"EFECTY 7 DE ABRIL CALLE 68","ACB326839","Cl 68 # 1sur -134 Local 3","Atlantico","10.983861,-74.815763","N"
"EFECTY VILLA CORDIALIDAD","ACB320361","Cr 6 # 134-80 Bloque 9p T1 Ap 103","Atlantico","10.983861,-74.815763","N"
"EFECTY CORDIALIDAD CRA 21","ACB326851","Cr 47 # 20-169 Lo 2b","Atlantico","10.983861,-74.815763","N"
"EFECTY SAN FRANCISCO","ACB077195","Cr 38 # 70 B 115 Local 1","Atlantico","10.984948,-74.81013","N"
"EFECTY CRA 46 OLAYA HERRERA","ACB122482","Cr 46 # 45-30 Local 107","Atlantico","10.987511,-74.78517","N"
"EFECTY","ACB358322","Cll 69 Cr 60 274","Antioquia","6.351318,-75.561453","N"
"EFECTY CAMPOALEGRE","ACB115628","Cr 38 # 100-09 Lc 3","Atlantico","10.982837,-74.832697","N"
"ACCIONES Y VALORES EXITO SAN FRANCISCO","ACB064951","Kr 38 No 70b  177","Atlantico","10.985154,-74.811138","N"
"EFECTY BOSTON CALLE 57","ACB128521","Cl 57 # 43-165 Lc 1 A","Atlantico","10.986826,-74.794433","N"
"EFECTY LA PRADERA CRA 38","ACB163016","Cr 38 # 110-73","Atlantico","10.982451,-74.836801","N"
"EFECTY","ACB355242","Calle 69d 41 03 Loc 02","Atlantico","10.986911,-74.803957","N"
"EFECTY CC AMERICANO","ACB132283","Cr 38 # 74-61 Lc 107","Atlantico","10.985969,-74.814465","N"
"EFECTY BARRIO LAS DELICIAS","ACB326895","Cl 69d # 41 03 Loc 02","Atlantico","10.987404,-74.804742","N"
"EFECTY BARRIO ABAJO","ACB172278","Cr 50 # 44 51","Atlantico","10.989518,-74.783672","N"
"GIROS Y FINANZAS SAO 53","ACB020764","Cl 53 46-38 Int. Sao 53","Atlantico","10.989079,-74.789239","N"
"EFECTY","ACB358300","Dg 57  38  31 Local 152 Bloque 37 Mz 2","Antioquia","6.343497,-75.548818","N"
"EFECTY CC PUERTA DEL NORTE TORRE 1","ACB300516","Dg 55 # 34-67","Antioquia","6.340417,-75.542361","N"
"CONEXRED","ACB274897","Carrera 5  11 08 Barrio Centro","Magdalena","10.976562,-74.210274","N"
"MULTIPAGAS","ACB271773","Calle 53 46 192","Atlantico","10.989791,-74.789017","N"
"EFECTY LAS MERCEDES CRA 38 CON 76","ACB125166","Cr 38 # 76-136 Lc 2","Atlantico","10.987051,-74.817385","N"
"EFECTY SERVIENTREGA PORTAL DEL PRADO","ACB077162","Cr 50 # 48-227 Local 116","Atlantico","10.990244,-74.786929","N"
"EFECTY","ACB358290","Cra 50b  121  04","Antioquia","6.34109,-75.546001","N"
"GIROS Y FINANZAS C.C. PORTAL DEL PRADO","ACB024526","Cl 53 Cr 50 Esq. L-236","Atlantico","10.99039,-74.788806","N"
"EFECTY FRENTE AL INCA","ACB304961","Cl 57 # 46-56 Loc 1","Atlantico","10.990152,-74.793295","N"
"EFECTY BARRIO BOSTON 44 CON 68","ACB139488","Cr 44 # 67-37","Atlantico","10.989527,-74.801559","N"
"MULTIPAGAS","ACB271652","Carrera 50 55 44","Antioquia","6.346306,-75.559038","N"
"EFECTY BOSTON CALLE 64 CON 44.","ACB172289","Cl 64 # 44 103","Atlantico","10.989856,-74.798818","N"
"EFECTY","ACB155448","Cra 46 N  59 61 Loc 10","Atlantico","10.990213,-74.79551","N"
"A Y V HOMECENTER PUERTA DEL NORTE","ACB061277","Diagonal 55 No 37 41 Local 172 173","Antioquia","6.339877,-75.544946","N"
"GIROS Y FINANZAS C.C. ÚNICO","ACB025857","Cl 74 # 38d-113 Local 80","Atlantico","10.988721,-74.812598","N"
"GIROS Y FINANZAS CC PUERTA DEL NORTE","ACB025682","Dg 51 No 35 217 Local 125 Torre 1","Antioquia","6.338973,-75.543223","N"
"GIROS Y FINANZAS C.C. PUERTA DEL NORTE","ACB025000","Dg 51 # 35-217 L-125 Torre 1","Antioquia","6.338967,-75.543225","N"
"EFECTY","ACB352865","Dg 55 37 41 Lc 151 Cc Niquia","Antioquia","6.339608,-75.544989","N"
"REDY UNICO B QUILLA","ACB363382","Calle 74 No 38d   113 Lc B03","Atlantico","10.989105,-74.812073","N"
"AyV MEGATIENDAS CC UNICO","ACB067581","Calle 74 No 38d - 113","Atlantico","10.989195,-74.812515","N"
"EFECTY CIUDAD JARDIN CALLE 80B CON 41D","ACB300901","Cl 80b # 41d 14 Loc1","Atlantico","10.988189,-74.822121","N"
"CONEXRED","ACB303597","Carrera 52 5015","Atlantico","10.991677,-74.787943","N"
"EFECTY FRENTE A LA CLINICA ASUNCION","ACB305160","Cl 71 # 41b-27","Atlantico","10.989824,-74.807183","N"
"EFECTY","ACB351929","Carrera 43 69f 57","Atlantico","10.990147,-74.804689","N"
"EFECTY","ACB358311","Av 42  61  30","Antioquia","6.348146,-75.566183","N"
"ACCIONES Y VALORES PF OFICINA NIQUIA","ACB064456","Dg 50 A N 38 20 Lc 101","Antioquia","6.338138,-75.545136","N"
"EFECTY CALLE 72 CON 41C","ACB129764","Cl 72 # 41c -32 Local 1","Atlantico","10.991085,-74.80731","N"
"EFECTY OLIMPICA CALLE 73","ACB126859","Cl 73 # 41d Esquina","Atlantico","10.991099,-74.808045","N"
"EFECTY COLISEO HUMBERTO PEREZ","ACB154744","Cr 54 # 55-45 Lc 2","Atlantico","10.992859,-74.791734","N"
"BANCAMIA NIQUIA","ACB062553","Diagonal 55 42a 18","Antioquia","6.339026,-75.54841","N"
"AYV SUPERGIROS BQUILLA Z2 CDA CARI","ACB067778","Calle 72 41b  147","Atlantico","10.991407,-74.80746","N"
"EFECTY","ACB351237","Dg 56  44  65","Antioquia","6.339974,-75.552315","N"
"EFECTY CIUDAD JARDIN CLL 79B CON 42","ACB278781","Cl 79b # 42-315 Lc 1","Atlantico","10.991352,-74.818833","N"
"AYV CENTRO BELLO","ACB067471","Calle 63 No 62b   13","Antioquia","6.345502,-75.566485","N"
"REDY BELLO","ACB363106","Calle 63 No 62b   13","Antioquia","6.345502,-75.566485","N"
"ACCIONES Y VALORES PF OFICINA AV KENNEDY","ACB064896","Cl 72 45 66 Area Comun Cc La 72","Cundinamarca","10.993826,-74.805772","N"
"EFECTY BOCHALEMA","ACB113516","Cr 5 # 8-53","Santander","6.811956,-72.848241","N"
"EFECTY LA TROJA METROCOMUNICACIO CL 74","ACB272916","Cl 74 # 43 67 Loc 6","Atlantico","10.993582,-74.808941","N"
"EFECTY CRA 46 CON 72","ACB320383","Cr 46 # 72-20","Atlantico","10.994615,-74.805886","N"
"EFECTY","ACB358498","Calle 3 Norte  6 47 Barrio Bolivar","Santander","6.565441,-73.149697","N"
"ACCIONES Y VALORES OLIMPICA CL 72","ACB060232","Cr 47 72 31 Supertienda Olimpica Cl 72","Atlantico","10.995097,-74.805301","N"
"AYV PF OBRA 200","ACB067503","Calle 58 N 59   66","Antioquia","6.341763,-75.565276","N"
"EFECTY BELLO BARRIO LAS VEGAS","ACB272455","Dg 44 # 37c-19","Antioquia","6.330999,-75.543133","N"
"ACCIONES Y VALORES PF OFICINA CL 70","ACB064863","Carrera 53 70 9","Atlantico","10.997374,-74.800568","N"
"EFECTY BARRIO PORVENIR CRA 44 CON 79","ACB304817","Cr 44 # 76 174","Atlantico","10.996219,-74.812259","N"
"EFECTY","ACB351930","Carrera 53 Calle 70 Esquina","Atlantico","10.997548,-74.801276","N"
"EFECTY LOS NOGALES AL LADO CARACOL RADIO","ACB123032","Cl 88 # 42 B-33 Lc 1","Atlantico","10.995407,-74.828751","N"
"AyV PF RINCON DEL BOSQUE","ACB067668","Calle 57 No 69   27","Antioquia","6.343805,-75.577065","N"
"ACCIONES Y VALORES EXITO BELLO CENTRO","ACB063235","Kr 49 No 50 12 Cc Bellocentro","Antioquia","6.334957,-75.55792","N"
"EFECTY ALTO PRADO.","ACB300934","Cr 53 # 72 140","Atlantico","10.99939,-74.803122","N"
"PAGAFACIL PARQUE DE BELLO","ACB064357","Cra 49 N 50 12 Local 115","Antioquia","6.334803,-75.557804","N"
"GIROS Y FINANZAS PRADO","ACB020083","Cr 54 # 72-80 L-23/24 Centro Ejecutivo I","Atlantico","10.99978,-74.801819","N"
"COOPERATIVA FINANCIERA DE ANTIOQUIA","ACB172476","Barranquilla   Santa Marta","Atlantico","10.999722,-74.803333","N"
"AYV CC BOULEVARD 54","ACB067206","Cra 54 No 74 147 Lc 101 102 Cc Boul 54","Atlantico","10.999857,-74.802619","N"
"CONEXRED","ACB320019","Carrera 68  56a 61","Antioquia","6.341127,-75.573089","N"
"PF PARQUE BELLO II","ACB065897","Calle 51  50   80 Bello","Antioquia","6.335159,-75.559763","N"
"CONEXRED","ACB324309","Carrera 68 56a 54","Antioquia","6.341003,-75.573051","N"
"GIROS Y FINANZAS BELLO PARQUE","ACB020270","Cr 50 # 50-15 L-255","Antioquia","6.334572,-75.558616","N"
"GIROS Y FINANZAS C.C. METRO BELLO","ACB024504","Cr 50 # 27b-51 L-238","Antioquia","6.334572,-75.558616","N"
"CONEXRED","ACB309955","Carrera 68 56a 13","Antioquia","6.340792,-75.573175","N"
"COOPERATIVA FINANCIERA DE ANTIOQUIA","ACB172498","Carrera 50 50 29","Antioquia","6.334167,-75.558611","N"
"EFECTY BARRIO EL PRADO CALLE 72","ACB300912","Cl 72 # 57 46 Loc 8","Atlantico","11.000823,-74.798818","N"
"AYV PF EL CARMELO BELLO","ACB066645","Carrera 63 Con Calle 54 2 Interior 102","Antioquia","6.338281,-75.567967","N"
"EFECTY PUNTO MOVIL  NORTE","ACB112582","Cl 76 # 49 C-26","Atlantico","11.000044,-74.808289","N"
"EFECTY CALLE 76","ACB071605","Cl 76 # 49c-26","Atlantico","11.000097,-74.808178","N"
"EFECTY PARQUE PRINCIPAL","ACB115662","Cl 49 # 49-53 Piso 2","Antioquia","6.333589,-75.558009","N"
"EFECTY BELLO BARRIO CENTRAL","ACB155482","Cl 50 # 51-03","Antioquia","6.333982,-75.559681","N"
"EFECTY CRA 43 CON 84","ACB300923","Cr 43 84-222","Atlantico","10.999124,-74.821821","N"
"EFECTY SIMACOTA CENTRO","ACB121678","Cr 4 # 4-30","Santander","6.442059,-73.336066","N"
"AYV PF CALLE 76","ACB065183","Carrera 51 No 75   121 Lc 2","Atlantico","11.000883,-74.806474","N"
"GIROS Y FINANZAS OLÍMPICA CALLE 82","ACB024559","Cr 46 # 82-54 Int. Olímpica","Atlantico","11.001206,-74.817195","N"
"MULTIPAGAS","ACB196522","Transv. 4 # 17-40","Narino","6.216946,-75.242888","N"
"EFECTY","ACB355253","Cra 46 84 59 Local 1","Atlantico","11.001449,-74.81926","N"
"EFECTY OPTICLASS CALLE 82","ACB174281","Cr 49c # 80 264 Loc 2","Atlantico","11.002057,-74.815628","N"
"EFECTY CRA 46 CON CALLE 84","ACB326905","Cr 46 # 84-59 Local 1","Atlantico","11.00169,-74.819602","N"
"EFECTY","ACB356418","Calle 97  42g 144","Atlantico","11.00065,-74.832073","N"
"EFECTY VILLA TAREL","ACB151729","Cl 72 # 65-35","Atlantico","11.00489,-74.794269","N"
"MULTIPAGAS","ACB197622","Carrera 56 # 75-155","Atlantico","11.00411,-74.803","N"
"EFECTY JUMBO CALLE 76","ACB154579","Cr 56 # 75-155","Atlantico","11.004108,-74.803035","N"
"REDY VILLA COUNTRY","ACB363371","Calle 78 No 53   70 Piso 2","Atlantico","11.004203,-74.806788","N"
"CONEXRED","ACB193651","Cl 47  54 87 Brr Santa Ana","Antioquia","6.33157,-75.563024","N"
"EFECTY EXPRESS EFECTY C.C. VILLA COUNTRY","ACB273687","Cl 78 53-70 Local 124","Atlantico","11.004601,-74.806995","N"
"ACCIONES Y VALORES CARULLA VILLA COUNTRY","ACB064939","Cl 78 No 53 70 Carulla Villa Country","Atlantico","11.004642,-74.807068","N"
"EFECTY","ACB358465","Calle 33  21 02 10","Santander","6.541398,-73.167267","N"
"EFECTY EXPRESS DIMONEX BARRIO SAN MARTIN","ACB323869","Cr 14a # 24-05","Santander","6.55633,-73.144516","N"
"EFECTY GUARNE CALLE DEL BOLSILLO","ACB172058","Cr 50 # 49 -54","Antioquia","6.279621,-75.44209","N"
"ACCIONES Y VALORES SAO 93","ACB060243","Cl 93 Kr 46 Esquina","Atlantico","11.004177,-74.82701","N"
"REDY MIRAMAR","ACB363360","Carrera 43 No 99  50","Atlantico","11.003293,-74.835201","N"
"CONEXRED","ACB303124","Carrera 43  99a  1  Local 2 Barrio El Ta","Atlantico","11.003459,-74.835199","N"
"EFECTY EXPRESS CR 10 CON LA 11A PTO COLO","ACB304608","Cr 10 # 11a-46","Atlantico","10.987774,-74.95146","N"
"AYV PF OLAYA HERRERA","ACB064984","Cr 46  92 30 Lc 1","Atlantico","11.004627,-74.826315","N"
"A Y V EDIFICIO TORRES DE CALABRIA","ACB060397","Kr 51 No 84 184 Esquina Lc 103","Atlantico","11.005826,-74.819148","N"
"EFECTY CURITI","ACB122206","Cl 8 #10-54","Santander","6.606493,-73.070322","N"
"EFECTY CALLE 28 CON 18A","ACB306402","Cl 28 # 18a-108","Magdalena","11.001258,-74.245315","N"
"EFECTY CENTRO PRINCIPAL","ACB172070","Cr 8 # 9-04","Santander","6.607088,-73.068681","N"
"EFECTY BARRIO SAN CARLOS","ACB131194","Cr 10d 8-35","Atlantico","10.989628,-74.951721","N"
"EFECTY CLL 3 CON LA 6","ACB115695","Cl 3 # 6-22","Atlantico","10.988895,-74.957705","N"
"EFECTY SALGAR VIA PRINCIPAL","ACB154436","Cr 10 # 6-31","Atlantico","10.990041,-74.953822","N"
"EFECTY CALLE 77","ACB077007","Cl 77 # 66-18","Atlantico","11.009899,-74.799748","N"
"GIROS Y FINANZAS C.C. VIVA","ACB025945","Cr 51b # 87-50 L-0-11","Atlantico","11.008196,-74.821708","N"
"A Y V EXITO BARRANQUILLA VIVA","ACB065479","Calle 51b 1e 110","Atlantico","11.008205,-74.821708","N"
"EFECTY","ACB351941","Cra 51b 87 50 Local 005","Atlantico","11.00835,-74.821017","N"
"EFECTY EXPRESS PAPELE LA MODERNA SAN GIL","ACB279694","Cr 13b # 29-17 Barrio Villa Del Rosario","Santander","6.556329,-73.136645","N"
"EFECTY VEREDA UVO VIA NACIONAL","ACB305676","Vereda Uvo Km 16 Via San Gil","Santander","6.604539,-73.069139","N"
"EFECTY SECTOR PLAZA MERCADO","ACB304356","Cr 7 # 6-32","Santander","6.605067,-73.068081","N"
"EFECTY AVENIDA SANTANDER","ACB120062","Av Santander # 19-85","Santander","6.555893,-73.135377","N"
"EFECTY ZONA INTERACTIVA LA GABRIELA","ACB305038","Cl 31# 44 24","Antioquia","6.319414,-75.55205","N"
"EFECTY IMPRESS.COM COMUNICACIONES CL 77","ACB176063","Cl 77 # 71-34 Loc 5-2","Atlantico","11.012594,-74.797788","N"
"EFECTY TERMINAL DE SAN GIL","ACB302266","Terminal De Transportes De San Gil","Santander","6.554232,-73.136004","N"
"EFECTY SAN GIL VILLA OLIMPICA","ACB150157","Cr 17 # 15-65","Santander","6.552066,-73.138757","N"
"EFECTY","ACB355451","Cl 34  55   67","Antioquia","6.321639,-75.560763","N"
"EFECTY PARQUE PRINCIPAL","ACB110250","Cl 13 # 9-58 Local 16","Santander","6.555011,-73.134014","N"
"EFECTY CIENAGA MAGDALENA PRINCIPAL","ACB078570","Cl 17 # 10-03","Magdalena","11.006602,-74.251935","N"
"EFECTY OBRERO ELECTRO VIRTUAL CL 34","ACB324530","Cl 34 # 55-67","Antioquia","6.321502,-75.560724","N"
"MULTIPAGAS","ACB197150","Carrera 9 # 12-54","Santander","6.555154,-73.133295","N"
"AYV EXITO CALLE 77","ACB067646","Calle 77 No 71 49 Lc 127 A","Atlantico","11.01369,-74.797893","N"
"MULTIPAGAS","ACB274709","Calle 17 11 58","Magdalena","11.006918,-74.250805","N"
"EFECTY PARAISO CALLE 84","ACB176096","Cl 84 # 67 26 Loc 1","Atlantico","11.014183,-74.809276","N"
"ACCIONES Y VALORES OLIMPICA CL","ACB060759","Cl 84 Con 67 Esquina","Atlantico","11.0142,-74.809691","N"
"MOVISTAR","ACB071209","Carrera 9 10 02","Santander","6.553971,-73.131329","N"
"EFECTY DIAGONAL A LA OLIMPICA DEL CENTRO","ACB325058","Cl 17 19 -15 Apartamento 01","Magdalena","11.008308,-74.24576","N"
"GIROS Y FINANZAS BUENAVISTA","ACB026023","Cl 98 # 52-115 L-eac-3a Sótano 1a","Atlantico","11.01276,-74.828097","N"
"CONEXRED","ACB303960","Carrera 44 26  71","Antioquia","6.315033,-75.552344","N"
"ACCIONES Y VALORES EXITO BUENAVISTA","ACB063433","Cl 98 Kr 52 Esquina Lc 108a","Atlantico","11.01294,-74.828027","N"
"EFECTY","ACB302255","Calle 10 12 163 Local 163","Santander","6.551691,-73.133746","N"
"A Y V PF OFICINA DANN CARLTON","ACB064917","Cl 98 52 115 Loc Jumbo Cc Buena Vista 2","Cundinamarca","11.013195,-74.827664","N"
"PAGAFÁCIL METRO BELLO","ACB065754","Kr 50 27 B 71 Lc 2022","Antioquia","6.316799,-75.55727","N"
"EFECTY CIENAGA MAGDALENA CENTRO","ACB115794","Cr 11 # 11-30","Magdalena","11.009614,-74.251644","N"
"EFECTY SAN GIL CC EL PUENTE","ACB323506","Cl 10 # 12-184 Brr Sagrada Familia","Santander","6.552366,-73.131901","N"
"EFECTY EL CENTRO CALLE 7","ACB113781","Cl 7 # 5-54","Santander","6.220764,-73.810425","N"
"EFECTY PRINCIPAL","ACB079427","Cl 14 14-49","Santander","6.467947,-73.261699","N"
"EFECTY","ACB305818","Cra 55  99 51 Sotano 2","Atlantico","11.015071,-74.827741","N"
"EFECTY BELLO MALL MADERA","ACB194630","Cl 26 B 49-104 Local 107","Antioquia","6.315105,-75.557905","N"
"AYV PF BUENAVISTA BARRANQUILLA","ACB067251","Cra 55 No 99 51 Cc Mall Plaza Bu Vista","Atlantico","11.01515,-74.827585","N"
"EFECTY VIA PRINCIPAL LANDAZURI","ACB173257","Cr 4 # 5-14","Santander","6.219415,-73.810133","N"
"AYV SUPERGIROS BQUILLA Z2 PLAZA DE","ACB067767","Carrera 56 98  65 Lt 54","Atlantico","11.015805,-74.825659","N"
"CONEXRED","ACB309427","Carrera 5  3c  28","Santander","6.555051,-73.124592","N"
"EFECTY PARQUE CHIQUINQUIRA","ACB079438","Cl 10 N. 15-19","Santander","6.464797,-73.263038","N"
"EFECTY SOCORRO BATALLON","ACB322022","Cr 16 # 8-22","Santander","6.464034,-73.264178","N"
"EFECTY","ACB307216","Carrera 21 10   33","Magdalena","11.011509,-74.244939","N"
"EFECTY CENTRO COMERCIAL PLAZA NORTE","ACB304280","Cr 65 # 86-191 L 202b","Atlantico","11.018077,-74.814355","N"
"EFECTY BARRIO ZAMORA SECTOR SANTA RITA","ACB302639","Cr 40a # 20e-21","Antioquia","6.307473,-75.545773","N"
"EFECTY","ACB278231","Cra 58  25   04","Antioquia","6.315096,-75.563561","N"
"EFECTY","ACB308844","Cra 13 No 5 08 Loc 01","Magdalena","11.013773,-74.250639","N"
"EFECTY","ACB351952","Via 40 Con Calle 79 B","Atlantico","11.021548,-74.799626","N"
"EFECTY PRADOMAR","ACB304763","Cr 18 # 1e-212 Local 3","Atlantico","11.002658,-74.951381","N"
"EFECTY SOCORRO BARRIO SANTA CLARA","ACB324552","Cl 8 A # 7-46","Santander","6.464227,-73.257803","N"
"EFECTY","ACB355473","Calle 8 A  7 46","Santander","6.46374,-73.258504","N"
"EFECTY CENTRO COMERCIAL VILLA CAROLINA","ACB300594","Cl 93 # 71 49 Local 105 B","Atlantico","11.020928,-74.816351","N"
"EFECTY","ACB356221","Calle 20d  43b   39","Antioquia","6.308035,-75.553967","N"
"EFECTY","ACB351161","Calle 20d  43b   39","Antioquia","6.308035,-75.553967","N"
"EFECTY BARRIO LA FLORESTA.","ACB326916","Cl 85 # 76-31 Loc 2","Atlantico","11.022722,-74.808012","N"
"EFECTY","ACB355264","Calle 85 76 31 Loc 2","Atlantico","11.022812,-74.807994","N"
"EFECTY BARRIO LA ISLA CALLE 123 MED","ACB321416","Cl 123 # 49b-55","Antioquia","6.305218,-75.551261","N"
"EFECTY EL PLAYON CL 123 MEDELLIN","ACB306655","Cl 123 # 51d -27 Int 101","Antioquia","6.306678,-75.555211","N"
"EFECTY","ACB191219","Kr 50b  121   09","Antioquia","6.305203,-75.553114","N"
"EFECTY","ACB358289","Cra 27b  102c  136","Antioquia","6.305147,-75.553055","N"
"EFECTY BARRIO NUEVO BELLO","ACB304927","Cr 60 # 22-12 Int 201","Antioquia","6.311875,-75.569847","N"
"EFECTY OLIMPICA SIAPE","ACB139158","Via 40 # 84-47","Atlantico","11.025814,-74.803506","N"
"EFECTY STA CRUZ BRR PABLO IV CR 50 MRD","ACB302541","Cr 50 A N 118-19","Antioquia","6.304023,-75.55308","N"
"EFECTY","ACB359390","Carrera 12a  2b 02 Barrio Bella Isla","Santander","6.544527,-73.125016","N"
"EFECTY LECHAMP CENTRO COMERCIAL","ACB154250","Cr 30 # 1-1841","Atlantico","11.009609,-74.943973","N"
"MULTIPAGAS","ACB199019","Carrera 51b 87 50","Atlantico","11.020199,-74.870702","N"
"EFECTY VILLA CAMPESTRE CLL 3A","ACB321845","Cl 3 A # 25-203","Atlantico","11.010197,-74.94597","N"
"EFECTY BARRIO SANTANDER","ACB179671","Cr 76 C # 112 A-02","Antioquia","6.309517,-75.572096","N"
"EFECTY EXPRESS EFECTY POPULAR 1 CR 42 B","ACB323650","Cr 42 N 110 B 56","Antioquia","6.298366,-75.546555","N"
"CONEXRED","ACB279935","Calle 112 A 76 C 19 Barrio Santander","Antioquia","6.309526,-75.572258","N"
"EFECTY","ACB351172","Cra 76  20f  14","Antioquia","6.313164,-75.581312","N"
"EFECTY","ACB356232","Cra 76  20f  14","Antioquia","6.313164,-75.581312","N"
"EFECTY UNISANGIL","ACB304905","Cl 3 Sur # 12-05 L-103 Urb La Floresta","Santander","6.53958,-73.127394","N"
"EFECTY BARRIO PARIS PRINCIPAL LA 72","ACB168385","Cr 72 N 20 D 63","Antioquia","6.310969,-75.578743","N"
"EFECTY","ACB358278","Calle 49  25 86 Local 102","Antioquia","6.29357,-75.539886","N"
"EFECTY","ACB306248","Carrera 51b  5b Sur 05","Atlantico","11.023082,-74.871366","N"
"EFECTY BRR SANTO DOMINGO BLV DEL SANTO","ACB167603","Cr 31 A N 102 B-181","Antioquia","6.293481,-75.541618","N"
"EFECTY BARRIO GRATAMIRA","ACB155536","Cr 67 N 105 A 18","Antioquia","6.303694,-75.566597","N"
"EFECTY STA CRUZ BRR ANDALUCIA CL 107 MED","ACB277230","Cl 107 # 51-54 Int 101","Antioquia","6.299111,-75.556327","N"
"EFECTY","ACB352854","Carrera 42 B 107   54","Antioquia","6.295089,-75.547791","N"
"EFECTY","ACB351260","Carrera 63a  104   96","Antioquia","6.29957,-75.55963","N"
"EFECTY MOVIL OUTLET ANDALUCIA MEDELLIN","ACB308471","Cr 46 # 107-42","Antioquia","6.295869,-75.551247","N"
"EFECTY EXPRESS BARRIO GRANIZAL MED","ACB272972","Cr 38a # 104-22","Antioquia","6.292631,-75.547144","N"
"EFECTY","ACB356243","Cra 23  97   08","Antioquia","6.286925,-75.538087","N"
"EFECTY","ACB351183","Cra 23  97   08","Antioquia","6.286925,-75.538087","N"
"MULTIPAGAS","ACB197567","Carrera 74 # 104-04","Antioquia","6.301719,-75.572573","N"
"EFECTY DIMONEX PEDREGAL CLL 104","ACB304532","Cl 104 # 74-32","Antioquia","6.301816,-75.572889","N"
"EFECTY MEDELLIN TODO PRECIOS SAN PABLO","ACB306446","Cr 37 # 96 -77","Antioquia","6.28723,-75.54685","N"
"EFECTY 12 OCTUBRE INTERMEDIA","ACB271520","Cr 78a # 101bb- 04","Antioquia","6.30056,-75.578846","N"
"EFECTY CENTRO VIRTUAL MANRIQUE GUADALUPE","ACB156911","Cr 42 B # 94-04","Antioquia","6.28553,-75.549929","N"
"EFECTY EXPRESS COMUNICACIONES ARANJUEZ","ACB304620","Cr 49 # 95-09","Antioquia","6.287155,-75.556065","N"
"EFECTY PICACHITO CRA 85","ACB163708","Cr 85 A # 98-16","Antioquia","6.299564,-75.584806","N"
"EFECTY EXPRESS EFECTY LA ESPERANZA","ACB278802","Cl 98 # 74 B-2","Antioquia","6.295797,-75.577556","N"
"EFECTY 12 DE OCTUBRE CRA 80","ACB164709","Cr 80 N 98-14","Antioquia","6.296868,-75.580496","N"
"EXITO ARANJUEZ","ACB065666","Carrera 94 48 13","Antioquia","6.285636,-75.55584","N"
"EFECTY BARRIO CASTILLA","ACB120491","Cl 97 # 68-10","Antioquia","6.292347,-75.571761","N"
"MULTIPAGAS","ACB271706","Carrera 43a 7s 170","Antioquia","6.293493,-75.574447","N"
"EFECTY BARRIO ARANJUEZ","ACB153710","Cl 94 # 50-19","Antioquia","6.285792,-75.558056","N"
"BANCAMIA CASTILLA","ACB062003","Kr 68 No 96 21","Antioquia","6.291341,-75.572","N"
"EFECTY ARANJUEZ CLL 95 CRA 52","ACB156757","Cl 95 # 52-37","Antioquia","6.287333,-75.563073","N"
"COOPERATIVA FINANCIERA DE ANTIOQUIA","ACB172454","Calle 93 49 18","Antioquia","6.284444,-75.556944","N"
"EFECTY MEDELLIN ARANJUEZ CL 92","ACB277461","Cl 92 # 50a-42","Antioquia","6.283429,-75.5588","N"
"EFECTY MANRIQUE LA CRUZ CARRERA 24","ACB308460","Cr 24 # 75c-138","Antioquia","6.270945,-75.536954","N"
"EFECTY CAMPO VALDES LAS ESMERALDAS","ACB155152","Cr 46 # 85 03","Antioquia","6.277374,-75.554365","N"
"AYV PF MAYORISTA II","ACB066766","Calle 85 N 48-01 Local 17 Bloque Naranja","Antioquia","6.277514,-75.555666","N"
"EFECTY ARANJUEZ BERMEJAL LOS ALAMOS MED","ACB301825","Cr 52 # 87-87","Antioquia","6.279978,-75.563602","N"
"EFECTY MANRIQUE BARRIO SANTA INES MED","ACB273225","Cr 41 # 82-24","Antioquia","6.273859,-75.549688","N"
"EFECTY CENTRO COMERCIAL VERACRUZ","ACB272444","Cr 51 N 51 Local 33-23","Antioquia","6.278748,-75.561935","N"
"EFECTY EXPRESS EFECTY VARIEDADES LA 27","ACB174490","Cr 27 C N 77-80","Antioquia","6.269773,-75.541617","N"
"CONEXRED","ACB192386","Kr 45  82 40 Brr Manrique","Antioquia","6.274809,-75.553863","N"
"EFECTY VILLA SOFIA GOMEZ G","ACB194454","Cr 92 B # 83-45","Antioquia","6.291153,-75.591375","N"
"EFECTY CAMPO VALDES CRA 48A","ACB323957","Cr 48a # 83-03","Antioquia","6.275896,-75.556622","N"
"EFECTY DISTRIBUIDORA MAXIMUS MANRIQUE","ACB163917","Cl 80 # 36-08","Antioquia","6.271403,-75.546374","N"
"A Y V PF OFICINA SAN ANTONIO DE PRADO","ACB064467","Carrera 42 80 50","Antioquia","6.272817,-75.550887","N"
"EFECTY SERVIENTREGA TERMINAL NORTE","ACB079065","Cr 64c # 78-660 Loc 661","Antioquia","6.279959,-75.56981","N"
"CONEXRED","ACB309911","Carrera 57  82a  35","Antioquia","6.277141,-75.564531","N"
"COOPERATIVA FINANCIERA DE ANTIOQUIA","ACB172861","Kr 64c  78 344 Local 9905 Cc Piso 2","Antioquia","6.279722,-75.571111","N"
"EFECTY BRR MANRIQUE EL RAIZAL CR 34 MED","ACB321405","Cr 34 # 75c-59","Antioquia","6.268671,-75.545804","N"
"A Y V PF OFICINA TERMINAL NORTE","ACB064511","Kr 64 C No 78  580 Lc 9990","Antioquia","6.279088,-75.570915","N"
"AYV PF TERMINAL NORTE II","ACB066030","Carera 64c No 78   580","Antioquia","6.279155,-75.571855","N"
"EFECTY PARADOR BUENOS AIRES","ACB168682","Km 1 Via Socorro -iba","Santander","6.406254,-73.287779","N"
"EFECTY SAN VICTORINO","ACB161816","Cl 13 # 14-71","Santander","6.406254,-73.287779","N"
"EFECTY BARRIO VERSALLES CRA 29","ACB277977","Cr 29 # 71a-43","Antioquia","6.266446,-75.54243","N"
"EFECTY","ACB278813","Cra 91b 78a   6","Antioquia","6.287934,-75.592375","N"
"EFECTY","ACB277207","Cra 45  73   56","Antioquia","6.269039,-75.554789","N"
"EFECTY CAMPO VALDES PARQUE PRINCIPAL","ACB272961","Cr 49 N 76-44","Antioquia","6.270119,-75.558586","N"
"EFECTY","ACB273522","Calle 77 Cc 87 65","Antioquia","6.283975,-75.590692","N"
"EFECTY EXPRESS BARRIO CORDOBA CR 68","ACB304895","Cr 68 # 79c-19","Antioquia","6.277404,-75.576717","N"
"EFECTY EXPRESS DIMONEX TERRITOR ROBLEDO","ACB177130","Cl 70 G N 95-66 Interior 991","Antioquia","6.287498,-75.599768","N"
"MULTIPAGAS","ACB196489","Carrera 45 N°72 - 31","Antioquia","6.267594,-75.555232","N"
"ACCIONES Y VALORES","ACB065413","Cl 72 No 44 101 Lc. 105","Antioquia","6.267264,-75.554805","N"
"EFECTY CENTRO COMERCIAL BOSQUE PLAZA","ACB304839","Cl 73 N 51 D 71 Local 2071","Antioquia","6.268917,-75.564992","N"
"CONEXRED","ACB307458","Calle 76eb 83a 14","Antioquia","6.280147,-75.591059","N"
"Oficina PagafAcil Euro Florida","ACB065996","Cl 71 No 65 150 Cc Florida Parque 1425","Antioquia","6.271421,-75.577409","N"
"A Y V OFICINA FLORIDA PARQUE COMERCIAL","ACB064159","Cl 71 65 150 Lc 2113 Parque Comercial","Antioquia","6.270788,-75.57749","N"
"EFECTY VILLA HERMOSA","ACB119248","Cl 66 # 39a-11","Antioquia","6.258254,-75.551846","N"
"EFECTY","ACB355462","Cra 94b  64a   10","Antioquia","6.2811,-75.604578","N"
"EFECTY DIMONEX LA CAMPIÑA CR 64B","ACB324541","Cr 94b # 64a-10","Antioquia","6.281026,-75.604699","N"
"GIROS Y FINANZAS C.C AVENTURA","ACB026265","Cr 52 # 65-91 Local 260 Interior Centro","Antioquia","6.264099,-75.567333","N"
"EFECTY PARQUE ROBLEDO","ACB172047","Cl 65 # 86 -55","Antioquia","6.27615,-75.596857","N"
"EFECTY MARINILLA CENTRO PRINCIPAL","ACB110975","Cr 30 B 32- 39","Antioquia","6.174861,-75.334198","N"
"EFECTY PASAJE COMERCIAL SAN GERMAN","ACB163818","Cl 65 # 78-29","Antioquia","6.273023,-75.59248","N"
"COOPERATIVA FINANCIERA DE ANTIOQUIA","ACB172674","Carrera 80 64 61","Antioquia","6.272778,-75.593611","N"
"REDY EXITO PRADO","ACB363162","Calle 62 No 51 D   29","Antioquia","6.260656,-75.566307","N"
"ACCIONES Y VALORES EXITO ROBLEDO","ACB061464","Carrera 80 64 61 2do Piso","Antioquia","6.272355,-75.593557","N"
"MULTIPAGAS","ACB196829","Carrera 31 # 30-61","Caldas","6.173913,-75.335953","N"
"EFECTY ROBLEDO LA MONTAÑA CALLE 65","ACB167065","Cl 65 N 105 A 125 Int 109","Antioquia","6.282296,-75.618136","N"
"BANCAMIA MARINILLA","ACB062454","Carrera 30 28 104","Antioquia","6.172636,-75.334872","N"
"EFECTY","ACB351259","Calle 59  29   2","Antioquia","6.25026,-75.54927","N"
"MULTIPAGAS","ACB271728","Carrera 53d 76 67","Antioquia","6.260824,-75.575109","N"
"MULTIPAGAS","ACB197028","Carrera 49 # 57-51","Antioquia","6.255008,-75.563721","N"
"GIROS Y FINANZAS C.C. VILLANUEVA","ACB020050","Cr 50 # 57-72 L-241","Antioquia","6.255221,-75.564227","N"
"EFECTY","ACB352843","Carrera 80 54 35","Antioquia","6.268656,-75.595665","N"
"EFECTY MARINILLA CARRERA 31","ACB191033","Cr 31 N 24-49","Antioquia","6.169896,-75.337287","N"
"EFECTY PLAZA MINORISTA LOCAL 16","ACB273984","Cl 55 A Cr 57-80 Local 16","Antioquia","6.256864,-75.57373","N"
"EFECTY EXPRESS EFECTY VILLATINA CRA 17","ACB308426","Cr 17 B Cl 56 E 55","Antioquia","6.242438,-75.540002","N"
"EFECTY EXPRESS EFECTY CALLE 62 ROBLEDO","ACB305324","Cl 62c # 106 B-15","Antioquia","6.276058,-75.617305","N"
"REDY PARQUE BOLIVAR","ACB363140","Calle 54 No 47   105 Lc 127","Antioquia","6.252196,-75.564991","N"
"EFECTY COLORES","ACB174511","Cr 80 # 52-02","Antioquia","6.265249,-75.596152","N"
"EFECTY BARRIO BOSTON","ACB176382","Cl 55 N 36 A 27","Antioquia","6.247387,-75.556074","N"
"EFECTY","ACB351347","Cl 51  83a   05","Antioquia","6.26665,-75.60104","N"
"CONEXRED","ACB274985","Carrera 50  52 86 Barrio Centro","Antioquia","6.251606,-75.566896","N"
"Oficina PagafAcil Coltejer II","ACB065974","Kr 49 52 107 Cc El Union Local 105","Antioquia","6.251095,-75.566014","N"
"COOPERATIVA FINANCIERA DE ANTIOQUIA","ACB172542","Kr 47  52 89 Local 125","Antioquia","6.250278,-75.565","N"
"AYV PF BOSTON","ACB066568","Carrera 39 No 52 02","Antioquia","6.247478,-75.558468","N"
"EFECTY SERVIENTREGA VERACRUZ UNO","ACB079021","Cr 52 # 51a -29","Antioquia","6.251497,-75.569209","N"
"AYV PF COLTABACO","ACB064555","Carera 51 No 51  47 Cc Veracruz","Antioquia","6.250938,-75.568195","N"
"MULTIPAGAS","ACB197084","Calle 52# 45-60","Antioquia","6.249057,-75.563991","N"
"EFECTY CALLE 50 CUARTA BRIGADA","ACB170331","Cl 50 N 76-137","Antioquia","6.261389,-75.592512","N"
"ACCIONES Y VALORES PF OFICINA COLTEJER","ACB064577","Cl 52 No 48 47 Lc 104","Antioquia","6.249923,-75.566212","N"
"EFECTY LA PLAYA EDIFICIO COLTEGER","ACB151158","Cl 52 # 47-78 Lc 102","Antioquia","6.249723,-75.565755","N"
"EFECTY EXPRESS EFECTY BARRIO SANTO TOMAS","ACB301650","Cr 54 # 51-20","Antioquia","6.251843,-75.57083","N"
"ACCIONES Y VALORES EDIFICIO COLTEJER","ACB060649","Cl 52 47 42 Lc 104 2do Piso","Antioquia","6.249739,-75.565994","N"
"EFECTY SERVIENTREGA PARQUE BERRIO","ACB079119","Cr 50 N. 51-13","Antioquia","6.250333,-75.567658","N"
"EFECTY","ACB300484","Cll 52 43  124","Antioquia","6.248529,-75.563658","N"
"EFECTY SERVIENTREGA AVENIDA COLOMBIA","ACB078932","Cl 50 N 65-91","Antioquia","6.256108,-75.581565","N"
"REDY METRO ITAGUI","ACB363195","Calle 50 No 40   01  205  Ita1 32","Antioquia","6.252911,-75.574223","N"
"MULTIPAGAS","ACB197127","Carrera 80 #49a-112","Antioquia","6.262632,-75.596933","N"
"EFECTY CALAZANS LA 80 CON COLOMBIA","ACB172036","Cl 49 F #80-13","Antioquia","6.26262,-75.597115","N"
"CONEXRED","ACB275030","Calle 50  54 53 Barrio Centro","Antioquia","6.251221,-75.571768","N"
"EFECTY","ACB352832","Kr 51  50   22","Antioquia","6.249838,-75.568566","N"
"MULTIPAGAS","ACB197039","Calle 50 # 52 - 32","Antioquia","6.250361,-75.569814","N"
"AYV REDY SAN CRISTOBAL","ACB067437","Calle 163 No 128   85","Antioquia","6.279224,-75.634477","N"
"REDY SAN CRISTOBAL","ACB363063","Calle 163 No 128   85","Antioquia","6.279224,-75.634477","N"
"EFECTY OLIMPICA SAN CRISTOBAL","ACB133129","Cl 63 # 128-53","Antioquia","6.279085,-75.634244","N"
"EFECTY CENT SECTOR CORDOBA CON COLOMBIA","ACB176403","Cr 42 # 50 -11","Antioquia","6.247003,-75.562089","N"
"AYV PF VALKOR MAYORCA","ACB066810","Carrera 48 No 50 Sur 128  Piso 5","Antioquia","6.248991,-75.566751","N"
"MULTIPAGAS","ACB197248","Calle 50 # 48-03","Antioquia","6.248868,-75.566554","N"
"A Y V PF OFICINA AV COLOMBIA","ACB064621","Kr 55a No 49a 7 Lc 104 Edif Los Monjes","Antioquia","6.251342,-75.572811","N"
"ACCIONES Y VALORES","ACB061563","Cl. 49b Cr 67 Exito Colombia","Antioquia","6.25532,-75.58301","N"
"MULTIPAGAS","ACB197260","Carrera 50 # 48-68","Antioquia","6.248384,-75.568182","N"
"EFECTY EXPRESS DIMONEX CLL 49 CENTRO","ACB304301","Cc Molino Viejo Cl 49 # 56-15 Loc 109","Antioquia","6.250714,-75.573818","N"
"OFICINA PAGAFACIL EXITO COLOMBIA II","ACB066117","Calle 48d 66 15","Antioquia","6.254677,-75.58319","N"
"MULTIPAGAS","ACB197271","Carrera 74 #48b-29","Antioquia","6.258262,-75.591404","N"
"EFECTY MEDELLIN TRANVIA PLAZA","ACB194421","Cl 49 N 40-11 L-265 C.c. Tranvia Paza","Antioquia","6.245002,-75.561172","N"
"EFECTY CURRULAO ANTIOQUIA","ACB117169","Cr 50 # 48-25","Antioquia","6.248092,-75.568521","N"
"CONEXRED","ACB274941","Carrera 50  48 04 Barrio Centro","Antioquia","6.247982,-75.568388","N"
"REDY PLAZA DE FLORES","ACB363151","Calle 49 No 39   87","Antioquia","6.244734,-75.560811","N"
"EFECTY SERVIENTREGA BUENOS AIRES CL 49","ACB116553","Cl 49 # 36-40","Antioquia","6.243236,-75.557338","N"
"PAGAFACIL LA CENTRAL BUENOS AIRES","ACB066458","Calle 49 Entre Cra 25 Y 19 Local 122","Antioquia","6.243316,-75.557603","N"
"EFECTY CENTRO COMERCIAL 3 VIAS","ACB194597","Cr 53 N 48-47 Local 106-107","Antioquia","6.249024,-75.571134","N"
"EFECTY SERVIENTREGA FERROCARRIL","ACB078943","Cr 57 # 48-95","Antioquia","6.250677,-75.575253","N"
"A Y V PF OFICINA BARRIO TRISTE","ACB064566","Carrera 59 48 73","Antioquia","6.251085,-75.576271","N"
"GIROS Y FINANZAS C.C LA CENTRAL","ACB026210","Cl 49 # 21-38  Local 0142 Int. Centro","Antioquia","6.238645,-75.547523","N"
"ACCIONES Y VALORES EXITO SAN ANTONIO","ACB061420","Calle 48 46 115","Antioquia","6.246845,-75.566914","N"
"EFECTY CIR SAN IGNACIO","ACB079164","Cl 48 # 44-30","Antioquia","6.246048,-75.56509","N"
"EFECTY VIA PRINCIPAL BUENOS AIRES CL 49","ACB306479","Cl 49 # 29 -46","Antioquia","6.240572,-75.552254","N"
"GIROS Y FINANZAS C.C. PTO DE LA ORIENTAL","ACB025736","Cr 46 # 4766 L-2108","Antioquia","6.246596,-75.566461","N"
"EFECTY EL SANTUARIO CALLE 49","ACB156966","Cl 49 # 44-43 Sc Hospital","Antioquia","6.139581,-75.265994","N"
"EFECTY EXPRESS BUENOS AIRES LUFSARUX","ACB301782","Cr 33 # 48- 93","Antioquia","6.241815,-75.555245","N"
"EFECTY","ACB358267","Calle 31  29  20","Antioquia","6.239226,-75.549241","N"
"EFECTY C.C. EL PUNTO DE LA ORIENTAL","ACB126749","Cr 46 # 47-66 C.c. Punto De Orient","Antioquia","6.246398,-75.566413","N"
"AYV PF EXITO COLOMBIA","ACB064379","Calle 48d No 66   35","Antioquia","6.253453,-75.583559","N"
"MULTIPAGAS","ACB197040","Carrera 53 # 46-35","Antioquia","6.248216,-75.571584","N"
"EFECTY CENTRO COMERCIAL OBELISCO","ACB119413","Cr 74 # 48-37 Local 118","Antioquia","6.256958,-75.591952","N"
"EFECTY CARRERA 49","ACB155426","Cr 49 # 49-41","Antioquia","6.138743,-75.265534","N"
"A Y V PF OFICINA PLAZA MAYORISTA","ACB064324","Carrera 83a 48bb 47","Antioquia","6.261277,-75.602099","N"
"EFECTY OLIMPICA VILLANUEVA","ACB130236","Cl 47 # 57-40","Antioquia","6.248904,-75.574379","N"
"EFECTY TORRES DE BOMBONA","ACB123823","Cl 47 42 60","Antioquia","6.244202,-75.56368","N"
"EFECTY CAICEDO 3 ESQUINAS 1","ACB306172","Cr 9 # 52-18","Antioquia","6.232825,-75.537205","N"
"EFECTY SERVIENTREGA CALLE ALHAMBRA","ACB079120","Cr 52a#45-02","Antioquia","6.246313,-75.571412","N"
"GIROS Y FINANZAS JUMBO TEJICONDOR","ACB021040","Cl 47d # 65-115 L-29","Antioquia","6.251646,-75.585281","N"
"EFECTY BARRIO ALCAZARES CRA 87","ACB300318","Cr 87 N 48 A 36","Antioquia","6.260068,-75.604688","N"
"COOPERATIVA FINANCIERA DE ANTIOQUIA","ACB172421","Kr 52  43   31","Antioquia","6.244722,-75.571667","N"
"EFECTY","ACB355363","Carrera 125 53b  135","Antioquia","6.270718,-75.630618","N"
"EFECTY SERVIENTREGA ESTA DEL FERROCARRIL","ACB078987","Cr 52 # 43-31 Estacion Ferrocaril L-113","Antioquia","6.244474,-75.571763","N"
"ACCIONES Y VALORES HOMECENTER SAN JUAN","ACB060968","Cl 44 No 65 100 Lc 01 Piso Ti","Antioquia","6.249407,-75.583865","N"
"REDY METROCENTRO","ACB363128","Cra 52 No 42 60 Lc 121 Lc Metrocentro 1","Antioquia","6.243823,-75.571775","N"
"ACCIONES Y VALORES PF OFICINA CL NUEVA","ACB064588","Kr 51 No 41 144 Lc 115 Cc Metrocentro","Antioquia","6.243397,-75.571088","N"
"EFECTY BARRIO GERONA","ACB323704","Cr 33 A N 42-7","Antioquia","6.237702,-75.558164","N"
"EFECTY","ACB301836","Carrera 36a 40   100","Antioquia","6.238347,-75.560969","N"
"CONEXRED","ACB355022","Transversal 42  39a 16","Antioquia","6.239063,-75.562787","N"
"CONEXRED","ACB324684","Transversal 42  39a 16","Antioquia","6.239063,-75.562787","N"
"EFECTY EXPRESS FLORESTA LA PRADERA","ACB308459","Cl 48d # 94-35","Antioquia","6.259598,-75.609884","N"
"EFECTY PARQUE LA MILAGROSA MERC OLIMPICA","ACB124044","Cr 30 # 41-35","Antioquia","6.235718,-75.555709","N"
"EFECTY EXPRESS EFECTY CL 40 EL SALVADOR","ACB308404","Cl 40 # 35a-05","Antioquia","6.237086,-75.560944","N"
"EFECTY","ACB355417","Cra 102  47c   20","Antioquia","6.26158,-75.616909","N"
"EFECTY LOMAS DE SAN JAVIER","ACB327016","Cr 125 # 53b-135","Antioquia","6.244182,-75.580182","N"
"EFECTY BARRIO EL VELODROMO CALLE 45","ACB194212","Cl 45 N 77-91","Antioquia","6.251056,-75.596031","N"
"MULTIPAGAS","ACB197633","Circular 5 Con Carrera 70-12","Antioquia","6.247635,-75.58947","N"
"MULTIPAGAS","ACB196533","Carrera 50 # 49-24","Antioquia","6.163098,-75.369537","N"
"EFECTY","ACB351479","Cra 15b  35   8","Antioquia","6.22826,-75.54542","N"
"EFECTY EXPRESS DIMONEX CR 36 EL SALVADOR","ACB301793","Cr 36 # 36-40","Antioquia","6.235302,-75.562959","N"
"EFECTY EXPRESS DIMONEX EL SOCO SANJAVIER","ACB324497","Cr 102 # 47c-20","Antioquia","6.258721,-75.617143","N"
"EFECTY SERVIENTREGA SAN JUAN","ACB079010","Cl 44 # 79-19","Antioquia","6.249922,-75.597881","N"
"EFECTY SAN JAVIER N 2 CL 47A CON 100C","ACB308415","Cl 47 A N 100c-43","Antioquia","6.257868,-75.616355","N"
"EFECTY SAN JAVIER","ACB117707","Cl 45 # 98-23 Estacion Metro","Antioquia","6.256699,-75.614094","N"
"MULTIPAGAS","ACB197853","Calle 44 80-61","Antioquia","6.250104,-75.600066","N"
"PAGAFÁCIL SAN ANTONIO DE PRADO II","ACB065765","Carrera 79a 42 24 Int 101","Antioquia","6.249039,-75.59824","N"
"EFECTY LORETO PUERTO VIRTUAL","ACB161245","Cl 35 N 32 A 01","Antioquia","6.232173,-75.559533","N"
"MULTIPAGAS","ACB271751","Circular 1 70 01","Antioquia","6.24451,-75.589292","N"
"GIROS Y FINANZAS C.C. SAN DIEGO","ACB025879","Cl 34 # 43-66 L-2295","Antioquia","6.235599,-75.569576","N"
"Oficina PagafAcil America II","ACB066029","Cra 84 No 43 - 56","Antioquia","6.250369,-75.604813","N"
"EFECTY SERVIENTREGA VALLE DE SAN JOSE","ACB125441","Cr 9 6-33","Santander","6.448089,-73.143786","N"
"ACCIONES Y VALORES PF OFICINA AMERICA","ACB064610","Carrera 86 43 42","Antioquia","6.250604,-75.605795","N"
"ACCIONES Y VALORES PF OFICINA ALMACENTRO","ACB064500","Cra 43 A No 34  45 Lc 106b","Antioquia","6.235295,-75.570879","N"
"EFECTY SERVIENTREGA SAN DIEGO","ACB079009","Cr 43 # 33-57 Loc 184","Antioquia","6.234205,-75.569079","N"
"CONEXRED","ACB303498","Calle 4  8 09 Barrio Valle De San Jose","Santander","6.447603,-73.143723","N"
"GIROS Y FINANZAS C.C. UNICENTRO","ACB025781","Cr 66 # 34a76 L-336 Piso 2","Antioquia","6.24078,-75.587114","N"
"ACCIONES Y VALORES PF OFICINA LAURELES","ACB064302","Calle 40 80d 69","Antioquia","6.247057,-75.601602","N"
"COOPERATIVA FINANCIERA DE ANTIOQUIA","ACB172607","Kr  43 A  31   159","Antioquia","6.233071,-75.570359","N"
"ACCIONES Y VALORES PF OFICINA NUTIBARA","ACB064609","Tr 39 B No Cir 3 34 Lc 3 Edif Horizontes","Antioquia","6.242955,-75.593245","N"
"EFECTY LAURELES EFECTY PRINCIPAL","ACB079175","Cr 81 # 37d-113","Antioquia","6.24694,-75.602687","N"
"MULTIPAGAS","ACB197051","Carrera 66 D #34 A-76","Antioquia","6.239782,-75.586431","N"
"EFECTY SERVIENTREGA UNICENTRO MEDELLI","ACB079207","Cl 34 # 66 A 10","Antioquia","6.239938,-75.587498","N"
"EFECTY EXPRESS DIMONEX EBEJICO","ACB195774","Cr 17 N 20-15","Antioquia","6.326498,-75.767505","N"
"ACCIONES Y VALORES EXITO LAURELES","ACB063916","Kr 81 No 37 100 Lc 4","Antioquia","6.245628,-75.601483","N"
"PAGAFACIL VIVA LAURELES","ACB066162","Carrera 81 37  100","Antioquia","6.245953,-75.60224","N"
"EFECTY EBEJICO CALLE 18","ACB113891","Cl 18 # 18-23","Antioquia","6.326092,-75.76801","N"
"EFECTY","ACB352821","Carrera 43 A 30 104","Antioquia","6.230828,-75.569753","N"
"MULTIPAGAS","ACB197138","Carrera 76 # 34a-27","Antioquia","6.242177,-75.596919","N"
"EFECTY","ACB358575","Calle 42  85b 01","Antioquia","6.155433,-75.375266","N"
"COOPERATIVA FINANCIERA DE ANTIOQUIA","ACB172773","Kr 51  51   03","Antioquia","6.154722,-75.373889","N"
"ACCIONES Y VALORES CC PREMIUM PLAZA","ACB061761","Cr 43a No 30 25 Cc Premium Pla","Antioquia","6.229237,-75.570541","N"
"GIROS Y FINANZAS C.C. PREMIUM PLAZA","ACB025846","Cr 43a # 30-25 L-2296","Antioquia","6.229237,-75.570541","N"
"EFECTY SAN JAVIER 20 DE JULIO","ACB308448","Cl 39 # 108-72","Antioquia","6.251351,-75.621315","N"
"EFECTY PAPELERIA GAMMA PARQUE PRINCIPAL","ACB165690","Cr 51 # 50-30","Antioquia","6.154265,-75.374298","N"
"CONEXRED","ACB276295","Carrera 51  50  18 Barrio Parque","Antioquia","6.154127,-75.3743","N"
"MULTIPAGAS","ACB197194","Calle 33a # 72-107","Antioquia","6.239555,-75.596245","N"
"AyV PAGAFACIL VALKOR RIONEGRO","ACB368574","Cl 50  50   62","Antioquia","6.153887,-75.373858","N"
"MULTIPAGAS","ACB197116","Calle 29 #43g-10","Antioquia","6.228536,-75.570871","N"
"PF PUNTO CLAVE","ACB065918","Cl 27 46 70 Punto Clave Ph","Antioquia","6.229255,-75.574094","N"
"CONEXRED","ACB199778","Cl 39 A  110 07","Antioquia","6.250821,-75.623614","N"
"GIROS Y FINANZAS RIONEGRO","ACB020357","Cl 49 # 50-59 L-106 C.c. Banco Ganadero","Antioquia","6.153002,-75.374577","N"
"AYV PF AEROPUERTO JOSE MARIA CORDOBA","ACB067130","Aeropto Int Jose M Cordova 1er P Lc 40","Antioquia","6.171244,-75.427668","N"
"EFECTY SERVIENTREGA PARQUE RIONEGRO","ACB116717","Cr 50 # 45-30","Antioquia","6.150608,-75.373006","N"
"EFECTY BARRIO SANTA ANA.","ACB194948","Cl 41 N 47-16","Antioquia","6.148976,-75.368318","N"
"EFECTY","ACB351402","Calle 39a  118   03","Antioquia","6.25046,-75.62904","N"
"EFECTY BELEN ROSALES CRA 70","ACB191374","Cr 70 N 30 A 63 Piso 1","Antioquia","6.232582,-75.591637","N"
"EFECTY AV. BOLIVARIANA","ACB169364","Dg 74b # 32-10","Antioquia","6.23361,-75.595346","N"
"REDY BELEN LA 33","ACB363139","Av 33 No 83 A   36","Antioquia","6.238674,-75.607011","N"
"EFECTY SERVIENTREGA EL PARAMO","ACB123119","Cr 3 3-26","Santander","6.416984,-73.170467","N"
"ACCIONES Y VALORES EXITO RIONEGRO","ACB061442","Calle 43 56a 203 2do Piso","Antioquia","6.148515,-75.378221","N"
"EFECTY","ACB355352","Cra 74 29  74","Antioquia","6.231131,-75.594372","N"
"EFECTY BELEN GRANADA CRA 74","ACB327005","Cr 74 # 29-74","Antioquia","6.230659,-75.594482","N"
"ACCIONES Y VALORES PF OFICINA PRINCIPAL","ACB064544","Kr 76 No 30a 40","Antioquia","6.23126,-75.596126","N"
"MULTIPAGAS","ACB271762","Carrera 65 41b 65","Antioquia","6.149846,-75.385946","N"
"GIROS Y FINANZAS C. C. SAN NICOLAS","ACB026155","Cl 43 # 54-139 L-1333","Antioquia","6.147104,-75.378311","N"
"GIROS Y FINANZAS ÉXITO BELÉN","ACB021084","Cr 77 # 28124","Antioquia","6.230495,-75.596533","N"
"COOPERATIVA FINANCIERA DE ANTIOQUIA","ACB172641","Kr 77  28   124 Medellin","Antioquia","6.230278,-75.596667","N"
"REDY PORVENIR","ACB363238","Calle 47 No 76   02 Barr El Porvenir","Antioquia","6.150558,-75.392151","N"
"GIROS Y FINANZAS C.C. LOS MOLINOS","ACB025648","Cl 30a # 82a-26 L-2135","Antioquia","6.233173,-75.604093","N"
"EFECTY","ACB352810","Cra 77 28 22","Antioquia","6.229305,-75.596999","N"
"ACCIONES Y VALORES HOMECENTER CC MOLINOS","ACB061288","Cr 82 No 30a Lc 1105 Homecenter","Antioquia","6.2324,-75.604255","N"
"AYV PF MOLINOS","ACB065985","Calle 30a No 82a   26 Cc Los Molinos","Antioquia","6.232101,-75.603847","N"
"EFECTY","ACB352809","Carrera 48  18 41 Inter 201","Antioquia","6.219993,-75.576099","N"
"EFECTY SERVIENTREGA INDUSTRIALES","ACB079186","Cr 48 # 18-41","Antioquia","6.219923,-75.576124","N"
"EFECTY C.C. LOS MOLINOS","ACB300495","Cl 30a # 82a-26","Antioquia","6.231927,-75.604399","N"
"EFECTY BARRIO EL PORVENIR.","ACB194135","Cr 70 N # 40-57 Brr El Porvenir Lt 37","Antioquia","6.148228,-75.39034","N"
"EFECTY","ACB352733","Zona Franca Industrial Rionegro","Antioquia","6.142928,-75.376477","N"
"EFECTY MALL LLANO GRANDE KM7","ACB308372","Km 7 Sec 3 Puertas Vereda Llano Grande","Antioquia","6.142928,-75.376478","N"
"CONEXRED","ACB275821","Calle 14  9 36 Barrio Centro","La Guajira","10.6165,-73.000364","N"
"MULTIPAGAS","ACB197798","Cra 81 25-35","Antioquia","6.227435,-75.60182","N"
"A Y V HOMECENTER AV LOS INDUSTRIALES","ACB060452","Av Los Industriales 14 132","Antioquia","6.216058,-75.576597","N"
"EFECTY MAG PAPELERIA BELEN","ACB163731","Cl 20 # 76-33 Local 107","Antioquia","6.224775,-75.597421","N"
"EFECTY CENTRO COMERCIAL MONTERREY","ACB076831","Cr 48 # 10-45 Local 82","Antioquia","6.214287,-75.576357","N"
"CONEXRED","ACB279803","Calle 19a 18 80","Antioquia","6.042768,-74.993361","N"
"EFECTY","ACB355341","Cra 71 14  33","Antioquia","6.221137,-75.5937","N"
"MULTIPAGAS","ACB196928","Carrera 43a # 10-30","Antioquia","6.210648,-75.569936","N"
"EFECTY BELEN LAS PLAYAS CRA 71","ACB326994","Cr 71 # 14-33","Antioquia","6.22077,-75.593684","N"
"EFECTY FARMAPRO","ACB301803","Cl 10 # 43dd-41","Antioquia","6.21142,-75.573035","N"
"GIROS Y FINANZAS ÉXITO POBLADO","ACB025693","Cl 10 # 43-135 L-216","Antioquia","6.212094,-75.574743","N"
"GIROS Y FINANZAS TERMINAL DEL SUR","ACB020500","Cr 65 # 8b-091 L-152 Plazoleta Central","Antioquia","6.216662,-75.58671","N"
"MULTIPAGAS","ACB196555","Carrera 65# 8b-91","Antioquia","6.216587,-75.586571","N"
"EFECTY TERMINAL DEL SUR","ACB139181","Cr 65 N 8b-91 Local 013","Antioquia","6.217292,-75.588742","N"
"GIROS Y FINANZAS TERMINAL NORTE","ACB025143","Cr 64c # 78-580 L-9904 Piso 2","Antioquia","6.216458,-75.588735","N"
"REDY ALLUS PUERTO SECO","ACB363173","Calle 8b No 65 191 C Emp Puerto Seco P 6","Antioquia","6.215433,-75.588029","N"
"AyV PAGAFACIL AMSTERDAM PLAZA","ACB368606","Cr 25  4   165 Lc 9930","Antioquia","6.201571,-75.556635","N"
"EFECTY SERVIENTREGA POBLADO PATIO BONITO","ACB079076","Cr 47 # 7-76","Antioquia","6.20972,-75.576255","N"
"EFECTY CENTRO COMERCIAL MALL DEL ESTE","ACB176393","Cr 25 N 3-45 Local 154","Antioquia","6.199961,-75.555816","N"
"AYV PF SAN FERNANDO PLAZA","ACB066777","Carrera 43a   1-50 Local 358","Antioquia","6.204207,-75.571111","N"
"MULTIPAGAS","ACB196566","Calle 5#75b-09","Antioquia","6.215343,-75.597939","N"
"EFECTY GUAPOTA","ACB307007","Cr 2 3-50 Centro","Santander","6.308837,-73.321052","N"
"EFECTY MALL COMERCIAL LA MOTA **","ACB163544","Dg 75 B # 2a-143","Antioquia","6.214907,-75.59735","N"
"CONEXRED","ACB199460","Cl 5b 16 94","La Guajira","10.607236,-72.970158","N"
"PF EL TESORO","ACB065929","Carrera 25 A  1 A Sur 45 Cc El Tesoro","Antioquia","6.197715,-75.558383","N"
"EFECTY","ACB352799","Carrera 70 1 128","Antioquia","6.212109,-75.593952","N"
"ACCIONES Y VALORES PF OFICINA VISITACION","ACB064522","Kr 32 No 1 B Sur  79 Lc 129","Antioquia","6.199208,-75.565116","N"
"EFECTY","ACB351446","Cra 52  1   43","Antioquia","6.20768,-75.58553","N"
"C C ARKADIA","ACB067118","Carrera 70 No 1 19 Lc 9829","Antioquia","6.21136,-75.594704","N"
"AYV CC ARKADIA","ACB066238","Cll 49 Ayacucho No 25 19","Antioquia","6.21136,-75.594704","N"
"EFECTY SECTOR CRISTO REY CALLE 2 SUR.","ACB323551","Cl 2 Sur # 50 F 61","Antioquia","6.205301,-75.5831","N"
"EFECTY CARRERA 53 CRISTO REY.","ACB301814","Cr 53 # 2a Sur-17","Antioquia","6.206437,-75.587097","N"
"EFECTY LA PAZ CRA 4","ACB134461","Cr 4 4-03","Santander","6.178186,-73.589973","N"
"EFECTY BELEN RINCON.","ACB163830","Cl 2 # 79-09","Antioquia","6.21168,-75.6025","N"
"EFECTY MEDELLIN C.C. OVIEDO LC 154","ACB308394","Cr 43a # 6 Sur 15 Loc 154","Antioquia","6.199139,-75.573862","N"
"EFECTY","ACB352788","Calle 6 Sur 52 92 Local 21","Antioquia","6.205026,-75.587812","N"
"MULTIPAGAS","ACB196917","Calle 6 Sur Carrera 43a 227","Antioquia","6.198955,-75.573941","N"
"OFICINA PAGAFACIL EAFIT","ACB066283","Carrera 49 No 7 Sur 50","Antioquia","6.199548,-75.57934","N"
"ACCIONES Y VALORES OFICINA POMONA OVIEDO","ACB063136","Kr 43c No 6 Sur 6 Lc 108a","Antioquia","6.197617,-75.574905","N"
"ACCIONES Y VALORES PF OFICINA GUAYABAL","ACB064599","Cl 7 Sur No 51 A  120 Av Guayabal","Antioquia","6.20268,-75.587439","N"
"EFECTY","ACB352777","Cll 8 Sur 50ff 15","Antioquia","6.200991,-75.584654","N"
"EFECTY CENTRO","ACB112010","Cl 6 # 3-30","Santander","6.767204,-72.694598","N"
"OFICINA PAGAFACIL VAQUITA BALSOS","ACB066205","Calle 9 Sur N 29 D   76","Antioquia","6.1919,-75.566623","N"
"EFECTY AEROMAR","ACB304235","Cl 149 # 3 66","Magdalena","11.127474,-74.227946","N"
"EFECTY GUAYABAL LA COLINITA","ACB163654","Cr 53 N 9 B Sur 15","Antioquia","6.200353,-75.590546","N"
"EFECTY SANTA BARBARA","ACB113637","Cr 4 # 3 73","Santander","6.245521,-73.419992","N"
"EFECTY","ACB309065","Calle 147  5a   16","Magdalena","11.12898,-74.224753","N"
"EFECTY","ACB307249","Carrera 22 A N 21 35","Antioquia","6.058045,-75.186408","N"
"EFECTY","ACB352722","Carrera 2 9 63","Boyaca","5.978856,-74.594127","N"
"CONEXRED","ACB303135","Carrera 2  13  64","Boyaca","5.978583,-74.589891","N"
"OFICINA PAGAFACIL JUMBO LAS VEGAS","ACB066272","Crrera 48 N 25 Sr 136 Av Ls Vgs Envigado","Antioquia","6.186319,-75.582567","N"
"REDY DMODA","ACB363184","Calle 87 No 55   129 Local 117","Antioquia","6.190985,-75.593645","N"
"EFECTY BOYACA CRA 3","ACB174137","Cr 3 N. 13-80","Boyaca","5.977755,-74.590046","N"
"EFECTY DIMONEX PUERTO BOYACA PAR PPAL","ACB302190","Cl 12 # 3-87","Boyaca","5.977508,-74.59138","N"
"MULTIPAGAS","ACB198964","Carrera 3 13   19","Boyaca","5.977237,-74.593395","N"
"EFECTY","ACB352766","Calle 81  52 Dd   12  Local 153","Antioquia","6.190047,-75.595","N"
"EFECTY SANTA MARIA CRA 52 CON 80","ACB321328","Cr 52 # 80-53","Antioquia","6.188888,-75.593563","N"
"EFECTY","ACB357606","Vereda El Ajizal","Antioquia","6.19366,-75.605767","N"
"EFECTY AV PRINCIPAL CALLE 21","ACB156098","Cr 5 N. 22-47","Boyaca","5.974669,-74.581829","N"
"ACCIONES Y VALORES CC PLATINO PLAZA","ACB060836","Kr 52 D No 76 67 Lc 1227","Antioquia","6.18794,-75.596972","N"
"EFECTY CENTRO COMERCIAL PLATINO PLAZA","ACB122372","Cr 52d # 76-67 L1174","Antioquia","6.187968,-75.597098","N"
"EFECTY UNIDAD MOVIL EJE CAFETERO","ACB071595","Cr 9 # 18-12","Risaralda","5.971943,-74.584916","N"
"EFECTY MALAGA TERMINAL","ACB326455","Cr 9 # 14-12","Santander","6.701301,-72.732472","N"
"BANCAMIA MALAGA","ACB063653","Carrera 9 13 50","Santander","6.70067,-72.732814","N"
"EFECTY","ACB354757","Carrera 9  14 12","Santander","6.701078,-72.732304","N"
"AYV PF MALAGA","ACB066337","Carrera 7a No 12   45 Cc Andino Lc 16","Santander","6.699183,-72.731696","N"
"MULTIPAGAS","ACB197754","Cra 43 32a Sur 27","Antioquia","6.174848,-75.58532","N"
"EFECTY ENTRADA BARRIO LA PAZ","ACB278671","Cl 116 # 11c 36","Magdalena","11.147879,-74.216159","N"
"GIROS Y FINANZAS C.C. VIVA","ACB026199","Cr 48 # 32b Sur 139 L-233","Antioquia","6.176578,-75.591899","N"
"EFECTY","ACB355330","Dg 31 Tv 34ee Sur 13","Antioquia","6.170623,-75.579595","N"
"EFECTY EL CARMEN CRA 31","ACB301485","Cr 31 # 24-81 Local 101","Antioquia","6.081891,-75.33528","N"
"EFECTY","ACB133404","Calle 30  32   27","Antioquia","6.082231,-75.336456","N"
"EFECTY ENVIGADO SEBASTIANA DG 31","ACB326983","Dg 31 Tv 34ee Sur 13","Antioquia","6.170512,-75.579693","N"
"EFECTY ITAGUI SECTOR LAS ESMERALDAS","ACB164633","Cl 64 B # 44 C -76","Antioquia","6.178038,-75.597652","N"
"EFECTY SERVIENTREGA CRA 43","ACB110481","Cr 43a # 33b Sur-04","Antioquia","6.173084,-75.586787","N"
"AYV VIVA ENVIGADO","ACB066535","Cra 48 No 32 B Sur No 139 Lc 309","Antioquia","6.17529,-75.592127","N"
"ACCIONES Y VALORES EXITO ENVIGADO","ACB064027","Kr 48 No 32b S  139 Lc 120","Antioquia","6.175067,-75.591816","N"
"EFECTY","ACB351369","Carrera Bolivar  9   65","Antioquia","6.30341,-75.85398","N"
"GIROS Y FINANZAS ALAMEDA","ACB025176","Cr 42 # 35 Sur-35 Local 117-119","Antioquia","6.171396,-75.586291","N"
"ACCIONES Y VALORES CC CASTICENTRO","ACB060847","Kr 42 No 35 Sur 55 Lc 102","Antioquia","6.171202,-75.586436","N"
"EFECTY ENVIGADO TRANSVERSAL 36","ACB191879","Tv 36 Sur N 29-48","Antioquia","6.167778,-75.579186","N"
"EFECTY PRINCIPAL","ACB115585","Cr 41 # 36 Sur 06","Antioquia","6.170341,-75.585731","N"
"EFECTY ENVIGADO PARQUE PPAL.","ACB300505","Cl 38 Sur # 42-27","Antioquia","6.169524,-75.587519","N"
"COOPERATIVA FINANCIERA DE ANTIOQUIA","ACB172629","Kr 40   37 S  60","Antioquia","6.168611,-75.585556","N"
"ACCIONES Y VALORES PF OFICINA CITY PLAZA","ACB064490","Cl 36 D S No 27a 105 Cc City Plaza L 118","Antioquia","6.163343,-75.573081","N"
"ACCIONES Y VALORES PF OFICINA ENVIGADO","ACB064346","Calle 38s 42 19","Antioquia","6.169006,-75.587923","N"
"CONEXRED","ACB192935","Kr 58 B  47 C 7 Brr Rosario Itagui","Antioquia","6.178224,-75.61229","N"
"EFECTY KM 7 RUTA DEL SOL","ACB175974","Cl 105 # 16-26 Km 7 Ruta Del Sol","Magdalena","11.154464,-74.209328","N"
"GIROS Y FINANZAS METRO","ACB021282","Cl 50 # 52-21 L-6 Int. Metro","Antioquia","6.173485,-75.608839","N"
"EFECTY ENVIGADO DORADO PAPELERIA BELINA","ACB321120","Cr 41 # 40g Sur 08","Antioquia","6.16487,-75.590156","N"
"COOPERATIVA FINANCIERA DE ANTIOQUIA","ACB172706","Carrera 52 50 19","Antioquia","6.173333,-75.610278","N"
"GIROS Y FINANZAS C.C. ITAGÜÍ","ACB020609","Cr 50 # 51-49 L-242-243","Antioquia","6.172449,-75.608381","N"
"A Y V PF OFICINA PARQUE DE ITAGUI","ACB064335","Kr 50 No 51 27 Lc 9915","Antioquia","6.172847,-75.609534","N"
"EFECTY","ACB352755","Carrera 49 51 47","Antioquia","6.171624,-75.608176","N"
"PF EURO ITAGUI","ACB065907","Cl 49 No 50 53 Itaguei","Antioquia","6.171419,-75.609472","N"
"Oficina PagafAcil Universidad Envigado","ACB066018","Cll 40 Sur No 27d - 03","Antioquia","6.158281,-75.580796","N"
"EFECTY CENTRO CRA 7","ACB112746","Cr 7 Cl 5 Esquina","Santander","6.47639,-72.97053","N"
"EFECTY","ACB358245","Tv 6 N 2a 57","Antioquia","6.162223,-75.594052","N"
"EFECTY EL PEÑON SANTANDER","ACB308350","Cr 4 # 4a-05","Santander","6.056481,-73.814641","N"
"AyV PF ITAGUI PLAZA","ACB067701","Carrera 52 No 52   63 Lc 102","Antioquia","6.17448,-75.625669","N"
"CONEXRED","ACB307481","Carrera 9  8   44","Santander","6.264036,-73.30159","N"
"CONEXRED","ACB270167","Diagonal 40 42 08 Brr Las Mercedes","Antioquia","6.16894,-75.61544","N"
"A Y V PF OFICINA EXITO ITAGUI","ACB064313","Kr 50 A No 40 25","Antioquia","6.169577,-75.61713","N"
"EFECTY CARRERA 6","ACB111668","Cr 6 # 10-72","Santander","6.264676,-73.29834","N"
"ACCIONES Y VALORES EXITO ITAGU","ACB061507","Carrera 50a 41 42 Lc. 114b","Antioquia","6.168998,-75.61613","N"
"EFECTY","ACB352744","Carrera 48 A 50 Sur   106","Antioquia","6.162161,-75.604824","N"
"MULTIPAGAS","ACB271717","Calle 51 S 48 57","Antioquia","6.162155,-75.604985","N"
"EFECTY SAN ANTONIO DE PRADO.","ACB166976","Cr 79 N 42 Sur 18","Antioquia","6.1845,-75.655972","N"
"AYV MAYORCA ETAPA 1","ACB066546","Cll 51 Sur No 48 57","Antioquia","6.161793,-75.605007","N"
"EFECTY ENVIGADO SEÑORIAL CALLE 48 E SUR","ACB306413","Cl 48 E Sur # 42bb 39","Antioquia","6.158155,-75.59801","N"
"EFECTY GLORIETA PILSEN","ACB110371","Cr 50a # 36 84","Antioquia","6.167441,-75.619657","N"
"AYV PF ARAYANES","ACB067262","Carrera 50 A No 36 90 Local 103","Antioquia","6.167394,-75.619637","N"
"GIROS Y FINANZAS C.C. MAYORCA MEGA PLAZA","ACB026111","Cl 51 Sur # 48-57 L-2167 Piso 2 Etapa 1","Antioquia","6.16064,-75.60465","N"
"ACCIONES Y VALORES","ACB063202","Kr 48 No 50 Sur 128 Lc 99017 Sotano","Antioquia","6.160512,-75.60465","N"
"EFECTY PRADO BARICHARA","ACB163720","Cr 67 N 52 Sur 03 Correg San Antonio","Antioquia","6.175914,-75.648273","N"
"EFECTY ITAGUI SAN FRANCISCO CALLE 27","ACB169155","Cl 27 N 68-15","Antioquia","6.171105,-75.641012","N"
"REDY SABANETA LA VAQUITA","ACB363205","Carrera 43a No 65 Sur   88","Antioquia","6.152051,-75.611445","N"
"REDY SABANETA","ACB363216","Calle 69 Sur No 45   70","Antioquia","6.152661,-75.615769","N"
"EFECTY SABANETA CRA 46 CON 69 SUR","ACB171189","Cr 46 # 69 Sur 19","Antioquia","6.152739,-75.61617","N"
"EFECTY HELICONIA PARQUE PRINCIPAL.","ACB177163","Cr 21 Cl 19","Antioquia","6.206186,-75.735237","N"
"MULTIPAGAS","ACB197062","Calle 74 Sur# 45-16","Antioquia","6.150023,-75.617553","N"
"EFECTY MALL PLAZA SABANETA.","ACB176821","Cr 48 N 76 D Sur 34","Antioquia","6.152349,-75.623526","N"
"EXITO SABANETA","ACB065655","Cr 45 74 Sur 62 Cc Aves Maria","Antioquia","6.14879,-75.617694","N"
"EFECTY","ACB305225","Cra 60  77 Sur   71","Antioquia","6.159655,-75.642714","N"
"AyV REDY LA ESTRELLA","ACB067338","Carrea 60 No 79 Sur 115 Parque Estrella","Antioquia","6.158909,-75.642773","N"
"REDY LA ESTRELLA","ACB362963","Carrea 60 No 79 Sur 115 Parque Estrella","Antioquia","6.158853,-75.642852","N"
"EFECTY ESCU POLICIA LA ESTRELLA CL 81SUR","ACB301704","Cl 81 Sur # 66-180","Antioquia","6.159671,-75.649389","N"
"EFECTY EXPRESS LA VUELTA DEL CAUCA","ACB321955","Cl 14 8-185 Barrio Gaira","Magdalena","11.189371,-74.21698","N"
"EFECTY GAIRA","ACB309252","Cr 10 Cl 8 Esquina Barrio Gaira","Magdalena","11.191998,-74.218452","N"
"EFECTY GAIRA CALLE 6","ACB110173","Cl 6 # 12 25 Gaira","Magdalena","11.193003,-74.220867","N"
"CONEXRED","ACB274907","Calle 6  12 A 110 Barrio Gaira Rodadero","Magdalena","11.19314,-74.221601","N"
"EFECTY MINCA","ACB308855","Cl 1 # 5-03 Correg Minca","Magdalena","11.195826,-74.214446","N"
"EFECTY ARRECIFE","ACB117509","Cr 4 # 11a-119 Gaira","Magdalena","11.200326,-74.225584","N"
"EFECTY RODADERO CONDOM STA MARIA DEL MAR","ACB167285","Cr 2 # 8 35","Magdalena","11.204341,-74.226654","N"
"EFECTY CENTRO COMERCIAL ZAZUE","ACB165733","Cr 2 # 8-31 Local 18","Magdalena","11.204356,-74.226654","N"
"CONEXRED","ACB279452","Calle 8  2 51  Local 1 Barrio Rodadero","Magdalena","11.204957,-74.226333","N"
"EFECTY","ACB307238","Calle 6 4 35","Magdalena","11.207085,-74.225023","N"
"EFECTY EXPRESS EFECTY TERRANOVA","ACB321933","Mz C Casa 13 Urb. Terranova","Magdalena","11.210586,-74.179237","N"
"EFECTY BARRIO SANTA CRUZ.","ACB165689","Cl 44 B # 21 G-65 Barrio Santa Cruz","Magdalena","11.212563,-74.186838","N"
"EFECTY URBANIZACION LUZ DEL MUNDO","ACB321890","Mz 19 Casa 24 Esquina Urb Luz Del Mundo","Magdalena","11.214691,-74.187898","N"
"EFECTY GAZEL LOS NOGALES","ACB127685","Dg 30 # 30-146","Magdalena","11.215593,-74.191175","N"
"EFECTY EXPRESS DIMONEX ANDREA CAROLINA","ACB309021","Mz 18 Casa 17 Urb Andrea Carolina","Magdalena","11.213991,-74.178421","N"
"EFECTY BARRIO EL CISNE.","ACB192090","Mz 1 Casa 28 Loc 1","Magdalena","11.212197,-74.161614","N"
"ACCIONES Y VALORES","ACB065381","Carrera 13 No 26b 56 Lc 248","Antioquia","6.035221,-75.421572","N"
"EFECTY CHARALA PARQUE TERMINAL","ACB121227","Cr 14 # 24-16","Santander","6.287243,-73.146251","N"
"AyV PAGAFACIL PANDO","ACB368530","Mz 77 Lt 8 Sec 1 El Pando","Magdalena","11.21931,-74.19831","N"
"EFECTY BARRIO HELENA SANTOS II","ACB301407","Cl 23 # 15-32 Charala","Santander","6.286445,-73.147313","N"
"AyV PAGAFACIL MINKA MALL","ACB368529","Cr 66  44   27 Lc 22","Magdalena","11.21425,-74.160821","N"
"EFECTY","ACB356090","Manzana X Casa 2","Magdalena","11.217869,-74.184768","N"
"EFECTY","ACB351039","Manzana X Casa 2","Magdalena","11.217869,-74.184768","N"
"EFECTY EL PARQUE","ACB125485","Cr 22 # 42-04","Magdalena","11.218457,-74.187717","N"
"MULTIPAGAS","ACB198986","Carrera 13  26 A 56","Antioquia","6.033576,-75.422259","N"
"EFECTY EXPRESS EFECTY MARIA EUGENIA","ACB321944","Cr 13 39-40 Barrio Maria Eugenia","Magdalena","11.221765,-74.209267","N"
"EFECTY ALTOS DE SANTA MARTA","ACB279177","Cr 66 47c1-24","Magdalena","11.215235,-74.160185","N"
"EFECTY BODEGAS DONADO","ACB309032","Cr 29 # 42-37","Magdalena","11.219004,-74.183745","N"
"EFECTY CIUDAD EQUIDAD","ACB278891","Cr 66 # 50-06 Mz 3 Lc 1","Magdalena","11.216059,-74.159681","N"
"EFECTY EXPRESS DIMONEX CHARALA CRA 14","ACB304884","Cr 14 # 21-36 Barrio Helena Santos","Santander","6.284628,-73.146285","N"
"EFECTY LA CEJA BARRIO SAN CAYETANO CR 20","ACB301694","Cr 20 # 24-34","Antioquia","6.034747,-75.429403","N"
"EFECTY VIA MINCA","ACB274095","Cr 66 # 51-101 Villa Minca","Magdalena","11.2167,-74.159126","N"
"EFECTY TERMINAL DE TRANSPORTES","ACB115893","Cl 41 # 31-17 Local 7","Magdalena","11.220063,-74.182838","N"
"EFECTY CALLE 34 A BARRIO PRIMERO DE MAYO","ACB276569","Cl 34 A # 16 02","Magdalena","11.223222,-74.205928","N"
"EFECTY RAPIMERCAR TERMINAL","ACB128323","Cl 32 # 29-25","Magdalena","11.221989,-74.195601","N"
"EFECTY CALLE DEL EMBUDO","ACB167263","Cl 7 # 2-54","La Guajira","10.771223,-73.009765","N"
"EFECTY LA CEJA TERMINAL TRANSPORTE","ACB163676","Cr 17 # 21-46 Loc 112","Antioquia","6.031442,-75.428332","N"
"EFECTY CAÑAVERAL","ACB110216","Av Ferrocarril # 6-00","Magdalena","11.223723,-74.19183","N"
"EFECTY EXPRESS EFECTY 1 DE MAYO","ACB276723","Cl 30 17a-04","Magdalena","11.225156,-74.202761","N"
"MULTIPAGAS","ACB196511","Calle 20 # 21-08","Antioquia","6.05755,-75.503041","N"
"CONEXRED","ACB309625","Calle 20  23  60","Antioquia","6.032148,-75.434131","N"
"EFECTY FRENTE AL PARQUE DEL AGUA","ACB277175","Mz 1 L-1 Barrio Portal De Las Avenidas","Magdalena","11.223391,-74.176347","N"
"CONEXRED","ACB276284","Calle 19  20  25 Barrio Parque","Antioquia","6.030163,-75.431694","N"
"EFECTY SERVIENTREGA CALLE 20","ACB110964","Cl 19 # 22-15","Antioquia","6.030649,-75.433346","N"
"CONEXRED","ACB303432","Calle Principal 31 226 Barrio Bonda","Magdalena","11.227846,-74.205366","N"
"MULTIPAGAS","ACB197677","Cra 20 18-54","Antioquia","6.029775,-75.431563","N"
"EFECTY HOSTAL EL PRADO","ACB169672","Cr 8 # 4-04","La Guajira","10.77119,-73.003019","N"
"EFECTY AV 19 BOULEVARD DE LAS ROSAS","ACB306985","Cr 19 # 29d 19 Boulevard De Las Rosas","Magdalena","11.228236,-74.195294","N"
"A Y V HOMECENTER SANTA MARTA","ACB063905","Cr35 29a 355 Homecenter Cc Buenavista","Magdalena","11.225422,-74.173723","N"
"EFECTY BAVARIA","ACB306149","Cl 29b # 8-20 Lc 3","Magdalena","11.229978,-74.204691","N"
"EFECTY OLIMPICA SAN JUAN DEL CESAR","ACB138959","Cr 8 # 8-05","La Guajira","10.774708,-73.00475","N"
"EFECTY NUEVA COLOMBIA.","ACB191967","Cr 69 30-09","Magdalena","11.224732,-74.156097","N"
"EFECTY CALLE PRINCIPAL CRA.7","ACB114584","Cl Principal Cr 10 N 11-47","Antioquia","5.88303,-74.641986","N"
"EFECTY MANZANARES","ACB118159","Cr 5 # 30-38","Magdalena","11.232551,-74.210418","N"
"MULTIPAGAS","ACB196818","Av. Ferrocarril #15-100","Magdalena","11.231284,-74.200125","N"
"EFECTY TERMINAL DE TRANSPORTES","ACB121272","Cl 6 A # 12-18","La Guajira","10.773842,-73.00052","N"
"GIROS Y FINANZAS SANTA MARTA JUMBO","ACB024911","Cr 15 # 29-116 C.c. Ocean Mall","Magdalena","11.2315,-74.199694","N"
"EFECTY OCEAN MALL","ACB119589","Av Ferrocarril # 29c-00 C Ocean Mall","Magdalena","11.23182,-74.199807","N"
"AYV EXITO BUENAVISTA STA MARTA","ACB065853","Calle 29a No 32 500 Lc 112a","Magdalena","11.22829,-74.172735","N"
"EFECTY SANTA ANA","ACB309241","Cl 29 29j-53 Barrio Santa Ana","Magdalena","11.229852,-74.183573","N"
"EFECTY EXPRESS DIMONEX MALVINAS","ACB271465","Cr 26 # 29b 77","Magdalena","11.230268,-74.184756","N"
"EFECTY MAMATOCO","ACB110238","Dg 33 # 12-01 Local 3","Magdalena","11.228864,-74.173331","N"
"EFECTY MAMATOCO EL PARQUE","ACB173938","Dg 035 Con Tv 008","Magdalena","11.228198,-74.167724","N"
"EFECTY EXPRESS EFECTY AV EL RIO CRA 18","ACB325070","Cl 29 # 18a 04 Loc 03","Magdalena","11.232182,-74.196235","N"
"EFECTY 11 DE NOVIEMBRE","ACB110184","Cl 30 # 74-41 A","Magdalena","11.226206,-74.152515","N"
"EFECTY MALVINAS","ACB132766","Cl 29 # 23-110","Magdalena","11.231102,-74.186993","N"
"EFECTY CALLE 29 CON 19C","ACB321911","Cl 29 # 19c-172 Local 2","Magdalena","11.232002,-74.192786","N"
"EFECTY DORADAL CALLE 20 TRONCAL","ACB190218","Cl 20 # 20-42","Antioquia","5.880646,-74.634036","N"
"EFECTY DORADAL PARQUE PRINCIPAL CRA.20","ACB114540","Cr 21 # 20-24","Antioquia","5.879278,-74.640413","N"
"MULTIPAGAS","ACB196807","Calle 4 # 26-40","Magdalena","11.236293,-74.212937","N"
"EFECTY PRADO PLAZA","ACB136694","Cr 4 # 26-40","Magdalena","11.236435,-74.212939","N"
"EFECTY GARAGOA","ACB131172","Urb Garagoa Mz J Cs 1","Magdalena","11.228307,-74.15012","N"
"EFECTY HOSPITAL TRONCONIS","ACB191121","Cl 23 15-37","Magdalena","11.237178,-74.200649","N"
"EFECTY CRA 4 CON 24","ACB276899","Cl 24 # 4-15 Loc 2","Magdalena","11.238804,-74.212116","N"
"GIROS Y FINANZAS SANTA MARTA","ACB020313","Cl 23 Cr 7 Y 8 Int. Sao","Magdalena","11.238563,-74.207835","N"
"EFECTY","ACB353372","Calle 30  86b  112","Magdalena","11.230127,-74.144597","N"
"EFECTY DROGUERIA COMUNAL","ACB112768","Cr 4 # 9-41","Santander","5.989478,-73.770652","N"
"EFECTY BARRIO 20 DE OCTUBRE","ACB325069","Cl 30 # 86b -112","Magdalena","11.230568,-74.144369","N"
"AyV REDY CALDAS","ACB067349","Carrea 50 No 125 Sur 158","Antioquia","6.096114,-75.636372","N"
"REDY CALDAS","ACB362974","Carrea 50 No 125 Sur 158","Antioquia","6.095956,-75.636317","N"
"EFECTY","ACB351578","Barrio Villa Olga","Choco","8.512979,-77.280328","N"
"EFECTY","ACB355901","Barrio Villa Olga","Choco","8.512979,-77.280328","N"
"EFECTY SANTA FE","ACB156472","Cl 24 # 33a-126","Magdalena","11.236088,-74.173863","N"
"EFECTY CL 18 UNIVERSIDAD SERGIO ARBOLEDA","ACB174050","Cl 18 # 16 25","Magdalena","11.239572,-74.199313","N"
"EFECTY CALLE PRINCIPAL","ACB131303","Cl 5 # 3-37","Huila","2.255121,-75.769459","N"
"EFECTY EL PITAL PARQUE PRINCIPAL","ACB114881","Cl 7 9-15","Huila","2.265851,-75.80497","N"
"EFECTY TERMINAL DE TRANSPORTE CRA. 23","ACB306952","Cr 23 # 2a-05","Huila","2.199598,-75.638817","N"
"CONEXRED","ACB309515","Carrera 8  4  48","Huila","2.114098,-75.82378","N"
"EFECTY CENTRO","ACB111954","Cl 4 8-66","Huila","2.113452,-75.823967","N"
"EFECTY BARRIO LAS TERMITAS GARZON","ACB321218","Cl 2a # 2a-03","Huila","2.198377,-75.630137","N"
"EFECTY VEREDA EL VERGEL TARQUI","ACB325092","Vereda El Vergel","Huila","2.112382,-75.823484","N"
"EFECTY CARRERA 11 CON CALLE 6","ACB305270","Cr 11 # 6-07","Huila","2.196826,-75.62992","N"
"EFECTY BARRIO EL CENTRO CALLE 5","ACB179594","Cl 5 # 10-28 Barrio El Centro","Huila","2.195689,-75.629369","N"
"EFECTY CRA 10 FRENTE AL BBVA","ACB078800","Cr 10 # 7-15","Huila","2.197171,-75.6282","N"
"EFECTY SERVIENTREGA PRINCIPAL PARQUE","ACB114825","Cl 7 # 8-00 Esq","Huila","2.196167,-75.626942","N"
"EFECTY GARZON CL 9 BR NAZARETH","ACB301627","Vereda El Paraiso","Huila","2.194099,-75.622106","N"
"EFECTY","ACB357662","Calle 4 N 4   14","Huila","2.3885,-75.89176","N"
"EFECTY CORREG  CENTRO POBLADO GALLEGO","ACB278473","Cl Principal Gallego","Huila","2.390936,-75.889087","N"
"EFECTY CENTRO EFECTY PRINCIPAL","ACB115860","Cr 5 # 4-15","Huila","2.388543,-75.892216","N"
"EFECTY SAN SEBASTIAN CRA 8","ACB323001","Cr 8 # 4-36","Huila","2.389462,-75.894385","N"
"CONEXRED","ACB300109","Calle 6 2 30 Barrio Centro","Huila","2.197508,-75.597948","N"
"EFECTY LOS ALMENDROS CALLE 7.","ACB304697","Cl 7 # 6-78","Huila","2.450877,-75.774953","N"
"EFECTY TESALIA CENTRO","ACB306347","Cl 6 # 8-65","Huila","2.485372,-75.727318","N"
"EFECTY PACARNI PARQUE PRINCIPAL","ACB122921","Cr 7 6-03","Huila","2.486175,-75.729418","N"
"EFECTY BARRIO CENTRO PRINCIPAL","ACB111943","Cl 3 A # 5-51","Huila","2.027409,-75.754888","N"
"EFECTY CENTRO CALLE 3*","ACB179527","Cl 3 # 3-68 Barrio Centro","Huila","2.025514,-75.754649","N"
"EFECTY CENTRO PARQUE PRINCIPAL","ACB111349","Cl 4 # 4-24","Huila","2.387471,-75.547381","N"
"EFECTY SUPER MERCADO LOS GEMELOS CL 7.","ACB274138","Cl 7 # 7-20 Barrio Simon Bolivar","Huila","1.977887,-75.796692","N"
"EFECTY CORREGIMIENTO GUAYABAL CL 4","ACB302343","Cr 4 # 5-41","Huila","1.976253,-75.794269","N"
"EFECTY BARRIO EL PROGRESO NATAGA","ACB301892","Cl 2 N 7-46","Huila","2.546131,-75.809242","N"
"EFECTY VEREDA SAN ROQUE OPORAPA","ACB306897","Vereda San Roque","Huila","2.025856,-75.994967","N"
"EFECTY OPORAPA CALLE PRINCIPAL","ACB127542","Cl 5 7-04","Huila","2.02571,-75.994967","N"
"EFECTY CARRERA 4","ACB112186","Cr 4 # 9-21","Huila","1.971921,-75.931384","N"
"EFECTY CALLE PRINCIPAL","ACB115826","Cl 2 # 3-231","Huila","1.991715,-76.044625","N"
"EFECTY CALLE 2 CON 6 ESQUINA","ACB278659","Cl 2 # 6-61","Huila","1.991358,-76.045581","N"
"EFECTY INZA PLAZA PRINCIPAL","ACB278440","Plaza Principal","Cauca","2.548959,-76.06532","N"
"EFECTY INZA CALLE PRINCIPAL","ACB174698","Cl 5 4-56 Cl Principal","Cauca","2.548959,-76.06532","N"
"EFECTY INSPECCION RIO NEGRO","ACB304785","Inspeccion Rio Negro","Huila","2.649163,-75.637639","N"
"EFECTY BELALCAZAR - PAEZ","ACB128390","Cl 5 # 2-41","Cauca","2.646078,-75.972436","N"
"EFECTY SAN AGUSTIN GALERIA","ACB117598","Cl 14 # 9 09","Cundinamarca","4.376561,-74.670132","N"
"EFECTY NILO ESCUELA DE SOLDADOS","ACB156296","Km 3 Via Nilo Pueblo Nuevo","Cundinamarca","4.307384,-74.620509","N"
"EFECTY MELGAR ESCUELA DE SUB OFICIALES","ACB121810","Escuela De Suboficiales Inocencio Chinca","Cundinamarca","4.307384,-74.620509","N"
"EFECTY CENTRO ESPRO CALLE 4","ACB117192","Cl 4 # 2-63","Cundinamarca","4.307057,-74.619597","N"
"EFECTY CALLE 4","ACB115914","Cl 4 # 9-17 Centro","Cundinamarca","4.460341,-74.635565","N"
"EFECTY GIRARDOT SANTA ISABEL","ACB170847","Mz 23 Casa 9 Piso 1","Cundinamarca","4.315823,-74.794151","N"
"AYV LA 14 GIRARDOT","ACB066722","Carrera 7 N 33   111 Lc 1  151 Int La 14","Cundinamarca","4.307707,-74.798073","N"
"GIROS Y FINANZAS ÉXITO CC ALTAVISTA USME","ACB026188","Cr 1# 65 D Sur 58l-103b Int. Éxito","Cundinamarca","4.304008,-74.804086","N"
"EFECTY SANTANDER","ACB325739","Cr 7 A # 22-05","Cundinamarca","4.299241,-74.801385","N"
"MULTIPAGAS","ACB303652","Cra 8  20a   73 B  Granada","Cundinamarca","4.297775,-74.802356","N"
"EFECTY TOLEMAIDA FUDRA","ACB174160","Tolemaida Fudra","Cundinamarca","4.223413,-74.685003","N"
"EFECTY CARRERA 10","ACB122008","Cr 10 # 18 -72 Local 102","Cundinamarca","4.296661,-74.805496","N"
"EFECTY GIRARDOT ALTO DE LA CRUZ CALLE 16","ACB163346","Cl 16 # 5-01","Cundinamarca","4.292545,-74.803079","N"
"EFECTY CARRERA 11 EFECTY PRINCIPAL","ACB078558","Cl 18 # 11-02","Cundinamarca","4.297168,-74.806494","N"
"ACCIONES Y VALORES PF OFICINA GIRARDOT","ACB065062","Cra 10 No 17 01 B Centro","Cundinamarca","4.295822,-74.806245","N"
"EFECTY BARRIO LA ESTACION","ACB323210","Cr 17 # 18-84 Local 101 B. La Estacion","Cundinamarca","4.299802,-74.809322","N"
"EFECTY GIRARDOT CENTRO 16","ACB078569","Cl 16 # 9-07","Cundinamarca","4.294568,-74.806302","N"
"EFECTY CENTRO CRA.5","ACB117587","Cr 5 # 7-66","Cundinamarca","4.516572,-74.595279","N"
"EFECTY GIRARDOT ESTADIO","ACB152720","Cl 19 Cr 24 Via Nariño","Cundinamarca","4.30552,-74.813086","N"
"EFECTY OLIMPICA GIRARDOT","ACB130159","Cr 9 Cl 14 Esquina","Cundinamarca","4.293614,-74.806651","N"
"GIROS Y FINANZAS GIRARDOT","ACB020962","Cl. 14 Cr 9 Esq. Int. Almacén Olímpica","Cundinamarca","4.293319,-74.806646","N"
"AyV PF GIRARDOT LA COLINA","ACB067163","Carrera 24 No 9   33 Lc 101","Cundinamarca","4.30181,-74.816965","N"
"EFECTY SERVIENTREGA CALLE 7","ACB110733","Cr 23 # 5-41 Local 1","Tolima","4.206077,-74.642435","N"
"EFECTY","ACB116355","Calle 8 No 19 10 L 7","Tolima","4.205527,-74.639361","N"
"PAGAFACIL MELGAR","ACB066382","Cll 7 No. 26 - 17","Tolima","4.203428,-74.643033","N"
"EFECTY GALAN","ACB199943","Cl 8 # 25-25 Local 1","Tolima","4.20334,-74.641751","N"
"CONEXRED","ACB303409","Carrera 4  5 41 Barrio Centro","Cundinamarca","4.349617,-74.452735","N"
"EFECTY ANAPOIMA PARQUE CENTRAL","ACB151730","Cr 2 # 4 -60","Cundinamarca","4.550061,-74.534532","N"
"EFECTY ANAPOIMA CRA 5","ACB271508","Cr 5 # 7-16","Cundinamarca","4.553177,-74.534868","N"
"EFECTY DIMONEX CL 4","ACB195004","Cl 4 # 6 -47","Tolima","4.148414,-74.721966","N"
"EFECTY CARMEN DE APICALA CRA 8","ACB171640","Cl 4 # 8 -56 Lc 1","Tolima","4.14798,-74.720749","N"
"EFECTY CENTRO","ACB115673","Cr 6 # 6-33 Centro","Tolima","4.178077,-74.533049","N"
"MULTIPAGAS","ACB196951","Carrera 9 # 12-39","Cundinamarca","4.601464,-74.758825","N"
"MULTIPAGAS","ACB197480","Calle 1 # 4-50","Cundinamarca","4.583614,-74.796397","N"
"MULTIPAGAS","ACB197578","Calle 12 # 13-85","Cundinamarca","4.60216,-74.794944","N"
"EFECTY CALLE 3","ACB120017","Av 3 # 4-22","Cundinamarca","4.191483,-74.485214","N"
"MULTIPAGAS","ACB196939","Av. Calle 40 # 13-13","Cundinamarca","4.600837,-74.812228","N"
"EFECTY PIEDRAS PARQUE PRINCIPAL","ACB123504","Cr 4 # 2-24","Tolima","4.5395,-74.881989","N"
"EFECTY FUSAGASUGA MAIZ AMARILLO","ACB170858","Cr 64 # 20 -10","Cundinamarca","4.329412,-74.399142","N"
"MULTIPAGAS","ACB197842","Calle 53 25-31","Cundinamarca","4.643302,-74.749474","N"
"EFECTY ESCUELA DE POLICIA FEMENINA","ACB168066","Cl 19 # 50-25","Cundinamarca","4.331011,-74.393485","N"
"EFECTY CENTRO","ACB111547","Cl 10 # 4-54","Cundinamarca","4.404044,-74.386523","N"
"CONEXRED","ACB279001","Carrera  5  6 35","Cundinamarca","4.402632,-74.38602","N"
"EFECTY","ACB352184","Calle 25 37 87","Cundinamarca","4.328698,-74.380771","N"
"EFECTY FRENT AL TERM DE TRANSPORTES","ACB301616","Cr 27 # 3 36","Cundinamarca","4.344925,-74.376713","N"
"CONEXRED","ACB278956","Calle 23  1 B 04 Barrio Santa Barbara","Cundinamarca","4.331237,-74.370939","N"
"EFECTY FUSAGASUGA BARRIO VERGEL","ACB301605","Cl 26 B # 3 F-34","Cundinamarca","4.340643,-74.369653","N"
"CONEXRED","ACB199514","Cl 23 1 03","Cundinamarca","4.33038,-74.370861","N"
"GIROS Y FINANZAS C.C. MANILA","ACB026243","C.c. Manila Trans 12 N # 22-42 Local 115","Cundinamarca","4.333321,-74.37038","N"
"EFECTY EXITO MANILA","ACB116498","Tv 12 Con Cl 22","Cundinamarca","4.332437,-74.370228","N"
"MULTIPAGAS","ACB197282","Calle 13 # 8-68","Cundinamarca","4.581087,-74.897611","N"
"EFECTY EL COLEGIO PARQUE PPAL ESQUINA","ACB125353","Cr 7 # 9-10","Cundinamarca","4.583896,-74.445257","N"
"CONEXRED","ACB270673","Calle 2 11a 30","Cundinamarca","4.346712,-74.365344","N"
"BANCAMIA MESITAS","ACB062476","Cl 10 No 6 09 El Colegio","Cundinamarca","4.584602,-74.445156","N"
"EFECTY ESTADIO","ACB121216","Av 6 # 16-86","Cundinamarca","4.339243,-74.365446","N"
"EFECTY ESPINAL BARRIO SAN RAFAEL","ACB273072","Cr 6 # 4-32","Tolima","4.15256,-74.879633","N"
"EFECTY CHICORAL - CENTRO","ACB113219","Cr 5 # 5-14 Chicoral B Centro","Tolima","4.15334,-74.880875","N"
"CONEXRED","ACB300231","Carrera 9 26 78","Cundinamarca","4.347186,-74.364133","N"
"EFECTY FUSAGASUGA LA MACARENA","ACB123856","Cl 25 # 4 A-04","Cundinamarca","4.325295,-74.366247","N"
"CONEXRED","ACB192287","Carrera 7 17 25","Cundinamarca","4.33395,-74.364223","N"
"CONEXRED","ACB355000","Carrera 6 4 50","Cundinamarca","4.352087,-74.361996","N"
"CONEXRED","ACB324662","Carrera 6 4 50","Cundinamarca","4.352087,-74.361996","N"
"EFECTY CALLE 7 PRINCIPAL","ACB079373","Cl 7 # 7-56","Cundinamarca","4.343422,-74.362805","N"
"EFECTY FUSAGASUGA CENTRO CRA 6","ACB162136","Cl 20 # 4-78","Cundinamarca","4.329265,-74.36449","N"
"EFECTY FUSAGASUGA SANTA BARBARA.","ACB168055","Cr 3 # 22-04 Pi 1","Cundinamarca","4.326893,-74.364535","N"
"CONEXRED","ACB275041","Carrera 7  7 10 Barrio Centro","Cundinamarca","4.343276,-74.362242","N"
"CONEXRED","ACB322583","Carrera 6  23b 01","Cundinamarca","4.347349,-74.361712","N"
"CONEXRED","ACB304026","Transversal 2c 22 21","Cesar","4.32696,-74.364323","N"
"EFECTY CARRERA 7 SUCURSAL","ACB079384","Cr 7 # 10-26","Cundinamarca","4.340824,-74.362192","N"
"EFECTY ESPINAL CARRERA 7 CON 7","ACB159860","Cr 7 # 7-06","Tolima","4.150823,-74.882234","N"
"CONEXRED","ACB320196","Carrera 6  7  49","Cundinamarca","4.343334,-74.361703","N"
"EFECTY FUSAGASUGA CATEDRAL","ACB178823","Cr 6 # 6 -24","Cundinamarca","4.343727,-74.361552","N"
"BANCAMIA FUSAGASUGA","ACB062256","Cl 7 No 5 49","Cundinamarca","4.344501,-74.361429","N"
"EFECTY CENTRO AV PRINCIPAL","ACB078778","Cl 9 # 4-06","Tolima","4.152648,-74.8851","N"
"CONEXRED","ACB199503","Cr 5 7 51","Cundinamarca","4.343152,-74.360877","N"
"EFECTY ESPINAL GABRIEL GONZALEZ","ACB190087","Cl 6 # 11 -35 Local 2","Tolima","4.146992,-74.879747","N"
"AYV PF FUSAGASUGA","ACB065084","Calle 8 No 6   13","Cundinamarca","4.352359,-74.359502","N"
"EFECTY ESPINAL. CENTRO FUNDES","ACB306930","Cr 7 # 10-42","Tolima","4.149814,-74.884923","N"
"EFECTY FISCALIA","ACB302848","Cr 5 # 11-27","Tolima","4.150899,-74.886597","N"
"AYV PF CC AVENIDA FUSAGASUGA","ACB067525","Calle 8 N 24   84 Lc 133b Cc Av Fusagasu","Cundinamarca","4.343377,-74.358539","N"
"EFECTY ESPINAL CABALLERO Y GONGORA II","ACB277724","Cr 11 # 11-00 Local 3","Tolima","4.145411,-74.88443","N"
"EFECTY PARQUE MITOLOGICO","ACB118841","Cl 17 # 3-62","Tolima","4.150468,-74.892234","N"
"EFECTY PLAZA DE MERCADO LA MESA","ACB301715","Cl 4 # 21-39","Cundinamarca","4.629005,-74.461945","N"
"EFECTY CENTRO COMERCIAL MITANIA","ACB308129","Cl 4a 21- 50","Cundinamarca","4.629793,-74.462401","N"
"EFECTY LA MESA CL DEL COMERCIO CL 5","ACB125342","Cr 21 # 5-14","Cundinamarca","4.630596,-74.462394","N"
"CONEXRED","ACB300022","Calle 3 21 61","Cundinamarca","4.630685,-74.462204","N"
"EFECTY LA MESA CALLE 7","ACB194025","Cr 21 # 7-27","Cundinamarca","4.631821,-74.463207","N"
"CONEXRED","ACB198139","Cl 8   16 24 Brr Centro","Cundinamarca","4.634045,-74.459851","N"
"EFECTY CALLE 4","ACB113208","Cl 4 # 3-46","Tolima","4.5667,-74.953535","N"
"EFECTY","ACB350906","Carrera 4  4   37 Ipm San Joaquin","Cundinamarca","4.636897,-74.44747","N"
"EFECTY VENECIA CALLE 4","ACB137804","Cl 4 # 3-08","Cundinamarca","4.089195,-74.477439","N"
"CONEXRED","ACB300121","Calle 67a Sur 18 P 26 Barrio Juan Pablo","Cundinamarca","4.616674,-74.419118","N"
"CONEXRED","ACB322484","Carrera 14  11 02","Cundinamarca","4.519759,-74.350876","N"
"EFECTY PASCA CENTRO","ACB174126","Cl 7 # 7 -17","Cundinamarca","4.308661,-74.302264","N"
"EFECTY LA GRAN VIA TENA","ACB122581","Tv 4 D # 4-19","Cundinamarca","4.655569,-74.389576","N"
"EFECTY SAN ANTONIO DEL TEQUENDAMA CENTRO","ACB127706","Cl 2 # 2-50","Cundinamarca","4.615468,-74.351854","N"
"EFECTY AMBALEMA","ACB114188","Cl 8 # 5-15","Tolima","4.780968,-74.765879","N"
"EFECTY","ACB152368","Carrera 8 6 40","Cundinamarca","4.487268,-74.263199","N"
"EFECTY CARRERA 3","ACB111602","Cr 3 # 2-46","Cundinamarca","4.72966,-74.436698","N"
"EFECTY CARRERA 7","ACB111921","Cr 7 # 9 B-24","Cundinamarca","4.491628,-74.258954","N"
"EFECTY SIBATE EDS TERPEL","ACB116706","Cr 7 # 10-95 L-4 Estacion De Serv Terpel","Cundinamarca","4.492881,-74.258673","N"
"EFECTY EXPRESS DIMONEX VENADILLO","ACB274161","Cl 5 # 5-29 Barrio Santa Bar","Tolima","4.719232,-74.927533","N"
"EFECTY CALLE 4","ACB112142","Cl 4 # 4-03","Tolima","4.720115,-74.926634","N"
"EFECTY ANOLAIMA CENTRO","ACB133910","Cl 4 # 4-21","Cundinamarca","4.761547,-74.465394","N"
"EFECTY AGUACHICA CENTRO PRINCIPAL","ACB162587","Cr 19 # 5-05 Local 5","Cesar","8.309555,-73.615316","N"
"BANCAMIA AGUACHICA","ACB061804","Cl 5 No 21 63 Local 1","Cesar","8.310026,-73.613287","N"
"MULTIPAGAS","ACB197787","Cra 17 5-35","Cesar","8.310281,-73.617134","N"
"EFECTY AGUACHICA BODEGA PRINCIPAL","ACB150234","Cl 4 # 24 -87","Cesar","8.311041,-73.610256","N"
"EFECTY AVENIDA KENNEDY","ACB114474","Cl 5 # 25-65","Cesar","8.309745,-73.609463","N"
"CONEXRED","ACB199426","Cr 14 5 125 Local 2","Cesar","8.310282,-73.620338","N"
"CONEXRED","ACB271421","Carrera 13 11 25 Brr Calle Los Estudiant","Cesar","8.31321,-73.621237","N"
"EFECTY AGUACHICA CALLE 3","ACB326642","Cr 12 # 03-04 Barrio El Carretero","Cesar","8.310819,-73.622751","N"
"EFECTY","ACB354944","Carrera 12  03 04 Barrio El Carretero","Cesar","8.310945,-73.622756","N"
"EFECTY FRENTE A LA PLAZA DE MERCADO","ACB156670","Cl 2 # 29-76 Lc 3","Cesar","8.312751,-73.606413","N"
"EFECTY CALLE 5 CARRERA 11","ACB076930","Cl 5 # 11-03","Cesar","8.309857,-73.62332","N"
"EFECTY","ACB351435","Cr 17 Cl 13 Esquina","Cesar","8.30043,-73.61604","N"
"EFECTY CENT DE CONVIVENCIA CAMPOSERRANO","ACB160309","Cl 5 # 7-122","Cesar","8.310055,-73.626439","N"
"EFECTY","ACB358597","Calle 10 14 44 Barrio San Antonio","Cesar","8.30541,-73.603319","N"
"EFECTY AGUACHICA CRA 34","ACB153237","Cr 34 # 2-75 Barrio Maria Eugenia","Cesar","8.312235,-73.602623","N"
"EFECTY AGUACHICA VILLA IRINA","ACB326631","Cl 5a # 4-10 Barrio Villa Estadio","Cesar","8.309626,-73.630387","N"
"EFECTY","ACB354933","Calle 5a  4 10 Barrio Villa Estadio","Cesar","8.309678,-73.630495","N"
"EFECTY FRENTE A LA UNIVERSIDAD","ACB305511","Cr 39 2 Norte 177 Local 103","Cesar","8.315575,-73.598595","N"
"EFECTY GAMARRA PARQUE PRINCIPAL","ACB121436","Cr 9 # 6-25","Cesar","8.321851,-73.741525","N"
"EFECTY CALLE DEL COMERCIO","ACB111767","Cl 6 # 4a-53","Cesar","8.320902,-73.744868","N"
"CONEXRED","ACB300406","Calle 23 12 45","Cesar","8.29088,-73.387934","N"
"EFECTY VIA PRINCIPAL ENTRADA RIO DE ORO","ACB308691","Kdx 9 260 Carretera Cetral","Cesar","8.294267,-73.387468","N"
"EFECTY CORREGIMIENTO LOS ANGELES","ACB160189","Cl 3 # 3-75 Correg Los Angeles","Cesar","8.2935,-73.384717","N"
"EFECTY SANTA CLARA CRA 49 CON 2","ACB128972","Cr 49 # 2-10","Norte De Santander","8.268305,-73.366143","N"
"EFECTY","ACB358443","Carrera 8a 38 42","Norte De Santander","8.269462,-73.365472","N"
"CONEXRED","ACB300428","Calle 5  47  39 Barrio Santa Clara","Norte De Santander","8.267111,-73.365265","N"
"EFECTY OCAÑA UNIVERSIDAD","ACB161739","Cl 7 29-228 Av Franc Fernan D Contreras","Norte De Santander","8.255577,-73.359533","N"
"EFECTY OCAÑA LLANADAS","ACB139949","Cl 7 N. 26-21","Norte De Santander","8.254108,-73.359371","N"
"CONEXRED","ACB307337","Calle 3 5 16","Santander","8.510402,-73.448796","N"
"EFECTY OCAÑA BARRIO LA PRIMAVERA","ACB194070","Tv 30 # 9-51 La Primavera","Norte De Santander","8.258988,-73.357306","N"
"EFECTY MARABEL","ACB308680","Cl 4 # 25 A-13","Norte De Santander","8.246565,-73.358671","N"
"EFECTY OCAÑA EL LIBANO","ACB190515","Kdx 414-320","Norte De Santander","8.244185,-73.355732","N"
"EFECTY CARCEL MODELO OCAÑA","ACB165481","Cl 6 # 13a-100","Norte De Santander","8.239618,-73.356613","N"
"EFECTY TACALOA LA CARRETERA CENTRAL","ACB195608","Cl 13a # 9-37","Norte De Santander","8.25205,-73.35322","N"
"EFECTY OCAÑA BARRIO SIMON BOLIVAR","ACB321593","Cl 11 # 27c-02","Norte De Santander","8.249475,-73.353621","N"
"EFECTY CALLE 10","ACB079582","Cl 10 N. 10-49 Local 1","Norte De Santander","8.23573,-73.354499","N"
"EFECTY","ACB358399","Cr 26  13 04 Lc 2","Norte De Santander","8.238835,-73.353503","N"
"EFECTY SUPER SERVICIOS","ACB175709","Cr 12 # 10-04 Local 102","Norte De Santander","8.234875,-73.354294","N"
"EFECTY OCAÑA CALLE 11","ACB177239","Cl 11 # 6-76","Norte De Santander","8.230798,-73.354887","N"
"MULTIPAGAS","ACB197776","Calle 11 # 12-48","Norte De Santander","8.235355,-73.353264","N"
"EFECTY OCAÑA 12 CON 12","ACB323913","Cr 12 # 12-05","Norte De Santander","8.233676,-73.350465","N"
"EFECTY OCAÑA BAMBO","ACB166437","Cr 7 # 21-31 Piso1","Norte De Santander","8.228912,-73.348605","N"
"EFECTY AV CIRCUNV HOTEL PAISAJE OCAÑERO","ACB195839","Kdx 3 B 1-498","Norte De Santander","8.235245,-73.342073","N"
"CONEXRED","ACB307261","Transversal 7 23 91","Norte De Santander","8.22785,-73.343713","N"
"EFECTY URB VILLA MARCELA SAN MARTIN","ACB326620","Urb Villa Marcela Mz K Cs 28","Cesar","8.004054,-73.512793","N"
"EFECTY PRINCIPAL SAN MARTIN CESAR","ACB306237","Cl 14 # 6-75 Centro","Cesar","8.002214,-73.513792","N"
"CONEXRED","ACB270903","Calle 14 06 50 Brr Centro","Cesar","8.001483,-73.515807","N"
"EFECTY RIO VIEJO PRINCIPAL","ACB304796","Barrio Av Pablo Sexto","Bolivar","8.588566,-73.840259","N"
"EFECTY CALLE 2","ACB112779","Cl 2 # 4-78","Cesar","8.617328,-73.803804","N"
"EFECTY CARRERA 8","ACB112405","Cr 8 # 9-31","Cesar","8.690008,-73.663884","N"
"CONEXRED","ACB309647","Carrera 8  8  74","Cesar","8.689827,-73.666586","N"
"EFECTY REGIDOR","ACB123702","Cl 6 # 4-53 Barrio Nuevo Milenio","Bolivar","8.662512,-73.823768","N"
"CONEXRED","ACB300781","Carrera 4 Este  119 44","Norte De Santander","8.402321,-73.20947","N"
"EFECTY SAN CALIXTO NORTE DE SANTANDER","ACB130841","Cl Central Kdx C2-350","Norte De Santander","8.401756,-73.208999","N"
"EFECTY CALLE 7","ACB111460","Cl 7 # 6-28","Caldas","5.612764,-75.45679","N"
"EFECTY PACORA","ACB114308","Cr 3 # 5-41","Caldas","5.528269,-75.459617","N"
"EFECTY PACORA CRA 4","ACB155987","Cr 4 # 7-44","Caldas","5.526326,-75.459565","N"
"MULTIPAGAS","ACB356331","Calle 6  7 18","Antioquia","5.709091,-75.311445","N"
"EFECTY SONSON CENTRO CRA 7 **","ACB136528","Cr 7 # 7-45","Antioquia","5.709961,-75.311138","N"
"CONEXRED","ACB309889","Calle 8 7 77","Antioquia","5.710977,-75.311446","N"
"EFECTY CRA 50","ACB112713","Cr 50 # 50-38","Antioquia","5.79164,-75.427005","N"
"EFECTY MALL LA PINTADA","ACB301726","Mall La Pintada","Antioquia","5.743391,-75.60593","N"
"CONEXRED","ACB300417","Avenida 30  30  33 Barrio El Crucero","Antioquia","5.746876,-75.606064","N"
"EFECTY MARMATO EL LLANO PISO 1","ACB127311","Ve El Llano","Caldas","5.474711,-75.60105","N"
"EFECTY SALAMINA CENTRO 1","ACB170199","Cr 5 # 5-60","Caldas","5.406975,-75.489166","N"
"EFECTY LA MERCED","ACB112922","Cr 6 # 13-26","Caldas","5.39839,-75.547591","N"
"AyV PF SUPIA","ACB067008","Calle 33 No 8  10","Caldas","5.45632,-75.65044","N"
"EFECTY SUPIA CENTRO","ACB165425","Cr 7 # 31-41","Caldas","5.454855,-75.650009","N"
"EFECTY SUPIA CALLE 33","ACB160453","Cr 9 # 32-59","Caldas","5.455747,-75.6509","N"
"EFECTY SUPIA","ACB305171","Cl 28 # 8-15 La Playa","Caldas","5.451863,-75.651196","N"
"MULTIPAGAS","ACB197875","Cra 11 # 20-73","Antioquia","5.660623,-75.713493","N"
"EFECTY TAMESIS VARIEDADES GANE","ACB302354","Cr 11 N 12-53","Antioquia","5.664174,-75.713749","N"
"EFECTY TAMESIS CALLE 13","ACB194520","Cl 13 N 14-56","Antioquia","5.664988,-75.716154","N"
"EFECTY CALLE SALGAR","ACB120271","Cl Salgar # 50-19","Antioquia","5.872423,-75.567677","N"
"EFECTY UNICO CRA 10","ACB112670","Cr 10 # 11-23","Antioquia","5.610046,-75.175068","N"
"CONEXRED","ACB324310","Carrera Santander  48   24","Antioquia","5.874057,-75.56531","N"
"EFECTY CORREGIMIENTO BONAFONT","ACB274446","Correg Bonafont Plaza Principal","Caldas","5.424247,-75.703337","N"
"EFECTY CALLE 10","ACB111833","Cl 10 # 8-55","Caldas","5.420736,-75.701709","N"
"BANCAMIA RIOSUCIO","ACB063565","Carrera 7 8 27","Caldas","5.420772,-75.703002","N"
"EFECTY PARQUE CARRERA 6","ACB128587","Cr 6 # 8-10","Caldas","5.420947,-75.703653","N"
"CONEXRED","ACB322297","Carrera 6  6  35","Caldas","5.420406,-75.703932","N"
"EFECTY RIOSUCIO CALLE 7.","ACB302244","Cl 7 # 4-62","Caldas","5.420793,-75.705092","N"
"EFECTY CENTRO","ACB111811","Cr 4 # 6-15","Caldas","5.295716,-75.561432","N"
"EFECTY CORREG  SAMARIA - FILADELFIA","ACB161706","Cl 3 # 3-05","Caldas","5.295196,-75.563979","N"
"EFECTY CALLE 31","ACB112636","Cl 31 # 29-24","Antioquia","5.731744,-75.140407","N"
"EFECTY CALLE 6","ACB112559","Cl 6 # 5-33","Caldas","5.271716,-75.490702","N"
"EFECTY JARDIN PARQUE PRINCIPAL","ACB163940","Cl 9 # 3-19 Parque Principal","Antioquia","5.599414,-75.819401","N"
"ACCIONES Y VALORES EXITO LIBERTADOR","ACB061453","Av Del Libertador Kr 20 Esquina Jardin","Magdalena","5.598813,-75.819817","N"
"EFECTY CRA 5 ANTIOQUIA","ACB113132","Cr 5 # 7-37","Antioquia","5.790879,-75.786287","N"
"EFECTY DIMONEX PENSILVANIA","ACB190010","Cr 6 7 12","Caldas","5.385182,-75.160686","N"
"EFECTY PENSILVANIA CALLE 5","ACB169331","Cl 5 5-54","Caldas","5.383767,-75.160156","N"
"EFECTY CORREGIMIENTO SAN DANIEL","ACB321735","Correg San Daniel 38","Caldas","5.38334,-75.159261","N"
"EFECTY BOLIVIA PLAZA 1","ACB172409","Plaza Principal Bolivia","Caldas","5.38334,-75.159261","N"
"EFECTY FREDONIA CALLE 50","ACB323209","Cl 50 # 48 -50","Antioquia","5.928333,-75.670819","N"
"EFECTY CORREGIMIENTO MONTEBONITO","ACB326356","Cl Ppal Correg Y Resguardo Montebonito","Caldas","5.284332,-75.259691","N"
"EFECTY CALLE 9","ACB112230","Cl 9 # 9-43","Risaralda","5.338983,-75.731182","N"
"MULTIPAGAS","ACB197677","Cra 20 18-54","Antioquia","6.029775,-75.431563","N"
"CONEXRED","ACB276284","Calle 19  20  25 Barrio Parque","Antioquia","6.030163,-75.431694","N"
"EFECTY SERVIENTREGA CALLE 20","ACB110964","Cl 19 # 22-15","Antioquia","6.030649,-75.433346","N"
"EFECTY LA CEJA TERMINAL TRANSPORTE","ACB163676","Cr 17 # 21-46 Loc 112","Antioquia","6.031442,-75.428332","N"
"CONEXRED","ACB309625","Calle 20  23  60","Antioquia","6.032148,-75.434131","N"
"EFECTY ANDES PARQUE PRINCIPAL","ACB115936","Cr 50 48-52","Antioquia","5.654049,-75.877002","N"
"COOPERATIVA FINANCIERA DE ANTIOQUIA","ACB172432","Andes   Jardin","Antioquia","5.655833,-75.8775","N"
"BANCAMIA ANDES","ACB061815","Cl 49 No 50  60","Antioquia","5.655193,-75.878116","N"
"MULTIPAGAS","ACB198986","Carrera 13  26 A 56","Antioquia","6.033576,-75.422259","N"
"EFECTY LA CEJA BARRIO SAN CAYETANO CR 20","ACB301694","Cr 20 # 24-34","Antioquia","6.034747,-75.429403","N"
"ACCIONES Y VALORES","ACB065381","Carrera 13 No 26b 56 Lc 248","Antioquia","6.035221,-75.421572","N"
"EFECTY VENECIA PARQUE PRINCIPAL","ACB156878","Cl 50 # 51-18","Antioquia","5.962964,-75.734288","N"
"MULTIPAGAS","ACB196511","Calle 20 # 21-08","Antioquia","6.05755,-75.503041","N"
"EFECTY CENTRO","ACB115442","Cr 17 # 10-57","Casanare","5.171044,-72.550102","N"
"EFECTY CENTRO CLL 8","ACB320262","Cl 8 # 15-46","Casanare","5.168918,-72.550427","N"
"EFECTY AGUAZUL CRA 18","ACB175556","Cr 18 # 13 -24","Casanare","5.173309,-72.548784","N"
"EFECTY PORVENIR CRA 2","ACB326345","Cr 2 # 4 84","Casanare","5.168521,-72.554817","N"
"EFECTY EXPRESS EFECTY CR 16","ACB300846","Cl 15 N.16-31","Casanare","5.173416,-72.546784","N"
"EFECTY EXPRESS EFECTY MUNDOEXPLORE","ACB300857","Cr 12 # 15-33","Casanare","5.171425,-72.544572","N"
"EFECTY EL CRISTAL","ACB320273","Cl 18 21-61","Casanare","5.178335,-72.547307","N"
"EFECTY CORREGIMIENTO CUPIAGUA","ACB278176","Cl 3 # 7-07 Correg Cupiagua","Casanare","5.161956,-72.544097","N"
"EFECTY LA ESPIGA CRA. 15","ACB320251","Cr 15 A # 22-04","Casanare","5.177139,-72.541568","N"
"EFECTY","ACB354647","Carrera 2  4 84","Casanare","5.158564,-72.545387","N"
"EFECTY CALLE 46 EL PROGRESO II","ACB125287","Cl 46 # 7 A-27","Casanare","5.313107,-72.401261","N"
"EFECTY BOSQUES DE MANARE","ACB302497","Cl 42 # 01-99","Casanare","5.316504,-72.404302","N"
"EFECTY TV 7","ACB305281","Tv 7 # 37-33","Casanare","5.320166,-72.400616","N"
"EFECTY","ACB302507","Cl 40  11   68","Casanare","5.31823,-72.398416","N"
"EFECTY YOPAL LA 40","ACB121249","Cr 15 Bis # 39-51","Casanare","5.319615,-72.394333","N"
"EFECTY LA CHAPARRERA CRA 4.","ACB270091","Cr 4 # 4-67 La Chaparrera","Casanare","5.328087,-72.402774","N"
"EFECTY CLL 20 BICENTENARIO.","ACB304312","Cr 9 N- 25-45","Casanare","5.330965,-72.404279","N"
"EFECTY","ACB352964","Carrera 13  30 04","Casanare","5.327968,-72.399046","N"
"EFECTY CC UNICENTRO LOC S000","ACB194498","C.c. Unicentro Loc S000","Casanare","5.327025,-72.397446","N"
"EFECTY MORICHAL","ACB199976","Cl 5 # 5-14","Casanare","5.327025,-72.397446","N"
"EFECTY","ACB308954","Calle 24 No 10   53","Casanare","5.333123,-72.403209","N"
"EFECTY PAPELERIA JULIMAR","ACB326389","Cr 14 # 29 20","Casanare","5.329226,-72.398349","N"
"EFECTY ARAGUANEY CLL. 24","ACB304367","Cl 24 # 12-90","Casanare","5.3335,-72.400585","N"
"EFECTY AEROPUERTO YOPAL","ACB306699","Cl 40 # 19-20","Casanare","5.321567,-72.387258","N"
"EFECTY CAFE INTERNET CRA 14","ACB323122","Cr 14 # 17-09 Piso 1 Local 102","Casanare","5.338943,-72.401533","N"
"EFECTY LA ESPERANZA CR 16","ACB309218","Cr 16 # 21-83","Casanare","5.33607,-72.398317","N"
"EFECTY YOPAL PROVIVIENDA","ACB175545","Cr 20 # 28 -17","Casanare","5.332431,-72.392048","N"
"EFECTY DIMONEX CR 18","ACB302486","Cl 16 # 17-10","Casanare","5.340855,-72.399691","N"
"MULTIPAGAS","ACB197765","Cra 20 22-44","Casanare","5.336943,-72.394635","N"
"EFECTY YOPAL CALLE 24","ACB120941","Cl 24 # 20 A-32","Casanare","5.336048,-72.393243","N"
"BANCAMIA YOPAL","ACB063048","Cl 13 No 18 04","Casanare","5.343577,-72.400159","N"
"EFECTY YOPAL CRA 20 - 16","ACB271519","Cr 20 # 16-34","Casanare","5.341881,-72.397346","N"
"EFECTY TERMINAL CRA 23","ACB307184","Cr 23 # 26-07","Casanare","5.335536,-72.389895","N"
"EFECTY BEAUTY CENTER 3","ACB277636","Cl 9 # 18-16","Casanare","5.346783,-72.402079","N"
"CONEXRED","ACB192276","Cl 13  19   70","Casanare","5.344367,-72.39873","N"
"EFECTY CENTRO CRA 20.","ACB171101","Cr 20 # 11-52","Casanare","5.345441,-72.399155","N"
"EFECTY EL OASIS CALLE 35","ACB279748","Cl 35 # 25 A 108","Casanare","5.330276,-72.382988","N"
"EFECTY","ACB358531","Carrera 7  3 12 Local 2 Barrio Fatima","Casanare","5.333825,-72.386062","N"
"CONEXRED","ACB276471","Carrera 20  10  18 Barrio Centro","Casanare","5.346449,-72.399701","N"
"EFECTY YOPAL CENTRO CARRERA 19","ACB123681","Cr 19 # 7-56","Casanare","5.348575,-72.401867","N"
"EFECTY CLL 10 CENTRO EFECTY","ACB119556","Cl 10 # 20-66","Casanare","5.347106,-72.399196","N"
"EFECTY CLL 9 CENTRO","ACB326390","Cl 9 # 20-32 Barrio Centro","Casanare","5.347925,-72.399978","N"
"EFECTY CLLE 13","ACB156076","Cl 13 # 22-44","Casanare","5.34571,-72.396136","N"
"MULTIPAGAS","ACB197161","Calle 12 # 9 - 116","Casanare","5.346393,-72.396849","N"
"EFECTY YOPAL PARQUE PRINCIPAL.","ACB276547","Cr 21 # 7-15","Casanare","5.349942,-72.400507","N"
"EFECTY EXPRESS CR  29 LOS LAURELES","ACB323308","Cr 29 # 36-03","Casanare","5.33152,-72.380253","N"
"EFECTY PAPELERIA KASH","ACB308965","Cr 26 # 19-76","Casanare","5.342305,-72.390652","N"
"EFECTY MANARE","ACB302563","Cl 33 28 12","Casanare","5.333525,-72.381512","N"
"EFECTY CRA 30 LAS AMERICAS","ACB322208","Cr 30 # 50-57","Casanare","5.323665,-72.371789","N"
"EFECTY SIGLO XXI CRA 29","ACB306907","Cr 29 # 28-02","Casanare","5.337042,-72.383843","N"
"CONEXRED","ACB307470","Calle 21  27  35","Casanare","5.342032,-72.388961","N"
"MULTIPAGAS","ACB197589","Calle 24 # 28-72","Casanare","5.339837,-72.386481","N"
"EFECTY VILLA BENILDA CLL 30","ACB305193","Cl 30 # 30 A-07","Casanare","5.335545,-72.381414","N"
"EFECTY LOS HEROES","ACB110689","Cl 25 A # 29-05","Casanare","5.339103,-72.384817","N"
"EFECTY VILLA MARIA CRA 29","ACB304246","Cr 29 # 20-66","Casanare","5.342796,-72.38745","N"
"EFECTY","ACB175534","Cra 29  18  03 Local 109 Cc El Hobo","Casanare","5.344685,-72.388679","N"
"EFECTY CTRO COMERCIAL ALCARAVAN","ACB322198","Cr 29 # 18-03 Local 109","Casanare","5.344861,-72.38876","N"
"EFECTY EXPRESS DIMONEX VILLA LUCIA","ACB270057","Cl 33 # 46-39","Casanare","5.34179,-72.368481","N"
"EFECTY","ACB304048","Calle 6 No  12 75","Casanare","5.017163,-72.7503","N"
"EFECTY TAURAMENA CRA 15","ACB171947","Cr 15 # 6 -81","Casanare","5.018419,-72.75197","N"
"EFECTY CENTRO","ACB110942","Cr 14 # 5-53","Casanare","5.017054,-72.75225","N"
"EFECTY TERMINAL CRA 12","ACB322770","Cl 4 # 12-26","Casanare","5.015412,-72.752234","N"
"EFECTY MULTISERVICES DAVINCI","ACB302365","Cl 8g # 6a 46","Casanare","5.010639,-72.750494","N"
"EFECTY PASO CUSIANA","ACB270101","Cl 2 # 4a-48 Correg Paso Cusiana","Casanare","5.007694,-72.750212","N"
"EFECTY CALLE 18 PARQUE","ACB126398","Cr 4 # 17-53","Casanare","4.81696,-72.283928","N"
"EFECTY MANI CRA 2","ACB171925","Cr 2 # 13-50","Casanare","4.812071,-72.282658","N"
"ACCIONES Y VALORES CC GALERIAS","ACB060584","Cl 54 25 81 Lc 1104 Cc Galerias 1 Piso","Cundinamarca","4.643065,-74.074256","Y"
"EFECTY SERVIENTREGA NQS U. NACIONAL","ACB072530","Av Cr 30 # 45-20","Cundinamarca","4.634884,-74.079144","N"
"EFECTY","ACB352414","Kr 24  51   29","Cundinamarca","4.640174,-74.074365","N"
"GIROS Y FINANZAS GALERÍAS PLAZA 54","ACB024834","Cr 24 # 53-73 L-112 C.c. Plaza 54","Cundinamarca","4.642981,-74.073875","Y"
"EFECTY","ACB352425","Cra 30  53 A   89 Local 3","Cundinamarca","4.645074,-74.079155","N"
"EFECTY GALERIAS CARRERA 24","ACB354362","Cr 24 # 52-53","Cundinamarca","4.641276,-74.074157","N"
"AYV PF GALERIAS","ACB066788","Calle 53 B 25 21 Cc Galerias Entrada 3","Cundinamarca","4.643202,-74.075033","N"
"EFECTY INGLES KRA 27","ACB139697","Cr 27 # 39-84 Local 101","Cundinamarca","4.631518,-74.078509","N"
"EFECTY GALERIAS II TRANSVERSAL 24","ACB074598","Tv 24 # 53c-23","Cundinamarca","4.643643,-74.073453","N"
"EFECTY RED PLATINUM CALLE 26","ACB138652","Cl 26 # 33-49","Cundinamarca","4.630404,-74.083516","N"
"EFECTY TEUSAQUILLO ALFONSO LOPEZ","ACB178032","Cr 17 # 48-21","Cundinamarca","4.636302,-74.070196","N"
"EFECTY RED PLATINUM CALLE 25 B","ACB150498","Cl 25 B # 38 A-13","Cundinamarca","4.63242,-74.087674","N"
"EFECTY EL RECUERDO CLL 25B","ACB177471","Cl 25 B # 36-18","Cundinamarca","4.630698,-74.086418","N"
"EFECTY SERVIENTREGA CRA.24 CALLE 60","ACB071980","Cr 24 # 60-74","Cundinamarca","4.647753,-74.07357","N"
"EFECTY QUINTA PAREDES CL 25 B.","ACB175842","Cl 25 B # 40-25","Cundinamarca","4.633434,-74.089708","N"
"EFECTY PALERMO 45","ACB305434","Cl 45 # 16-77 -79","Cundinamarca","4.63278,-74.069963","N"
"EFECTY PALERMO CALLE 45 2","ACB277449","Cl 45 # 15-06","Cundinamarca","4.632762,-74.06875","N"
"EFECTY GALERIAS CALLE 53","ACB178043","Cl 53 # 14-78","Cundinamarca","4.640621,-74.067037","N"
"EFECTY AV CARACAS CON 48","ACB150519","Av Caracas # 48-71","Cundinamarca","4.6361,-74.067213","N"
"BANCAMIA AV CARACAS","ACB061860","Av Caracas 74 51 55","Cundinamarca","4.63897,-74.06667","N"
"EFECTY GRAN AMERICA CRA 30 II","ACB301144","Cr 30 # 25a-47 Local 102","Cundinamarca","4.625724,-74.082629","N"
"ACCIONES Y VALORES EXITO CHAPINERO","ACB061705","Cl 52 No 13 70 Primer Piso","Cundinamarca","4.639935,-74.065939","N"
"EFECTY NICOLAS DE FEDERMAN CALLE 63","ACB173411","Cr 36 # 63-45","Cundinamarca","4.652976,-74.080143","N"
"EFECTY CALLE 57 CARRERA 14 II","ACB151828","Cl 57 # 14-89","Cundinamarca","4.644117,-74.066529","N"
"EFECTY COLSUBSIDIO CLL 63 II","ACB153347","Cl 63 # 22-30","Cundinamarca","4.650966,-74.071481","N"
"EFECTY SOLUCIONES PABLO VI 2","ACB305940","Cl 57 # 56-14 Bloque 46","Cundinamarca","4.651322,-74.088296","N"
"EFECTY DIMOXCAN 44 2","ACB305885","Cr 57 # 44-20 Interior 4","Cundinamarca","4.646734,-74.092989","N"
"EFECTY","ACB356287","Cl 27  25   67","Cundinamarca","4.623603,-74.07762","N"
"EFECTY","ACB351226","Cl 27  25   67","Cundinamarca","4.623603,-74.07762","N"
"COOPERATIVA FINANCIERA DE ANTI","ACB172508","Cra 13 # 55-30","Cundinamarca","4.64248,-74.064548","N"
"EFECTY QUINTAPAREDES CLL 22B II","ACB151246","Av De La Esperanza # 44a-86 Lc 107","Cundinamarca","4.634427,-74.095158","N"
"AYV REDY CALLE 58","ACB067448","Calle 58 No 13   40 Lc Piso 1","Cundinamarca","4.644649,-74.064858","N"
"REDY CALLE 58","ACB363074","Calle 58 No 13   40 Lc Piso 1","Cundinamarca","4.644649,-74.064858","N"
"EFECTY CRA 7 CON 51","ACB153666","Cr 7 # 51 A-04","Cundinamarca","4.63796,-74.063149","N"
"EFECTY BULEVAR CALLE 41","ACB178373","Cl 41 A # 8-25","Cundinamarca","4.629316,-74.065947","N"
"GIROS Y FINANZAS C.C. CALIMA","ACB025253","Av Cl. 19 28-80 L-b131 2-paloquemao","Cundinamarca","4.618457,-74.085883","Y"
"EFECTY DIRECCION GENERAL DIMONEX","ACB170649","Av Americas # 27b-79","Cundinamarca","4.621669,-74.081378","N"
"EFECTY TEUSAQUILLO II","ACB151862","Cr 13 # 38-94","Cundinamarca","4.626864,-74.067222","N"
"EFECTY MINICENTRO CALLE 60","ACB279627","Cr 13 A # 60-24 Local 188","Cundinamarca","4.647524,-74.064385","N"
"EFECTY HOSPITAL MILITAR","ACB154777","Cl 49 # 5-10","Cundinamarca","4.635762,-74.062435","N"
"EFECTY CAN CRA 59","ACB139015","Cl 44 # 59-36 Local 102","Cundinamarca","4.649127,-74.094544","N"
"EFECTY UNIVERSIDAD JAVERIANA","ACB323045","Cr 7 # 41-45","Cundinamarca","4.629074,-74.06511","N"
"CONEXRED","ACB270848","Carrera 22 Sur 75 4","Atlantico","4.62487,-74.091019","N"
"EFECTY CHAPINERO CALLE 57","ACB073191","Cl 57 # 7-54","Cundinamarca","4.643406,-74.062449","N"
"MULTIPAGAS","ACB197105","Calle 61 # 11-35","Cundinamarca","4.647673,-74.063473","N"
"GIROS Y FINANZAS C.C. GRAN ESTACIÓN","ACB025703","Av. Cl. 26 # 6247 L-246 Piso 2","Cundinamarca","4.647651,-74.101619","Y"
"CONEXRED","ACB279869","Calle 63 G 27 A 18 Barrio Siete De Agost","Cundinamarca","4.656723,-74.074029","N"
"REDY BARRIOS UNIDOS","ACB363272","Carrera 25 No 67   78","Cundinamarca","4.656017,-74.071906","N"
"AyV REDY BARRIO 7 DE AGOSTO","ACB067350","Carrera 24 No 63f   52","Cundinamarca","4.655907,-74.071556","N"
"EFECTY 7 DE AGOSTO IGLESIA II","ACB156494","Cr 24 # 63 F-39","Cundinamarca","4.65599,-74.071693","N"
"REDY BARRIO 7 DE AGOSTO","ACB362985","Carrera 24 No 63f   52","Cundinamarca","4.656012,-74.071388","N"
"EFECTY TEUSAQUILLO CALLE 32 I","ACB308107","Av Cl 32 # 18-06","Cundinamarca","4.620577,-74.073737","N"
"GIROS Y FINANZAS CHAPINERO","ACB020928","Cr 13 # 63-39 L-14","Cundinamarca","4.649791,-74.063686","N"
"EFECTY 7 DE AGOSTO.","ACB276679","Cr 25 # 64-29","Cundinamarca","4.656714,-74.071812","N"
"CONEXRED","ACB270145","Carrera 13 63 21 Lc 103","Cundinamarca","4.649624,-74.0635","N"
"EFECTY CHAPINERO CALLE 61","ACB073344","Cl 61 # 9-40","Cundinamarca","4.646937,-74.061944","N"
"EFECTY SAMPER MENDOZA KRA 26","ACB177866","Cr 26 # 22 B-09","Cundinamarca","4.619382,-74.082634","N"
"CONEXRED","ACB320086","Calle 12a  18  91","Boyaca","4.649123,-74.06268","N"
"EFECTY CLLE 20 CUNDINAMARCA","ACB151488","Cl 19 B # 32-55","Cundinamarca","4.62125,-74.089295","N"
"EFECTY SIETE DE AGOSTO CRA 27","ACB073795","Cr 27a # 65-37","Cundinamarca","4.658404,-74.073301","N"
"CONEXRED","ACB309450","Carrera 27  22  42","Cundinamarca","4.618847,-74.083763","N"
"EFECTY 7 DE AGOSTO AV CLL 66","ACB309317","Av Cl 66 # 26-25","Cundinamarca","4.658164,-74.072006","N"
"ACCIONES Y VALORES HOMECENTER KR 30","ACB063082","Cra 30 Con Cl 22 Esquina Cc","Cundinamarca","4.619304,-74.086435","N"
"EFECTY C COMERCIAL CIPRES","ACB323056","Ak 50-22-41","Cundinamarca","4.6361,-74.100653","N"
"EFECTY FERIAS OCCIDENTAL","ACB153402","Cl 66 # 13-65 Local 8","Cundinamarca","4.652879,-74.063621","N"
"EFECTY 7 DE AGOSTO C.C. LAS RAMPAS","ACB075544","Av Cr 24 # 67-37","Cundinamarca","4.658614,-74.070068","N"
"EFECTY CRA 29 CON 66 II","ACB165469","Cr 29 # 66-06","Cundinamarca","4.6608,-74.075414","N"
"AyV EXITO CC CALIMA","ACB066931","Av Calle 19 No 28   80 Lc 3","Cundinamarca","4.617784,-74.086762","N"
"EFECTY CHAPINERO CLL 66.","ACB152269","Cr 11 # 66-53","Cundinamarca","4.652482,-74.061647","N"
"GIROS Y FINANZAS JUMBO MERCURIO","ACB024724","Cr 7 # 32-25 L-170 Soacha","Cundinamarca","4.619507,-74.06789","N"
"MULTIPAGAS","ACB271861","Carrera 7  32   35","Cundinamarca","4.619311,-74.068129","N"
"MULTIPAGAS","ACB199152","Calle 26 67 47","Cundinamarca","4.648799,-74.100729","N"
"EFECTY","ACB351293","Cra 28 A 67 64","Cundinamarca","4.66136,-74.07351","N"
"ACCIONES Y VALORES EXITO GRAN","ACB063103","Cl 26 No 62 47 Lc 102b","Cundinamarca","4.647656,-74.101625","N"
"EFECTY EXPRESS EFECTY LAS FLORES.","ACB326082","Cr 13 #68-14 Local12","Cundinamarca","4.65466,-74.06253","N"
"EFECTY RED PLATINUM C.C. SAN MARTIN","ACB199338","Cr 7 # 32-12 Lc 001","Cundinamarca","4.61886,-74.067977","N"
"EFECTY","ACB352360","Kra 32 17b 04 Lc 1030","Cundinamarca","4.618189,-74.090899","N"
"BANCAMIA PRINCIPAL","ACB062674","Kr 9 No 66 25 O Cl 67 No 9 17","Cundinamarca","4.651748,-74.059818","N"
"EFECTY COLOMBIA CRA 19","ACB322989","Cr 19 # 70-03","Cundinamarca","4.658309,-74.065659","N"
"EFECTY CONCEPCION CLL 69 BIS","ACB154623","Cl 69 Bis # 14-32","Cundinamarca","4.656082,-74.062859","N"
"EFECTY BATALLON PM 13","ACB075072","Cr 50 # 18 06 Tienda Del Soldado","Cundinamarca","4.6316,-74.103551","N"
"EFECTY","ACB173378","Calle 70a  14a  37","Cundinamarca","4.657621,-74.06332","N"
"GIROS Y FINANZAS CENTRO INTERNACIONAL","ACB020061","Cl. 28 # 13-22 L-28 C.c. Palma Real","Cundinamarca","4.615883,-74.070236","N"
"EFECTY","ACB352348","Cl 19  21   89","Cundinamarca","4.614023,-74.083552","N"
"EFECTY PALOQUEMAO CARRERA 28 A","ACB072321","Cr 28 A # 17-26","Cundinamarca","4.615227,-74.088592","N"
"EFECTY SAN MARTIN.","ACB136474","Cr 5 # 32-21","Cundinamarca","4.617744,-74.066071","N"
"MULTIPAGAS","ACB197303","Calle 30a # 6-24","Cundinamarca","4.616708,-74.067774","N"
"MULTIPAGAS","ACB271795","Carrera 10 30b 20","Cundinamarca","4.654557,-74.059658","N"
"EFECTY","ACB320493","Calle 24  15   22","Cundinamarca","4.613184,-74.074807","N"
"REDY CENTRO INTERNACIONAL","ACB363030","Carrera 10 No 27   51 Lc 181a","Cundinamarca","4.614526,-74.069568","N"
"BANCAMIA FONTIBON","ACB062223","Cl 17 No 100  16","Cundinamarca","4.62986,-74.10534","N"
"AyV REDY CENTRO INTERNACIONAL","ACB067404","Carrera 10 No 27  51 Lc 181a","Cundinamarca","4.61292,-74.071303","N"
"CONEXRED","ACB300208","Calle 32a Sur 26 C 04 Barrio Murillo Tor","Cundinamarca","4.617146,-74.063139","N"
"EFECTY AV CARACAS CON 72 II","ACB169474","Av Caracas # 72-24","Cundinamarca","4.659756,-74.061665","N"
"EFECTY C.C.AV CHILE","ACB320570","Av Chile Cr 10 # 72-21","Cundinamarca","4.656786,-74.058489","N"
"EFECTY EXPRESS DIMONEX CR 38","ACB194081","Cr 38 N 12 A-47 Local 115","Cundinamarca","4.61935,-74.099729","N"
"EFECTY GORGONZOLA KRA 38","ACB151279","Cr 38 # 12 A-47 Local 116","Cundinamarca","4.61935,-74.099729","N"
"EFECTY LA ALAMEDA CENTRO CLL 25","ACB177789","Cl 25 # 12-27 Local 3","Cundinamarca","4.612044,-74.071658","N"
"EFECTY","ACB352337","Calle 15  22 34","Cundinamarca","4.611184,-74.086158","N"
"EFECTY 11 DE NOVIEMBRE CALLE 72","ACB074367","Cl 72 # 29-16","Cundinamarca","4.666475,-74.071539","N"
"GIROS Y FINANZAS SALITRE","ACB020456","Av Cl 24 # 69-71 L-1 Av La Esperanza 9","Cundinamarca","4.655186,-74.112082","Y"
"EFECTY","ACB350917","Av Calle 72 82 12","Cundinamarca","4.666692,-74.071922","N"
"ACCIONES Y VALORES S A","ACB063697","Calle 72 No 7 64 Piso 11","Cundinamarca","4.655515,-74.055956","N"
"EFECTY PUENTE ARANDA CAI.","ACB151510","Cr 55 # 15-56","Cundinamarca","4.631582,-74.108134","N"
"AyV FIC","ACB067635","Calle 72 No 7 - 64","Cundinamarca","4.655691,-74.055788","N"
"AyV DAVIPLATA","ACB067624","Calle 72 No 7 - 64","Cundinamarca","4.655691,-74.055788","N"
"ACCIONES Y VALORES OFICINA CL 72","ACX061738","Cl 72 No 7 64 Piso 12","Cundinamarca","4.655749,-74.055793","N"
"EFECTY CRA 24 7 DE AGOSTO","ACB074839","Cr 24 # 74 A-09","Cundinamarca","4.66536,-74.065797","N"
"EFECTY","ACB326060","Kr 24  52   53","Cundinamarca","4.610167,-74.087918","N"
"EFECTY 12 DE OCTUBRE","ACB177361","Cr 50 # 72-15","Cundinamarca","4.668376,-74.073813","N"
"GIROS Y FINANZAS CALLE 73  POSTNET","ACB026012","Cl 73 No 7 16 Interior Postnet","Cundinamarca","4.656312,-74.055076","N"
"GIROS Y FINANZAS CALLE 73 (POSTNET)","ACB020753","Cl. 73 # 7-16 Local 2","Cundinamarca","4.656192,-74.054938","N"
"EFECTY C.C. CARRERA","ACB076347","Av Americas # 50-15 Local C-238","Cundinamarca","4.626721,-74.107891","N"
"EFECTY CC SAN FAZON","ACB072903","Cl 13 # 20 -90 Loc 171 Cc San Fazon","Cundinamarca","4.608785,-74.085377","N"
"EFECTY C.C PUERTO RICO","ACB279616","Cr 20 # 13-58 Local 171","Cundinamarca","4.608637,-74.085014","N"
"EFECTY C.C. RICAURTE 2","ACB169748","Cr 28 # 11-67","Cundinamarca","4.61062,-74.092099","N"
"EFECTY EXPRESS EFECTY LAS NIEVES","ACB308097","Cr 10# 21-29","Cundinamarca","4.608835,-74.07292","N"
"EFECTY SAN FELIPE CALLE 76","ACB308152","Cl 76 # 22-51","Cundinamarca","4.665671,-74.063696","N"
"MULTIPAGAS","ACB197479","Carrera 28 # 11-21","Cundinamarca","4.610297,-74.092421","N"
"MULTIPAGAS","ACB271904","Calle 9  37 A   62","Cundinamarca","4.61591,-74.101443","N"
"EFECTY SABANA CALLE 12","ACB153501","Cr 24 # 12-00","Cundinamarca","4.608712,-74.089099","N"
"EFECTY C.C 2000 CR 37","ACB323485","Cl 10 # 37 61 Local 2015","Cundinamarca","4.616207,-74.101947","N"
"EFECTY SAN FERNANDO","ACB072662","Av Cl 68 # 58-76","Cundinamarca","4.670688,-74.081087","N"
"EFECTY C.C. SABANA PLAZA","ACB075643","Cl 13 # 19-71 Lc Lc 1 298","Cundinamarca","4.607637,-74.084686","N"
"EFECTY PENSILVANIA CR 31","ACB076600","Cr 31a # 9-99","Cundinamarca","4.6114,-74.096559","N"
"EFECTY PUENTE ARANDA","ACB073168","Cl 13 # 59-16","Cundinamarca","4.632054,-74.111575","N"
"EFECTY CARRERA 9 CON 20","ACB323463","Cr 9 # 20-58 Loca L 14","Cundinamarca","4.607476,-74.072476","N"
"CONEXRED","ACB192539","Cl 20 No 9   03","Atlantico","4.607327,-74.072658","N"
"EFECTY SAN ANDRESITO CRA 38","ACB076655","Cl 9 # 36 03 Local 164","Cundinamarca","4.614381,-74.101218","N"
"EFECTY SANTA SOFIA CALLE 77 CON 27 B","ACB277427","Cl 77 # 27 B-14","Cundinamarca","4.668876,-74.066622","N"
"EFECTY CC FERROCARRIL PLAZA","ACB150717","Cr 19 # 12-74 Local 206","Cundinamarca","4.606582,-74.084948","N"
"BANCAMIA SAN FERNANDO","ACB062784","Av Cl 68 No 60 08","Cundinamarca","4.67187,-74.081683","N"
"EFECTY SALITRE CRA 69","ACB164446","Cr 69 # 25b 44 Lc 102a","Cundinamarca","4.657541,-74.107246","N"
"EFECTY","ACB355307","Av Calle 6 42  19","Cundinamarca","4.618793,-74.1062","N"
"EFECTY GORGONZOLA II","ACB326950","Av Cl 6 # 42-19","Cundinamarca","4.618738,-74.106182","N"
"EFECTY CUR COMPENSAR","ACB076688","Cl 49a # 69a-15 P1","Cundinamarca","4.662074,-74.103811","N"
"EFECTY EXPRESS LA SALLE CRA 13 A","ACB320426","Cr 13 A #77 A-22","Cundinamarca","4.663534,-74.057323","N"
"EFECTY","ACB167472","Calle 24 68c 86","Cundinamarca","4.654336,-74.10969","N"
"EFECTY CENTRO CALLE 22 II","ACB178229","Cl 22 # 5-15","Cundinamarca","4.607052,-74.069288","N"
"MULTIPAGAS","ACB197293","Av. Carrera 15 #78 33","Cundinamarca","4.665036,-74.05822","N"
"CONEXRED","ACB300682","Carrera  69  24c 78","Cundinamarca","4.656696,-74.10887","N"
"ACCIONES Y VALORES OFICINA EL LAGO","ACB063181","Kr 15 No 75 63 Lc 2","Cundinamarca","4.665107,-74.058266","N"
"EFECTY CALLE 72 - CRA 60","ACB277340","Cl 72 # 60 -36","Cundinamarca","4.6729,-74.079864","N"
"EFECTY C.C. PUERTA GRANDE CLL11","ACB154733","Cl 10 # 22 14 En 6 Lc C 132 B","Cundinamarca","4.606446,-74.089598","N"
"REDY MERCANTIL","ACB363250","Calle 19 No 7   44 Ed Covinoc P H","Cundinamarca","4.605801,-74.071811","N"
"EFECTY PENSILVANIA CR 32","ACB195147","Cr 32 N 7-96 Local 201","Cundinamarca","4.610132,-74.098359","N"
"EFECTY SANTA SOFIA CLL 80","ACB166789","Av Cl 80 # 24 75","Cundinamarca","4.669383,-74.063985","N"
"BANCAMIA PRIMERO DE MAYO","ACB062663","Transversal 78 H No 44 A  05 Sur","Cundinamarca","4.66274,-74.05496","N"
"EFECTY SERVIENTREGA COUNTRY II","ACB072848","Cl 79 # 15-22","Cundinamarca","4.665475,-74.057903","N"
"EFECTY SAN ANDRESITO SAN JOSE","ACB073047","Cr 20 # 10-10","Cundinamarca","4.605531,-74.087917","N"
"EFECTY SANTA LIBRADA IV.","ACB154689","Av Cr 1 # 75-53 Local 7","Cundinamarca","4.655696,-74.049676","N"
"EFECTY CENTRO NEGOCIOS AVENIDA COLON","ACB300978","Cl 13 # 15-61 Local A-142","Cundinamarca","4.604352,-74.080971","N"
"EFECTY SANTA LUCIA","ACB074060","Av Caracas Ak 14 # 48-58 Sur","Cundinamarca","4.60433,-74.079157","N"
"EFECTY CENTRO FRENTE CONTRALORIA","ACB076743","Cl 17 # 9-33 Local 2","Cundinamarca","4.604761,-74.074345","N"
"EFECTY OPORTO SALITRE_","ACB272884","Cr 68 C # 22 B-71 To 4 Lc 3","Cundinamarca","4.651736,-74.112329","N"
"EFECTY BARRIO JOTA VARGAS II","ACB173488","Cl 67b N. 65b-41","Cundinamarca","4.673046,-74.086829","N"
"EFECTY CC PLAZA ESPAÑA","ACB323319","Cr 19 # 10-85 Local 024 Cc Plaza España","Cundinamarca","4.604834,-74.086309","N"
"EFECTY","ACB352326","Calle 13  15   23","Cundinamarca","4.604193,-74.080782","N"
"EFECTY RICAURTE","ACB073234","Cr 28 # 8-06","Cundinamarca","4.607352,-74.094518","N"
"EFECTY MUNDO TECH","ACB154029","Cl 13 # 14-61","Cundinamarca","4.603974,-74.08053","N"
"EFECTY","ACB352403","Calle 13  65 18 Mall Plaza 65a","Cundinamarca","4.634987,-74.114848","N"
"EFECTY BOSQUE POPULAR CL 63","ACB166394","Cl 63 # 69 A-22","Cundinamarca","4.669078,-74.097979","N"
"EFECTY VOTO NACIONAL CLLE 11","ACB154634","Cl 11 # 17-35 Local 105 Voto Nacional","Cundinamarca","4.604085,-74.084237","N"
"EFECTY CENTRO COMERCIAL MONSERRATE CRA 7","ACB151015","Cr 7 # 18-42 Lc 110","Cundinamarca","4.604711,-74.071679","N"
"EFECTY SAN ANDRESITO CRA 23 II","ACB272664","Cr 23 # 8-82","Cundinamarca","4.60537,-74.09073","N"
"MULTIPAGAS","ACB271915","Carrera 21  9   05","Cundinamarca","4.604925,-74.089409","N"
"EFECTY CAMARA Y COMERCIO II","ACB277438","Cr 9 16 49","Cundinamarca","4.603975,-74.074536","N"
"EFECTY SAN ANDRESITO CLL 9","ACB177855","Cl 9 A # 19 A-21 Lc 105","Cundinamarca","4.604442,-74.087863","N"
"EFECTY CC MONSERRATE","ACB074136","Cl 19 # 5-93 Lc 250 A","Cundinamarca","4.604575,-74.07127","N"
"ACCIONES Y VALORES","ACB061343","Avenida Cl 19","Cundinamarca","4.604772,-74.070435","N"
"EFECTY PRIMAVERA OCCIDENTAL CL 3 B","ACB320415","Cr 41a # 5a-23","Cundinamarca","4.615977,-74.107085","N"
"GIROS Y FINANZAS C.C. PASAJE SANTANDER","ACB025978","Cr 7 # 1775 L-4","Cundinamarca","4.604156,-74.072152","N"
"EFECTY BARRIO GAITAN","ACB074697","Cr 54 # 78-21","Cundinamarca","4.674016,-74.072519","N"
"MULTIPAGAS","ACB271960","Carrera 65  11   50","Cundinamarca","4.631996,-74.115136","N"
"EFECTY C.C. ZONA IN","ACB190362","Cl 13 # 65-21","Cundinamarca","4.634837,-74.115591","N"
"MULTIPAGAS","ACB197095","Calle 17 # 68d-68","Cundinamarca","4.639893,-74.115855","N"
"EFECTY EXPRES DIMONEX SIMON BOLIVAR CR62","ACB301122","Cr 62 # 74-15","Cundinamarca","4.675007,-74.080277","N"
"REDY POLO","ACB363085","Carrera 24 No 82   64 Lc 04","Cundinamarca","4.670996,-74.063289","N"
"AYV REDY POLO","ACB067459","Carrera 24 No 82   64 Lc 04","Cundinamarca","4.670996,-74.063289","N"
"MULTIPAGAS","ACB271948","Carrera 21  8   42","Cundinamarca","4.604351,-74.089882","N"
"AYV PF VALKOR PUENTE ARANDA","ACB066809","Ac 13  No 65 21 Cc Centenario L B5","Cundinamarca","4.634212,-74.115808","N"
"GIROS Y FINANZAS C.C. PLAZA CENTRAL","ACB026232","Cr 65 # 11-50 Local 1-58","Cundinamarca","4.631953,-74.115554","N"
"CONEXRED","ACB303070","Carrera 5  79  05","Cundinamarca","4.660231,-74.050287","N"
"EFECTY EL NOGAL.","ACB152225","Cr 11 # 80-27","Cundinamarca","4.664614,-74.053794","N"
"AYV PF TERMINAL BOGOTA","ACB066821","Calle 22 C N 68 F 53 Modulo 4","Cundinamarca","4.652931,-74.113794","N"
"EFECTY SERVIENTREGA AV 6 DIREC GENERAL","ACB071748","Av 6 # 34a-45","Cundinamarca","4.610358,-74.10299","N"
"EFECTY","ACB358179","Cra 10 No 12 80","Cundinamarca","4.604364,-74.09226","N"
"EFECTY BOSQUE POPULAR CRA 69","ACB173576","Cr 69 Nº 64d-09","Cundinamarca","4.672731,-74.094672","N"
"EFECTY ALFONSO LOPEZ","ACB072518","Cl 94 Sur # 51-17","Cundinamarca","4.624577,-74.113918","N"
"EFECTY AV JIMENEZ CON 9","ACB073849","Ac 13 # 9-62 Lc 107","Cundinamarca","4.602321,-74.076018","N"
"CONEXRED","ACB303157","Carrera 24  2  297","Cundinamarca","4.604217,-74.092231","N"
"EFECTY PAGOS Y GIROS MUNDO MOVIL","ACB277362","Cl 15 # 8 A -27","Cundinamarca","4.602421,-74.074793","N"
"CONEXRED","ACB300132","Calle 74a 62 71","Cundinamarca","4.675936,-74.080538","N"
"EFECTY","ACB190340","Cl 5  53 B   18","Cundinamarca","4.621539,-74.112723","N"
"MULTIPAGAS","ACB198997","Carrera 13  11   32","Norte De Santander","4.60168,-74.079965","N"
"EFECTY","ACB273719","Carrera 31 C  5 B  28","Cundinamarca","4.607895,-74.100756","N"
"AYV PF TERMINAL DE TRASNPORTE","ACB065194","Calle 22c No 68f  53 Md 4 Zn Comun","Cundinamarca","4.653229,-74.114649","N"
"EFECTY PRIMAVERA III","ACB320624","Cr 41 A # 4 C-61","Cundinamarca","4.615216,-74.108951","N"
"EFECTY SAN FERNANDO CALLE 72","ACB177372","Cl 72 # 65b-70","Cundinamarca","4.676318,-74.084377","N"
"EFECTY","ACB358168","Calle 60 D Sur No 13a 28 Este","Cundinamarca","4.601386,-74.076941","N"
"EFECTY ESCUELA MILITAR CLL 80","ACB133745","Cl 80 # 38-00 Edif Centro Social 3r Piso","Cundinamarca","4.622909,-74.114173","N"
"EFECTY GUACAMAYAS CRA 2 B BIS SUR","ACB305632","Cr 2 B Bis C # 38-22 Sur","Cundinamarca","4.622909,-74.114173","N"
"EFECTY LA VICTORIA TRANVERSAL 3","ACB076402","Tv 3 Este # 43a Sur-30","Cundinamarca","4.622909,-74.114173","N"
"EFECTY BARRIO JAQUELINE","ACB190296","Cr 77 Z # 11 Cl 45 Sur","Cundinamarca","4.622909,-74.114173","N"
"EFECTY CHICO SUR CALLE 97","ACB178362","Av Ciu De Villavicencio # 5 Este 87f-09","Cundinamarca","4.622909,-74.114173","N"
"EFECTY FLORESTA AV 68","ACB169111","Av 68 # 98 A-79","Cundinamarca","4.622909,-74.114173","N"
"EFECTY CC DIVER PLAZA","ACB151554","Tv 99 # 70 A-89 C.c. Diver Plaza","Cundinamarca","4.622909,-74.114173","N"
"EFECTY SANTA LIBRADA CALLE 74 SUR","ACB305214","Cl 74 C Sur # 7 A- 50","Cundinamarca","4.622909,-74.114173","N"
"EFECTY DIMONEX KRA 80 SUR","ACB164259","Cr 80 # 78 B-10 Sur","Cundinamarca","4.622909,-74.114173","N"
"EFECTY SANTA HELENITA CR 80 CON 70","ACB160947","Cr 80 N. 70-90","Cundinamarca","4.622909,-74.114173","N"
"EFECTY CHARALA","ACB075061","Av Cr 5este Nº 93-19sur","Cundinamarca","4.622909,-74.114173","N"
"EFECTY SAN FERNANDO AV 68 II.","ACB190405","Av 68 # 56 B-22","Cundinamarca","4.622909,-74.114173","N"
"EFECTY PTO LIGERO TRANSMI PORTAL 170","ACB300648","Estacion De Trasmilenio Portal 170","Cundinamarca","4.622909,-74.114173","N"
"EFECTY BOCHICA SUR II","ACB190395","Cl 18 L # 5 C-18 Sur","Cundinamarca","4.622909,-74.114173","N"
"EFECTY EL TESORO","ACB169858","Dg 79 B # 18 G-12 Sur","Cundinamarca","4.622909,-74.114173","N"
"EFECTY CASA GRANDE","ACB076677","Av Cr 68 Sur 69 45 Mz 7 Interior 188","Cundinamarca","4.622909,-74.114173","N"
"EFECTY","ACB173444","Avenida Carrera 68 No 72 88","Cundinamarca","4.676449,-74.085098","N"
"EFECTY SAN VICTORINO CRA 10","ACB273247","Cl 12 # 10-69 Lc 79","Cundinamarca","4.601137,-74.078016","N"
"EFECTY","ACB352315","Avenida Caracas 10 22 Loc 101","Cundinamarca","4.601061,-74.081243","N"
"EFECTY VERAGUAS KRA 27","ACB151938","Av Cl 6 # 27-07","Cundinamarca","4.604419,-74.095694","N"
"EFECTY CALLE 53 CON 70_","ACB326059","Cl 53 # 70-18 Local 102","Cundinamarca","4.668526,-74.103967","N"
"EFECTY GALAN CARRERA 60","ACB073355","Cr 60 5c-47","Cundinamarca","4.627387,-74.116251","N"
"EFECTY ESTANZUELA CRA 17","ACB074004","Cr 17 # 8-18","Cundinamarca","4.601196,-74.085617","N"
"EFECTY C.C. MADRUGON CALLE 11","ACB130797","Cl 11 N. 11-19 L C6","Cundinamarca","4.600667,-74.07902","N"
"EFECTY CENTRO COMERCIAL PUERTO LOCURA","ACB166064","Cr 10 # 11-45","Cundinamarca","4.600698,-74.077831","N"
"CONEXRED","ACB309405","Carrera 18a Bis 73   32","Cundinamarca","4.601376,-74.087591","N"
"BANCAMIA CENTROBOGOTA","ACB062025","Cl 12b No 8  43","Cundinamarca","4.600744,-74.075559","N"
"EFECTY BOSQUE POPULAR.","ACB323342","Cl 63 C # 69p-14","Cundinamarca","4.672373,-74.099285","N"
"EFECTY","ACB352304","Av Caracas 9 48 Lc 117","Cundinamarca","4.600275,-74.082056","N"
"EFECTY","ACB162741","Carrera 8 12a 47","Cundinamarca","4.600396,-74.075234","N"
"MULTIPAGAS","ACB271805","Carrera 7 12b 27","Cundinamarca","4.600495,-74.074013","N"
"ACCIONES Y VALORES OFICINA AV JIMENEZ","ACB060100","Av Jimenez Calle 15","Cundinamarca","4.600788,-74.071776","N"
"EFECTY","ACB352436","Ac 24  69 D   65","Cundinamarca","4.657211,-74.114591","N"
"EFECTY CHICO CRA 15 CON 84","ACB300439","Cr 15 #84 A-54","Cundinamarca","4.669549,-74.055442","N"
"EFECTY SALAZAR GOMEZ CLLE 12 A","ACB177437","Cl 12 A # 67 A-05","Cundinamarca","4.635891,-74.119018","N"
"EFECTY SERVIENTREGA AV CL SEXTA CON 19","ACB072332","Av 6 # 19 A-46","Cundinamarca","4.601285,-74.090428","N"
"EFECTY NORMANDIA CLL 51 CON 70D","ACB278253","Cl 51 # 70 D- 16","Cundinamarca","4.667581,-74.106767","N"
"EFECTY JUZGADOS CRA 9","ACB272653","Cr 9 # 11-34 Loc 120","Cundinamarca","4.599687,-74.07682","N"
"EFECTY SAN FERNANDO CLL 76","ACB320680","Cl 76 # 65-29","Cundinamarca","4.678519,-74.081149","N"
"EFECTY POLO CLUB","ACB073058","Ak 24 # 86-43","Cundinamarca","4.674705,-74.062798","N"
"EFECTY CANDELARIA","ACB073575","Cr 5 # 12c-55","Cundinamarca","4.600271,-74.071735","N"
"MULTIPAGAS","ACB271850","Carrera 10  10   11","Cundinamarca","4.599435,-74.078385","N"
"EFECTY","ACB357826","Cra 19 D Sur 61 10","Cundinamarca","4.600403,-74.089328","N"
"A Y V PF OFICINA ANTIGUO COUNTRY","ACB064665","Kr 16 A No 85 21 Lc Edificio Cruz","Cundinamarca","4.670976,-74.056238","N"
"EFECTY CANDELARIA CENTRO CRA 7","ACB074192","Cr 7 # 12a-20 Local 16","Cundinamarca","4.599615,-74.07441","N"
"EFECTY SERVIENTREGA EXITO CALLE 80","ACB072189","Cr 59a # 79-30","Cundinamarca","4.678304,-74.073476","N"
"EFECTY C.C. OUTLET FACTORY","ACB170902","Cl 9 Av Americas # 62-84 Local 233 A","Cundinamarca","4.629017,-74.118605","N"
"EFECTY LA TRINIDAD CR 60","ACB272806","Cl 5a # 59-25","Cundinamarca","4.625479,-74.117521","N"
"EFECTY AC 6TA POLICIA","ACB272675","Cr 15a # 7-26","Cundinamarca","4.599468,-74.084989","N"
"EFECTY ESTANZUELA","ACB073223","Cr 18 # 6-75","Cundinamarca","4.599758,-74.087898","N"
"EFECTY PLAZA BOLIVAR","ACB073201","Cl 12 Bis # 6-91 Local","Cundinamarca","4.599154,-74.074557","N"
"EFECTY ESTANZUELA ESTACION CLL 6","ACB175831","Cr 15 # 7-09","Cundinamarca","4.598903,-74.08445","N"
"EFECTY GRAN CENTRO SAN VICTORINO","ACB073290","Cl 9 # 10-10 Lc 1282","Cundinamarca","4.598547,-74.07962","N"
"EFECTY DIMONEX CALLE 10","ACB325915","Cl 10 # 9-29","Cundinamarca","4.598456,-74.077724","N"
"EFECTY SIMON BOLIVAR II","ACB170946","Cr 64 # 79-35","Cundinamarca","4.679703,-74.078812","N"
"EFECTY REAL DE LA CANDELARIA II","ACB325926","Cl 12 # 6-45 Local 144 D","Cundinamarca","4.598677,-74.074189","N"
"EFECTY SANTA ISABEL CARRERA 27","ACB074675","Cr 27 # 4-36","Cundinamarca","4.602061,-74.09718","N"
"EFECTY C.C. METROPOLIS II","ACB326103","Ak 68 # 75a-50 Lc 161","Cundinamarca","4.6797,-74.082884","N"
"EFECTY DIMONEX CASTAÑO 69","ACB326071","Cl 71a # 68f-07","Cundinamarca","4.679133,-74.087907","N"
"EFECTY ESTACION COMUNEROS CLLE 3","ACB151422","Ac 3 # 30a-40 Santa Isabel","Cundinamarca","4.604189,-74.101748","N"
"EFECTY AV 68 ZONA INDUSTRIAL","ACB074938","Cr 68 # 10-42","Cundinamarca","4.632738,-74.120637","N"
"EFECTY NORMANDIA CRA 71 C","ACB326093","Cl 53 A # 71c-20 Local 4","Cundinamarca","4.671338,-74.105655","N"
"EFECTY ESTRADA IGLESIA.","ACB173521","Cr 69 I # 68-04","Cundinamarca","4.678422,-74.092977","N"
"EFECTY CC PORTON DE LA ESTRADA II","ACB277153","Av Cr 70 # 65 A-71 Local 113","Cundinamarca","4.677247,-74.096243","N"
"EFECTY BARCELONA","ACB176964","Av Cr 50 # 3-07","Cundinamarca","4.615657,-74.114608","N"
"GIROS Y FINANZAS C.C. METROPOLIS","ACB020863","Av. 68 75d -50 L- 118","Cundinamarca","4.680878,-74.082526","N"
"EFECTY JAZMIN","ACB076150","Cr 41 # 2f-40","Cundinamarca","4.612689,-74.112789","N"
"EFECTY","ACB326026","Calle 2g  40d   35","Cundinamarca","4.612646,-74.112774","N"
"EFECTY LA CABAÑA","ACB178450","Cr 71c # 63a-16 Local 2","Cundinamarca","4.674276,-74.10295","N"
"BANCAMIA GALAN","ACB062267","Kr 56 No 4a  39","Cundinamarca","4.621316,-74.118294","N"
"EFECTY GALAN TRINIDAD KRA 56","ACB073036","Cr 56 # 4-72","Cundinamarca","4.620927,-74.118453","N"
"EFECTY LAS FERIAS","ACB073081","Cr 68 H # 72-25","Cundinamarca","4.680741,-74.088144","N"
"EFECTY EDUARDO SANTOS DG 4A","ACB273434","Dg 4a # 18a-08","Cundinamarca","4.5974,-74.089589","N"
"EFECTY","ACB352294","Ac 3  20a   65 Lc 8","Cundinamarca","4.598064,-74.09312","N"
"EFECTY RED PLATINUM MONTEVIDEO","ACB273742","Cl 17 # 69 B-36","Cundinamarca","4.64563,-74.122916","N"
"EFECTY PRADERA CALLE 4D","ACB177459","Cl 4 D # 65 A-30","Cundinamarca","4.625726,-74.121443","N"
"EFECTY SERVIENTREGA TIMON","ACB072255","Cr 71 # 21-91","Cundinamarca","4.654692,-74.120714","N"
"EFECTY","ACB358191","Calle 58 Sur No78j 10","Cundinamarca","4.613632,-74.116157","N"
"EFECTY VERGEL CRA 24 II","ACB277285","Cr 24 # 2-19 Local 2","Cundinamarca","4.597537,-74.095599","N"
"EFECTY FERIAS CALLE 77","ACB165591","Cl 77 # 68 C-25","Cundinamarca","4.683188,-74.083339","N"
"EFECTY RIO NEGRO CRA 57 II.","ACB175787","Cl 92 # 57-37","Cundinamarca","4.680827,-74.065062","N"
"EFECTY","ACB352492","Avenida 68 80 77","Cundinamarca","4.683397,-74.079396","N"
"EFECTY GALAN MULTIPLAZA 56","ACB304071","Cr 56 # 2 B-83 Local 107","Cundinamarca","4.619387,-74.119968","N"
"GIROS Y FINANZAS JUMBO TITAN","ACB025495","Cr 72 # 8094 L. 1  23","Cundinamarca","4.694386,-74.086076","Y"
"CONEXRED","ACB273148","Carrera 65  58 03 Local 3 Barrio Madelen","Cundinamarca","4.683612,-74.076119","N"
"EFECTY EL ENCANTO","ACB135154","Cl 64 C # 72 A-19","Cundinamarca","4.677719,-74.102777","N"
"EFECTY POLICARPA","ACB072596","Cl 4 # 11a-06","Cundinamarca","4.59416,-74.083564","N"
"EFECTY BATALLON DE INFANTERIA","ACB277483","Cr 8 # 6c-25","Cundinamarca","4.59401,-74.079052","N"
"ACCIONES Y VALORES","ACB061628","Av Americas No 68a 94 Lc 0111d","Cundinamarca","4.629721,-74.124129","N"
"EFECTY BOCHICA CENTRAL","ACB168758","Cr 36 # 1 D-40","Cundinamarca","4.604796,-74.109373","N"
"EFECTY","ACB352469","Ac 93  49   36","Cundinamarca","4.681001,-74.062332","N"
"ACCIONES Y VALORES HOMECENTER CL 80","ACB060386","Av 68 Cl 80 Homecenter Primer Piso","Cundinamarca","4.68471,-74.078657","N"
"EXITO LA FELICIDAD","ACB065820","Ave Boyaca Con Calle 13 Esquina No","Cundinamarca","4.651582,-74.124151","N"
"CONEXRED","ACB279485","Avenida 53  73 A 78","Cundinamarca","4.674891,-74.108724","N"
"EFECTY SAN FERNANDO OCCIDENTAL","ACB173422","Cr 64 # 74-49 Lc 3","Cundinamarca","4.684265,-74.088013","N"
"EFECTY GALAN DG 2","ACB161267","Dg 2 # 66-86","Cundinamarca","4.623343,-74.123758","N"
"EFECTY NORMANDIA CLL 53 II","ACB277867","Cl 53 # 74 A-24","Cundinamarca","4.675292,-74.109149","N"
"EFECTY ALSACIA ATALANTA.","ACB152380","Cl 12 C # 71 C-31 Local 00","Cundinamarca","4.643473,-74.126524","N"
"EFECTY FERIAS PARQUE PRINCIPAL","ACB173455","Cr 69 H Nº 74b-95","Cundinamarca","4.685223,-74.086522","N"
"EFECTY AV ROJAS CL 72","ACB320657","Av Cr 70 # 72-29","Cundinamarca","4.684384,-74.091419","N"
"EFECTY MULTIPLAZA LA FELICIDAD","ACB192045","Cl 19 A # 72-57 Lc C-133","Cundinamarca","4.653211,-74.124884","N"
"EFECTY EXPRESS EFECTY CENTRO CALLE 6.","ACB320602","Cl 6 D # 3 A-08","Cundinamarca","4.592232,-74.074353","N"
"GIROS Y FINANZAS C.C. PLAZA LAS AMÉRICAS","ACB024890","Cr 71d # 6-94 Sur L-1917","Cundinamarca","4.618512,-74.135403","Y"
"EFECTY ENVIOS CALLE 9","ACB191770","Cl 9 D # 69 B-11 Local 1","Cundinamarca","4.635448,-74.127351","N"
"A Y V CC PLAZA DE LAS AMERICAS","ACB060605","Tv 71 D No 26  94 Sur Lc 3503 3er Piso","Cundinamarca","4.618481,-74.135796","Y"
"EFECTY GALAN ZAPATOCA II","ACB301155","Cr 56 # 2-51","Cundinamarca","4.616798,-74.12219","N"
"EFECTY MODELIA KRA 75","ACB151235","Cr 75 # 24 D 27","Cundinamarca","4.667789,-74.118006","N"
"EFECTY RIO NEGRO CRA 57 CON 94","ACB162718","Cr 57 # 94 B-51","Cundinamarca","4.684107,-74.064254","N"
"ACCIONES Y VALORES CAFAM LA FL","ACB060144","Cr 68f 96 50 Cc Cafam Floresta","Cundinamarca","4.686393,-74.074045","N"
"EFECTY","ACB320536","Calle 72 70 D 25 Local 103","Cundinamarca","4.685246,-74.092809","N"
"EFECTY EL REAL CALLE 64 F","ACB304082","Cl 64 F # 74 A-39","Cundinamarca","4.680365,-74.104439","N"
"EFECTY PONDEROSA","ACB272785","Cl 1 B # 52-45","Cundinamarca","4.610703,-74.118929","N"
"ACCIONES Y VALORES S A CSC","ACB060012","Cll 72 No 7 - 64","Cundinamarca","4.678014,-74.051638","N"
"EFECTY SAN BERNARDO CRA 11","ACB177745","Cr 11 # 1b-42","Cundinamarca","4.590965,-74.084863","N"
"EFECTY CIUDAD MONTES CARRERA 38","ACB173763","Cl 8 Sur # 38 B-11 Ciudad Montes","Cundinamarca","4.604772,-74.114111","N"
"EFECTY","ACB278880","Carrera 15 N  93a 15","Cundinamarca","4.678187,-74.051456","N"
"MULTIPAGAS","ACB271849","Calle 8 S  35   25","Cundinamarca","4.601324,-74.110402","N"
"EFECTY SANTA MATILDE","ACB072859","Cl 8 Sur # 31 A 52","Cundinamarca","4.599104,-74.107622","N"
"EFECTY LAS CRUCES","ACB178207","Cr 7 # 2-92","Cundinamarca","4.590406,-74.079706","N"
"EFECTY","ACB357871","Calle 95 49a 11","Cundinamarca","4.684281,-74.062023","N"
"ACCIONES Y VALORES","ACB060979","Oficina Chico","Cundinamarca","4.67844,-74.051233","N"
"ACCIONES Y VALORES S.A.","ACB060902","Cra 16 93 A 16 Pi 3","Cundinamarca","4.678991,-74.051779","N"
"AyV CC EL EDEN","ACB067097","Av Cra 72 No 12 B  48 L2 093c","Cundinamarca","4.646521,-74.128649","N"
"EFECTY","ACB352393","Av Americas 68a 78","Cundinamarca","4.630083,-74.128435","N"
"EFECTY RIONEGRO CRA 58","ACB276866","Cr 58 N. 97-47","Cundinamarca","4.685899,-74.064879","N"
"EFECTY SERVIENTREGA MODELIA","ACB072112","Cr 77a # 44a-07","Cundinamarca","4.673631,-74.115131","N"
"EFECTY MARSELLA II","ACB152159","Av Americas # 68 F-57 Local 104","Cundinamarca","4.629077,-74.128457","N"
"AyV PAGAFACIL CHICO 94","ACB368464","Cl 94  11a   50","Cundinamarca","4.678237,-74.049795","N"
"EFECTY MARSELLA ANTIGUA I","ACB304093","Cr 69c -7-14","Cundinamarca","4.631703,-74.129109","N"
"EFECTY CENTRO COMERCIAL BAZAR ALSACIA","ACB076073","Cl 12 B 71d 61 Local 106","Cundinamarca","4.645259,-74.129577","N"
"AYV REDY FLORESTA","ACB067570","Cra 67 A No 95 63","Cundinamarca","4.688334,-74.072243","N"
"REDY FLORESTA","ACB363117","Cra 67 A No 95   63","Cundinamarca","4.688334,-74.072243","N"
"EFECTY LA CONSOLACION CRA 74 A","ACB165997","Cr 74 A # 66 A-86","Cundinamarca","4.684501,-74.100632","N"
"EFECTY","ACB073421","Calle 57 A No 79 A  26","Cundinamarca","4.679288,-74.109603","N"
"EFECTY LAS GALIAS CALLE 80","ACB072475","Cr 69 H # 80-40 Local 3","Cundinamarca","4.688975,-74.081571","N"
"EFECTY SAN ANTONIO SUR","ACB075401","Cr 15 # 3-12 Sur","Cundinamarca","4.590584,-74.092867","N"
"EFECTY BONANZA AV CRA 70","ACB075962","Av Cr 70 # 75 81","Cundinamarca","4.68883,-74.088291","N"
"EFECTY KRA 52 TORRE MOLINOS","ACB178384","Cr 52 # 16-07 Sur Torre Molinos","Cundinamarca","4.609333,-74.120956","N"
"CONEXRED","ACB300154","Calle 98 68 74 Barrio Floresta","Cundinamarca","4.689304,-74.074647","N"
"ACCIONES Y VALORES PF OFICINA CHICO 94","ACB064786","Cra 13 94  26 Barrio Chico","Cundinamarca","4.678595,-74.04828","N"
"EFECTY VILLA LUZ","ACB072705","Cr 77 A # 64f-18","Cundinamarca","4.68242,-74.106507","N"
"GIROS Y FINANZAS C.C. CENTRO MAYOR","ACB025615","Cl 38a Sur # 34d51 L-1039 P-1 Entrada 1","Cundinamarca","4.592576,-74.123775","Y"
"EFECTY SEVILLA","ACB177723","Cl 3 Sur # 13-19","Cundinamarca","4.589031,-74.090799","N"
"EFECTY ACUARELA II","ACB304631","Cl 2 # 68f 20","Cundinamarca","4.622651,-74.128654","N"
"EFECTY RIONEGRO AVENIDA SUBA","ACB074390","Cr 60 # 99-05","Cundinamarca","4.688262,-74.065431","N"
"EFECTY MODELIA AV CALLE 24","ACB072969","Av Cl 24 # 81c-10","Cundinamarca","4.66867,-74.122004","N"
"EFECTY FLORESTA OULET CRA 69","ACB076336","Cl 98 # 68f-23","Cundinamarca","4.690491,-74.075923","N"
"CONEXRED","ACB322330","Carrera 79a  5  27","Cundinamarca","4.690665,-74.085798","N"
"EFECTY LA IGUALDAD","ACB074950","Cl 1 Sur # 68 D 40 Sur","Cundinamarca","4.621211,-74.12895","N"
"CONEXRED","ACB193673","Kr 77 A  68 21 Brr Villa Luz","Cundinamarca","4.685848,-74.102699","N"
"EFECTY RESTREPO OCCIDENTAL TVR 24","ACB177976","Tv 24 I # 14-54 Sur Restrepo Occidental","Cundinamarca","4.592617,-74.103955","N"
"EFECTY LA FRAGUA CR 29","ACB164930","Cr 29 C # 16-28 Sur","Cundinamarca","4.595122,-74.108674","N"
"EFECTY EXPRESS MASTER CENTER AV CL 100","ACB274303","Cl 100 # 60-04 Lc 105","Cundinamarca","4.689501,-74.06583","N"
"EFECTY PUNTO MOVIL BOGOTA II","ACB074972","Cl 96 # 12-55","Cundinamarca","4.680405,-74.047539","N"
"EFECTY DIRECCION GENERAL EFECTY","ACB072190","Cl 96 # 12-55","Cundinamarca","4.680405,-74.047539","N"
"EFECTY SANTA MARIA DEL LAGO","ACB307139","Cr 73 A # 72-21","Cundinamarca","4.688892,-74.096537","N"
"EFECTY BONANZA II CL 75","ACB323715","Cl 75 # 71 D-10","Cundinamarca","4.690502,-74.091971","N"
"EFECTY HOSPITAL DE LA SAMARITANA CRA 8","ACB178119","Cr 8 # 1 A 09 Sur","Cundinamarca","4.586122,-74.084146","N"
"EFECTY EXPRESS CR 77 STA HELENITA","ACB301111","Cr 77 Bis # 69 A-10","Cundinamarca","4.687615,-74.101817","N"
"EFECTY SAN MARCOS CRA 77A","ACB173653","Cr 77 A # 68 B-60","Cundinamarca","4.687608,-74.102435","N"
"CONEXRED","ACB300769","Calle 23b  82  51 Barrio Modelia","Cundinamarca","4.667321,-74.125592","N"
"GIROS Y FINANZAS CHICÓ","ACB020027","Cr 15 # 97-66","Cundinamarca","4.682886,-74.048767","N"
"CONEXRED","ACB157077","Ac 100 19  61 Of 901 Barrio Chico","Cundinamarca","4.685794,-74.052917","N"
"CONEXRED","ACB303289","Carrera 77a  69a58","Cundinamarca","4.688452,-74.101843","N"
"EFECTY SERVIENTREGA DORADO PLAZA II","ACB352458","Cr 85c # 25f-33","Cundinamarca","4.674991,-74.1204","N"
"CONEXRED","ACB303278","Calle 24f  85b24","Cundinamarca","4.673408,-74.121854","N"
"EFECTY","ACB352502","Calle 98  17 A   31","Cundinamarca","4.684511,-74.050365","N"
"EFECTY MILENTA","ACB075380","Ak 68 # 18 Sur-26","Cundinamarca","4.6134,-74.127979","N"
"MULTIPAGAS","ACB197017","Av. Calle 26 # 85d-21","Cundinamarca","4.677109,-74.11876","N"
"ACCIONES Y VALORES HOMECENTER EL DORADO","ACB060364","Cl 50 No 82 55","Cundinamarca","4.678563,-74.117322","N"
"EFECTY CENTRO COMERCIAL DORADO PLAZA","ACB151972","Cl 26 # 85 D-55","Cundinamarca","4.675591,-74.120334","N"
"AyV REDY PUENTE LARGO","ACB067361","Av Suba No 104   07","Cundinamarca","4.691883,-74.066455","N"
"REDY PUENTE LARGO","ACB362996","Av Suba Ak 64 No 104   07","Cundinamarca","4.692033,-74.066754","N"
"EFECTY SENA CARRERA 30","ACB074653","Cl 20 Sur # 29c-83","Cundinamarca","4.594508,-74.111933","N"
"EFECTY SANTA HELENITA CR 80","ACB073179","Av Cl 68  76 19","Cundinamarca","4.690372,-74.099233","N"
"EFECTY PASADENA II","ACB076413","Cr 53 # 102 A 82","Cundinamarca","4.691301,-74.062592","N"
"EFECTY SAN EUSEBIO CARRERA 52","ACB191385","Cr 52 # 22-30 Sur","Cundinamarca","4.606659,-74.124731","N"
"EFECTY CENTRO EMPRESARIAL PONTEVEDRA","ACB320460","Cl 98 # 70-91 Local 26","Cundinamarca","4.694224,-74.078528","N"
"CONEXRED","ACB300143","Carrera 2 87 C 91  Sur Barrio Chico Sur","Cundinamarca","4.584014,-74.085876","N"
"EFECTY BONANZA CL. 79 B","ACB304400","Cl 79 B # 71-04","Cundinamarca","4.6939,-74.088062","N"
"EFECTY LOS LACHES","ACB175798","Dg 3 C # 8-69 Este","Cundinamarca","4.584806,-74.067851","N"
"EFECTY GLORIETA CLL 100","ACB177657","Cl 100 # 14-63 Local 107","Cundinamarca","4.684363,-74.047599","N"
"EFECTY EL TRIUNFO CLLE 1 A","ACB178285","Cl 1 A Bis A # 2 A-35","Cundinamarca","4.583353,-74.077822","N"
"EFECTY CLINICA OCCIDENTE KRA 71 B","ACB163599","Av Americas # 71 B-11 Lc 1","Cundinamarca","4.629502,-74.135018","N"
"EFECTY","ACB352283","Calle 15 Sur 18 40","Cundinamarca","4.586836,-74.099812","N"
"EFECTY RESTREPO CALLE 15","ACB074608","Cl 15 Sur # 18-63","Cundinamarca","4.586891,-74.100049","N"
"RESTREPO CENTRO","ACB065710","Calle 15 1760","Cundinamarca","4.586438,-74.099379","N"
"EFECTY CENTRO COMERCIAL PUENTE LARGO II","ACB171826","Tv 59 # 106-21 Local 25","Cundinamarca","4.693599,-74.066605","N"
"MULTIPAGAS","ACB271926","Carrera 72  80   94","Cundinamarca","4.694851,-74.086393","N"
"EFECTY","ACB352481","Calle 100  11 B   27 Piso 2","Cundinamarca","4.683179,-74.045018","N"
"EFECTY RESTREPO CRA 27 CON 17 B","ACB195565","Cr 27 # 17 B 74 Sur","Cundinamarca","4.590117,-74.107908","N"
"AyV CC HAYUELOS","ACB066920","Calle 20 No 82 52 Lc 151","Cundinamarca","4.663115,-74.131011","N"
"CONEXRED","ACB324299","Calle 11a  72a  76","Cundinamarca","4.643226,-74.136318","N"
"BANCAMIA SANTA HELENITA","ACB062838","Av Cl 72 No 77a 56","Cundinamarca","4.691588,-74.100372","N"
"EFECTY","ACB352447","Calle 20 82   52 Local 164 B","Cundinamarca","4.663164,-74.13106","N"
"BANCAMIA EL TEJAR","ACB062168","Cl 27 Sur No 52a 09","Cundinamarca","4.606213,-74.126596","N"
"EFECTY CASTILLA BAVARIA II","ACB274677","Av Boyaca # 8-47","Cundinamarca","4.637092,-74.137023","N"
"EFECTY TEJAR","ACB072507","Cl 27 Sur # 52 50 Local 5","Cundinamarca","4.606066,-74.12657","N"
"EFECTY VILLA ALSACIA II","ACB152335","Cl 11 A # 73 A-41","Cundinamarca","4.643729,-74.137057","N"
"ACCIONES Y VALORES OLIMPICA RESTREPO","ACB060210","Cl 16 Sur No 16 43","Cundinamarca","4.585104,-74.0991","N"
"EFECTY EXPRESS EFECTY SANTA HELENITA","ACB320613","Cr 80 #71a-23 Lc1","Cundinamarca","4.691693,-74.102246","N"
"CONEXRED","ACB198788","Cl 17 21 52 Brr Topacio","Atlantico","4.686479,-74.047889","N"
"EFECTY","ACB352513","Carrera 15  100   69 Local 3","Cundinamarca","4.686472,-74.047852","N"
"EFECTY RESTREPO CLL 17 SUR","ACB274271","Cl 17 Sur 17-44 Lc 8-9","Cundinamarca","4.585333,-74.100444","N"
"GIROS Y FINANZAS RESTREPO","ACB020160","Cr 24 18-11 Sur L-201 C.c. El Portal","Cundinamarca","4.586356,-74.103005","N"
"EFECTY NARIÑO SUR","ACB073092","Cr 8 # 8-34 Sur","Cundinamarca","4.581897,-74.086951","N"
"CONEXRED","ACB279595","Calle 9 Sur  8 07 Barrio Narino Sur","Cundinamarca","4.581711,-74.087563","N"
"CONEXRED","ACB278967","Carrera 9 26 33 Local 04 Chuchurubi","Cundinamarca","4.69368,-74.098794","N"
"EFECTY","ACB355538","Cl 102 A  70 B   37","Cundinamarca","4.696666,-74.074904","N"
"GIROS Y FINANZAS C.C. NIZA","ACB020159","Av. Cl. 127 # 60-92 L-66","Cundinamarca","4.711142,-74.073648","Y"
"EFECTY STA ROSA NORTE","ACB324617","Cl 102 A # 70b-49","Cundinamarca","4.696745,-74.074904","N"
"MULTIPAGAS","ACB197820","Cra 86 42b Sur 51","Cundinamarca","4.662722,-74.133144","N"
"ACCIONES Y VALORES CARULLA NIZ","ACB061529","Cll 127 No 60 - 74 P.1 Int Car","Cundinamarca","4.711492,-74.073204","Y"
"EFECTY RESTREPO COLSUBSIDIO II","ACB177569","Cl 19 Sur # 24-05","Cundinamarca","4.585768,-74.10364","N"
"EFECTY CENTENARIO II","ACB178076","Cr 27 # 23-16 Sur","Cundinamarca","4.588601,-74.109443","N"
"CONEXRED","ACB303915","Carrera 7  8  105","Cundinamarca","4.580898,-74.085689","N"
"EFECTY AV CARACAS CALLE 17 SUR","ACB170528","Cl 17 Sur # 14-20","Cundinamarca","4.583664,-74.098883","N"
"EFECTY LA PROMESA","ACB274293","Cl 13 A # 80 C 27","Cundinamarca","4.651934,-74.1375","N"
"EFECTY TECHO ESTADIO","ACB152171","Cr 71 D # 2-65 Local 2","Cundinamarca","4.623986,-74.137022","N"
"EFECTY EXPRESS EFECTY TORRE CAMPO","ACB305445","Cl 65 B # 86-86","Cundinamarca","4.689321,-74.11059","N"
"EFECTY SANTA RITA CRA 50 SUR","ACB177800","Av Cr 50 # 31-96 Sur Local 3","Cundinamarca","4.599248,-74.123697","N"
"EFECTY CASTILLA II.","ACB279100","Cl 9 # 75-02","Cundinamarca","4.641114,-74.139156","N"
"CONEXRED","ACB322329","Carrera 30  30  66","Cundinamarca","4.592048,-74.116028","N"
"REDY SANTA HELENITA","ACB363261","Calle 72 No 81 A   06","Cundinamarca","4.693555,-74.102905","N"
"CONEXRED","ACB300033","Calle 15a 81d 8","Cundinamarca","4.655269,-74.137114","N"
"EFECTY SAN NICOLAS CLL 116 II","ACB194827","Dg 115 A # 70 D-88 Lc 3","Cundinamarca","4.69808,-74.074767","N"
"EFECTY FLORALIA CRA 68 G","ACB175897","Cr 68 G Bis # 28-12 Sur","Cundinamarca","4.610752,-74.132374","N"
"EFECTY ALCALA II","ACB320646","Cl 33 Sur # 51 A 83","Cundinamarca","4.601706,-74.126356","N"
"GIROS Y FINANZAS C.C. UNICENTRO","ACB025572","Av. Cr 15 124-30 L-2-138 Piso 2","Cundinamarca","4.702674,-74.041456","Y"
"EFECTY","ACB354186","Calle 17 Sur No 12a 28","Cundinamarca","4.581441,-74.095992","N"
"EFECTY CIUDAD JARDIN CALLE 17 SUR","ACB325883","Cl 17 Sur # 12a-28","Cundinamarca","4.581442,-74.096124","N"
"EFECTY OXXO AV EL DORADO CON 92","ACB139202","Av El Dorado # 92-32","Cundinamarca","4.682596,-74.121391","N"
"EFECTY","ACB352470","Calle 26  92   32   21 Local G12   03","Cundinamarca","4.682397,-74.121624","N"
"EFECTY SAN JAVIER","ACB178296","Cr 7 # 10-42 Sur","Cundinamarca","4.579182,-74.086409","N"
"EFECTY ANDALUCIA","ACB072804","Cr 81c # 13a-55","Cundinamarca","4.653136,-74.138616","N"
"EFECTY PLAZA DE LAS AMERICAS","ACB072970","Cl 8 Sur # 71 B 31 Entrada 5","Cundinamarca","4.617504,-74.136425","N"
"CONEXRED","ACB198557","Cl 28 Sur   01 03 Brr Cordoba","Cundinamarca","4.587615,-74.111906","N"
"EFECTY AV PRIMERA DE MAYO 69","ACB176766","Av Primera Mayo # 69-39","Cundinamarca","4.61295,-74.134765","N"
"EFECTY SUBA II TV 60","ACB305829","Tv 60# 115-20 Lc21","Cundinamarca","4.69869,-74.069428","N"
"EFECTY PLAZA DE LAS AMERICAS","ACB300527","Cr 71 D # 6-94 Sur","Cundinamarca","4.618196,-74.137221","N"
"MULTIPAGAS","ACB271937","Avenida El Dorado  92   32","Cundinamarca","4.684337,-74.120562","N"
"EXITO CASTILLA","ACB065721","Carrera 77 No 8a 95","Cundinamarca","4.640298,-74.141001","N"
"EFECTY RESTREPO CRA. 17.","ACB133459","Av Primero De Mayo # 18 Sur-08","Cundinamarca","4.582811,-74.103636","N"
"EFECTY LA PALESTINA II","ACB304192","Tv 77 #80 -14","Cundinamarca","4.698347,-74.093893","N"
"EFECTY CENTENARIO CALLE 29 SUR","ACB302826","Cl 29 # 26 B-09 Sur","Cundinamarca","4.587762,-74.113265","N"
"EFECTY CAMARA Y COMERCIO SINALOA","ACB325960","Cr 68a # 33- 30 Sur","Cundinamarca","4.606533,-74.13206","N"
"EFECTY","ACB165117","Calle 10 79 7 To 3 Lc 2","Cundinamarca","4.64338,-74.141374","N"
"CONEXRED","ACB307315","Carrera  93 22 24","Cundinamarca","4.669708,-74.133325","N"
"EFECTY LAGOS DE CASTILLA CR 80","ACB171804","Cr 80 # 10 D-61","Cundinamarca","4.646835,-74.141125","N"
"EFECTY","ACB357860","Carrera 81 75b 21","Cundinamarca","4.697414,-74.099608","N"
"EFECTY AMERICAS OCCIDENTAL III","ACB150508","Cl 3 # 72 C-13","Cundinamarca","4.625955,-74.140494","N"
"BANCAMIA RESTREPO","ACB062728","Avenidanqs 1 16 54","Cundinamarca","4.58076,-74.10156","N"
"EFECTY FLORIDA BLANCA CR 89","ACB173730","Cl 68 A N. 89-39","Cundinamarca","4.692872,-74.111162","N"
"EFECTY OLAYA CRA. 24","ACB173729","Cr 24 # 27-13 Sur","Cundinamarca","4.584388,-74.109981","N"
"EFECTY ALQUERIA CRA 52 C SUR","ACB325948","Cr 52c # 37a-16 Sur","Cundinamarca","4.60306,-74.131017","N"
"EFECTY FUNDACION MUJERES DE EXITO II","ACB177921","Av Cl 22 Sur # 12 H -55","Cundinamarca","4.580503,-74.101707","N"
"EFECTY SERVIENTREGA AVENIDA 15","ACB072222","Av 15 # 106-51","Cundinamarca","4.691251,-74.04562","N"
"CONEXRED","ACB272741","Ac 24  95 A 80 Lc 13 Brr Capellania","Cundinamarca","4.677496,-74.129266","N"
"EFECTY FLORALIA CALLE 34 SUR","ACB277515","Cl 34 Sur # 68 I 07","Cundinamarca","4.609767,-74.135566","N"
"EFECTY","ACB357859","Calle 11 Sur 2  11 Local 3","Cundinamarca","4.575916,-74.083506","N"
"EFECTY CONDADO DE CASTILLA","ACB073487","Cl 7 A Bis C # 78-41","Cundinamarca","4.636443,-74.143424","N"
"ACCIONES Y VALORES EXITO CC CENTRO MAYOR","ACB061541","Au Sur No Cl 38a Sur 07 Ent 2 Del Cc","Cundinamarca","4.593162,-74.123848","N"
"EFECTY KENNEDY CERVANTES","ACB156218","Av Primera De Mayo # 72-64 Sur","Cundinamarca","4.61907,-74.140396","N"
"EFECTY CARREFOUR ALQUERIA","ACB074620","Ak 68 # 38 Sur-87","Cundinamarca","4.603565,-74.132823","N"
"ACCIONES Y VALORES CARULLA ALHAMBRA","ACB063170","Kr 47 No114a 28 Lc 0206","Cundinamarca","4.698809,-74.057129","N"
"EFECTY","ACB272840","Calle 116  53   43","Cundinamarca","4.700685,-74.062726","N"
"EFECTY SOCIEGO SUR - COMPENSAR CRA 10","ACB191527","Av Primera De Mayo # 10-73 Local 1","Cundinamarca","4.576189,-74.095404","N"
"EFECTY OLAYA CRA 19 II SUR","ACB277164","Cr 19 C # 27-82 Sur","Cundinamarca","4.580706,-74.108254","N"
"AYV PF CENTRO MAYOR","ACB067536","Calle 38a N 34d   51 Sur","Cundinamarca","4.591737,-74.124857","N"
"CONEXRED","ACB279517","Calle 7 A Bis C  79 21 Barrio Castilla","Cundinamarca","4.638106,-74.145445","N"
"EFECTY CINCO DE NOVIEMBRE","ACB178559","Cl 39 C Sur # 39 A-58","Cundinamarca","4.592648,-74.126129","N"
"EFECTY","ACB358201","Calle 2b Bis No 53c 10","Cundinamarca","4.695878,-74.112293","N"
"EFECTY BANDERAS III","ACB302761","Av Cl 6 # 78-47","Cundinamarca","4.630898,-74.145084","N"
"EFECTY CASTILLA KRA 80","ACB160376","Ak 80 # 7 F-14","Cundinamarca","4.640287,-74.145687","N"
"DON PAGO","ACB322253","Cr 10  30 B 20   Sur","Cundinamarca","4.574758,-74.093196","N"
"EFECTY","ACB357903","Cra 96 G Bis 23g  37","Cundinamarca","4.677297,-74.133483","N"
"EFECTY CARVAJAL BOYACA","ACB074411","Cr 69b # 37b-05 Sur","Cundinamarca","4.611764,-74.140035","N"
"EFECTY SAN JOSE CRA 12 I","ACB194443","Cr 12 D Bis # 24-79 Sur","Cundinamarca","4.576937,-74.102111","N"
"EFECTY PARIS AV CALI 1","ACB320668","Av Ciudad De Cali # 77 A 12","Cundinamarca","4.700995,-74.102551","N"
"EFECTY SAN LUIS CRA 6","ACB320448","Cr 6 Este # 98-36","Cundinamarca","4.669612,-74.021253","N"
"EFECTY CARVAJAL CALLE 37","ACB161322","Cr 68 M # 37 D-12 Sur","Cundinamarca","4.60847,-74.139036","N"
"EFECTY","ACB173642","Av Ciudad De Cali  77 A   12","Cundinamarca","4.701732,-74.101936","N"
"EFECTY VILLA MAYOR II","ACB322824","Dg 40 Sur # 34 A-03","Cundinamarca","4.590405,-74.125438","N"
"EFECTY ALQUERIA CARRERA 68 D SUR_","ACB272938","Cr 68 D # 38-13 Sur","Cundinamarca","4.603433,-74.136462","N"
"CONEXRED","ACB279463","Carrera 75  24b 22","Cundinamarca","4.625839,-74.145533","N"
"EFECTY PEPE SIERRA - CARRULLA VIVERO","ACB073322","Cl 114 # 16-32","Cundinamarca","4.696429,-74.045682","N"
"EFECTY COUNTRY CALLE 27 SUR 12 G","ACB277757","Cl 27 Sur # 12 G-51","Cundinamarca","4.576561,-74.103933","N"
"EFECTY ESPAÑOLA II TV 76","ACB305467","Tv 76 # 83 A -23","Cundinamarca","4.704741,-74.092435","N"
"EFECTY","ACB357848","Diagonal 100 03 03","Cundinamarca","4.670476,-74.020635","N"
"EFECTY","ACB352535","Ac 26  103   22 In 12 En 2","Cundinamarca","4.689451,-74.124272","N"
"EFECTY","ACB352524","Av El Dorado 103 22 Entrada 2 Int 12","Cundinamarca","4.689451,-74.124273","N"
"CONEXRED","ACB193552","Kr 97  23 G   95 Brr Fontibon Arabia","Cundinamarca","4.678991,-74.134161","N"
"EFECTY COLSUBSIDIO QUIROGA II","ACB272828","Cr 23 C # 32-47 Sur","Cundinamarca","4.581671,-74.115432","N"
"EFECTY 20 DE JULIO EXITO","ACB074213","Cl 20 N # 5a-18 Sur","Cundinamarca","4.572506,-74.091197","N"
"EFECTY FONTIBON SAN JOSE II","ACB177404","Cl 25 D # 97-57 Lc 2","Cundinamarca","4.684637,-74.129966","N"
"ACCIONES Y VALORES EXITO 20 DE JULIO","ACB060111","Cl 21 No 5 A 34 Sur Exito 20 De Julio","Cundinamarca","4.572385,-74.091577","N"
"EFECTY EXPRESS EFECTY EL RINCON SANTO","ACB308174","Cr 97 # 23 F-04 Lc 1","Cundinamarca","4.678073,-74.135288","N"
"EFECTY EXPRESS EFECTY CALLE 27 SUR","ACB323100","Cl 27 Sur # 12-30","Cundinamarca","4.574734,-74.10137","N"
"EFECTY SAN CRISTOBAL II","ACB166701","Cl 13 Sur # 10 C-84 Este","Cundinamarca","4.571209,-74.078918","N"
"EFECTY CARVAJAL CLLE 37 SUR","ACB152807","Cl 37 # 72 L-96 Sur","Cundinamarca","4.61583,-74.143893","N"
"EFECTY VALLADOLID II","ACB129863","Cl 8 B # 82-04","Cundinamarca","4.645793,-74.147844","N"
"EFECTY CRA 8 SUR","ACB277043","Cr 8 # 22-68 Sur","Cundinamarca","4.572519,-74.094598","N"
"EFECTY LA ALQUERIA CALLE 42 SUR","ACB150740","Cl 42 Sur # 52 A-14 Alqueria","Cundinamarca","4.597242,-74.133968","N"
"EFECTY QUIROGA CRA 24 SUR-","ACB277186","Cr 24 # 33-98 Sur","Cundinamarca","4.58194,-74.117452","N"
"EFECTY FONTIBON OVIEDO","ACB155976","Cr 97 # 22 K-06","Cundinamarca","4.676656,-74.13728","N"
"EFECTY LA ESPAÑOLA DIAG 84A","ACB173554","Dg 84a # 77-81","Cundinamarca","4.705931,-74.094664","N"
"EFECTY HOSPITAL SAN BLAS","ACB320514","Cl 19 Sur # 10-08 Este","Cundinamarca","4.570387,-74.082209","N"
"EFECTY BANDERAS CHICO","ACB320437","Cl 6b # 79-14","Cundinamarca","4.634313,-74.148634","N"
"EFECTY SOCIEGO KRA 27 SUR","ACB169090","Cl 27 Sur # 10 B-06","Cundinamarca","4.572968,-74.098967","N"
"EFECTY KENNEDY LEY I","ACB166349","Cl 26 Sur # 78 -27","Cundinamarca","4.624821,-74.147369","N"
"EFECTY C.C. CARAVANA","ACB325993","Cr 72h # 38-39 Sur","Cundinamarca","4.610144,-74.142501","N"
"EFECTY FONTIBON CR 100","ACB074729","Cr 100 # 23h-83 Local 104","Cundinamarca","4.681174,-74.134544","N"
"EFECTY CALLE 22 A SUR","ACB301034","Cl 22 A Sur # 3-52","Cundinamarca","4.570806,-74.089865","N"
"MULTIPAGAS","ACB303696","Av  Calle 80  82a   44","Cundinamarca","4.70397,-74.10315","N"
"CONEXRED","ACB320228","Transversal 79a  84a  12","Cundinamarca","4.706358,-74.09491","N"
"EFECTY SERVIENTREGA NIZA","ACB071946","Av Suba # 123-03","Cundinamarca","4.70767,-74.071598","N"
"ACCIONES Y VALORES","ACB061684","Exito Cl 134","Cundinamarca","4.712328,-74.033895","Y"
"REDY 20 DE JULIO","ACB363283","Carrera 7 No 24   22 Sur","Cundinamarca","4.571132,-74.094017","N"
"EFECTY LA FLORENCIA CRA 92 A","ACB326147","Cr 92 A # 73a -96 Local 1","Cundinamarca","4.701883,-74.109359","N"
"MULTIPAGAS","ACB303706","Cra 78b 33 A 26 Sur","Cundinamarca","4.624805,-74.148115","N"
"MULTIPAGAS","ACB196500","Carrera 78b # 33a - 26 Sur","Cundinamarca","4.624741,-74.148137","N"
"EFECTY 20 DE JULIO CALLE 27 SUR","ACB325872","Cl 27 # 9-28 Sur","Cundinamarca","4.57167,-74.097326","N"
"CONEXRED","ACB198492","Cll 19 Sur   10b  37 Este","Cundinamarca","4.569469,-74.081173","N"
"EFECTY","ACB357947","Calle 22 97 41","Cundinamarca","4.675022,-74.139631","N"
"CONEXRED","ACB303102","Carrera 6 24a Sur 36","Cundinamarca","4.570708,-74.093569","N"
"ACCIONES Y VALORES KENNEDY AV PRINCIPAL","ACB063158","Cr 78b No 33a 30 Sur Piso 2","Cundinamarca","4.624768,-74.148333","N"
"EFECTY","ACB358014","Calle 76a  90 86","Cundinamarca","4.703962,-74.105745","N"
"EFECTY","ACB352359","Carrera 73  37   10 Sur","Cundinamarca","4.617251,-74.146646","N"
"EFECTY CARVAJAL CALLE 36 II","ACB300956","Cl 38 Sur 72 P -54","Cundinamarca","4.615648,-74.146438","N"
"GIROS Y FINANZAS C.C. DIVER PLAZA","ACB026034","Trans. 99 # 70a89 L-2254","Cundinamarca","4.700497,-74.114368","N"
"GIROS Y FINANZAS SANTA BARBARA-MOVISTAR","ACB020391","Av. Cr 7 # 116-50 L-101 Int.movistar","Cundinamarca","4.695429,-74.037609","N"
"EFECTY AV CARACAS CRA 18 SUR","ACB177624","Cr 18 # 32-43 Sur","Cundinamarca","4.577152,-74.114125","N"
"EFECTY KENNEDY CALLE 36 SUR","ACB151840","Cl 36 Sur # 74-11","Cundinamarca","4.621184,-74.148751","N"
"EFECTY INGLES CALLE 41 CON 25 B SUR","ACB325894","Cl 41 Sur # 25b-26","Cundinamarca","4.582505,-74.123153","N"
"EFECTY GUSTAVO RESTREPO","ACB190317","Cl 31 F # 12 K-32 Sur","Cundinamarca","4.574273,-74.109357","N"
"EFECTY SANTA ROSITA CALLE 75","ACB274358","Cl 75 # 94-31","Cundinamarca","4.703423,-74.110149","N"
"EFECTY LOS CEREZOS","ACB173620","Cl 86 # 87-05","Cundinamarca","4.707824,-74.098521","N"
"ACCIONES Y VALORES EXITO ALAMOS","ACB065435","Tr 96 70a 85 Lc 0207 Interior Exito","Cundinamarca","4.700947,-74.115407","N"
"EFECTY QUINTA CAMACHO CALLE 72","ACB326817","Cr 73d N.37-19 Sur","Cundinamarca","4.619607,-74.148858","N"
"CONEXRED","ACB198481","Cra 10b Este    21 70 Sur Brr San Blas","Cundinamarca","4.567644,-74.083298","N"
"EFECTY","ACB355165","Cra 73d 37 19 Sur","Cundinamarca","4.619361,-74.149042","N"
"EFECTY QUIROGA KRA 21","ACB178009","Cr 21 # 36-10 Sur","Cundinamarca","4.578241,-74.118072","N"
"BANCAMIA KENNEDY","ACB062344","Calle 36s 78a 28","Cundinamarca","4.622611,-74.149932","N"
"GIROS Y FINANZAS METRO 20 DE JULIO","ACB024812","Cr 10 # 30b-20 Sur Piso 2","Cundinamarca","4.569964,-74.099319","N"
"EFECTY 20 DE JULIO IGLESIA","ACB076138","Cr 5 A # 27-18 Sur","Cundinamarca","4.568728,-74.094677","N"
"EFECTY SERVICIOS POSTALES AMAYA","ACB273720","Cr 100 # 21-30 Piso 2","Cundinamarca","4.676242,-74.141514","N"
"EFECTY TIERRA GRATA CL 68 B","ACB162905","Cl 68 B # 99-63","Cundinamarca","4.698743,-74.120133","N"
"EFECTY FONTIBON VERACRUZ CALLE 23 B","ACB274259","Cr 103 Bis # 23 B 58 Local 1","Cundinamarca","4.681253,-74.138395","N"
"EFECTY CARIMAGUA","ACB076765","Cl 39 Bis 72k 10 Sur","Cundinamarca","4.610955,-74.146576","N"
"EFECTY OLIMPICA KENNEDY I","ACB130193","Cr 74 # 38-10 Sur","Cundinamarca","4.619778,-74.149824","N"
"GIROS Y FINANZAS SANTA BARBARA MOVISTAR","ACB026209","Av Cr 7 No 116 50 Local 101","Cundinamarca","4.694238,-74.033093","N"
"EFECTY C.C. NIZA AV CLL 127","ACB300538","Av Cl 127 # 60-24 L 5","Cundinamarca","4.71103,-74.073339","N"
"ACCIONES Y VALORES SURTIMAX FO","ACB060090","Cl 18 No 99 41","Cundinamarca","4.673845,-74.143556","N"
"EFECTY EXPRESS DIMONEX LOS CEREZOS","ACB301090","Cl 87 # 87 A -31","Cundinamarca","4.709088,-74.098043","N"
"EFECTY","ACB357936","Calle 6 C 7a 45","Cundinamarca","4.641149,-74.15262","N"
"EFECTY PIO XII CRA 80 C","ACB175929","Cl 6 Bis # 80 C-73 Local 1","Cundinamarca","4.636407,-74.152623","N"
"EFECTY SAN BLAS CARRERA 10 ESTE","ACB168198","Cr 10 B Este # 24 Sur-42","Cundinamarca","4.566506,-74.083291","N"
"MULTIPAGAS","ACB198690","Calle 26 103-9","Cundinamarca","4.68896,-74.132838","N"
"EFECTY LA SERENA 2","ACB166262","Av Cl 90 # 86-06 Lc 103","Cundinamarca","4.710191,-74.094495","N"
"CONEXRED","ACB300242","Diagonal 139 A Bis  127c   47 Barrio Sub","Cundinamarca","4.707077,-74.054382","N"
"MULTIPAGAS","ACB271883","Carrera 70 D  127   48","Cundinamarca","4.711466,-74.074011","N"
"EFECTY CALLE 40 SUR","ACB325959","Cl 40 Sur # 72 F -38","Cundinamarca","4.604482,-74.144354","N"
"ACCIONES Y VALORES ALKOSTO VENECIA","ACB065172","Dg 45b S 51 90 Plazoleta Comida Piso 2","Cundinamarca","4.595696,-74.138809","N"
"CONEXRED","ACB322594","Diagonal 2  79c57","Cundinamarca","4.632112,-74.15283","N"
"ACCIONES Y VALORES PF OFICINA FONTIBON","ACB064687","Kr 100 No 18 59 Cc Fiesta Fontibon 102","Cundinamarca","4.674353,-74.144248","N"
"EFECTY SANTA BARBARA CRA 15","ACB300572","Cr 15 124-09 Local 102","Cundinamarca","4.702363,-74.043018","N"
"EFECTY INVER VARGAS CC FIESTA FONTIBON","ACB173905","Cr 100 # 18-59 Lc 101","Cundinamarca","4.674443,-74.144255","N"
"EFECTY CENTRO COMERCIAL UNICENTRO_","ACB300549","Ak 15 # 124-30","Cundinamarca","4.702205,-74.042706","N"
"GIROS Y FINANZAS FONTIBÓN","ACB020247","Cr 100 18-59 Pasillo Principal L-18","Cundinamarca","4.674458,-74.144271","N"
"EFECTY VENECIA DIAG 45 SUR II","ACB178472","Dg 45 Sur # 53-82","Cundinamarca","4.594465,-74.13836","N"
"EFECTY FONTIBON SAN PEDRO II","ACB075412","Cr 97 # 16b-12","Cundinamarca","4.667244,-74.147971","N"
"ACCIONES Y VALORES EXITO QUIRIGUA","ACB060166","Tv 92a No 82 00","Cundinamarca","4.708348,-74.104526","N"
"EFECTY CLARET","ACB074279","Dg 44 Sur # 26-06","Cundinamarca","4.58175,-74.126255","N"
"PAGAFACIL ENGATIVA","ACB065633","Trans 94 82a 86 Bloque 125 Piso 2","Cundinamarca","4.708678,-74.104317","N"
"EFECTY VIÑA DEL MAR","ACB153358","Cr 105 # 64 F-22","Cundinamarca","4.69775,-74.124797","N"
"EFECTY SERVIENTREGA COUNTER UNICENTRO","ACB072178","C.c. Unicentro Parqueadero","Cundinamarca","4.70217,-74.04152","N"
"A Y V PF OFICINA CC UNICENTRO","ACB065491","Carrera 15 124 30","Cundinamarca","4.702282,-74.041482","N"
"EFECTY","ACB352371","Calle 37 Sur 78 H 28","Cundinamarca","4.623428,-74.152465","N"
"CONEXRED","ACB279012","Carrera 102 18 28 Local 103 Fontibon","Cundinamarca","4.675427,-74.144513","N"
"EFECTY BOGOTA FATIMA EL CARMEN","ACB073498","Tv 33 # 47 B-06 Sur","Cundinamarca","4.585674,-74.131396","N"
"EFECTY PASEO DE SEVILLA","ACB272707","Cr 87 B #6 D- 10 Lc 114","Cundinamarca","4.644576,-74.154092","N"
"EFECTY TIMIZA CRA 72","ACB074499","Cr 72k # 40-17 Sur","Cundinamarca","4.609004,-74.147943","N"
"CONEXRED","ACB309922","Carrera 100 72 4","Cundinamarca","4.703816,-74.116104","N"
"CONEXRED","ACB309571","Carrera  104a 23b 45","Cundinamarca","4.682756,-74.140013","N"
"EFECTY CORABASTOS","ACB073597","Av Cr 80  2 51 Sur Corabastos","Cundinamarca","4.632484,-74.154053","N"
"AYV PF CORABASTOS","ACB066733","Avenida 80 No 2 51 Bodega 41 Local 015","Cundinamarca","4.632466,-74.154052","N"
"EFECTY KENNEDY CENTRAL CR 78 G","ACB175930","Cl 38 Sur # 78 G-03","Cundinamarca","4.622616,-74.152557","N"
"EFECTY VENECIA DIG 47 II","ACB304543","Dg 47 Sur # 53-18","Cundinamarca","4.593012,-74.138435","N"
"EFECTY CIUDAD QUIRIGUA","ACB151499","Tv 94 # 83 B-13","Cundinamarca","4.709624,-74.103043","N"
"EFECTY EL PROGRESO SUR I","ACB305764","Cl 43 A Sur # 72-16","Cundinamarca","4.601388,-74.144196","N"
"EFECTY FONTIBON LA PLAZA","ACB304499","Cr 103 A # 20-27","Cundinamarca","4.676839,-74.144099","N"
"EFECTY FRANCISCO JOSE DE CALDAS I","ACB171783","Cl 35 Bis Sur # 79-27 Lc 103","Cundinamarca","4.628157,-74.153723","N"
"EFECTY FONTIBON CALLE 23 D","ACB326114","Cl 23 D # 104a-49","Cundinamarca","4.68314,-74.140024","N"
"EFECTY INV. VARGAS C.C. BULEVAR NIZA","ACB074851","Ak 58 # 127a-59 Lc 222","Cundinamarca","4.713219,-74.070226","N"
"EFECTY EL MUELLE 105C","ACB173873","Cr 105 C # 64 B-23","Cundinamarca","4.697885,-74.1263","N"
"EFECTY ESTACION TERPEL TIMIZA II","ACB191462","Cl 40 Sur # 73-12 Local 1","Cundinamarca","4.61422,-74.150812","N"
"EFECTY TIMIZA CL 40 SUR","ACB279090","Cl 40 Sur # 72 N-63 Int 2","Cundinamarca","4.612231,-74.150081","N"
"EFECTY","ACB306996","Cl 22 K  104   95 Barrio Giralda","Cundinamarca","4.681848,-74.14158","N"
"EFECTY","ACB357068","Calle 44 Sur 68d 02","Cundinamarca","4.597016,-74.142196","N"
"EFECTY","ACB356858","Calle 44 Sur 68d 02","Cundinamarca","4.597016,-74.142196","N"
"EFECTY LA CHUCUA","ACB178120","Tv 72 F # 42 C-57 Sur La Chucua","Cundinamarca","4.603584,-74.146193","N"
"MULTIPAGAS","ACB199547","Diagonal 48 Sur 53 09","Cundinamarca","4.592004,-74.13864","N"
"EFECTY TINTAL PLAZA I","ACB170924","Cr 86 # 6-37 Lc 5","Cundinamarca","4.641899,-74.15525","N"
"EFECTY DIVER ALAMOS CR 101 2","ACB190339","Cr 101 # 71 C-93","Cundinamarca","4.704255,-74.11733","N"
"EFECTY EXPRESS VILLA DEL MAR CR. 102","ACB320679","Cr 102 # 70-50 Casa 130","Cundinamarca","4.702615,-74.120111","N"
"ACCIONES Y VALORES EXITO NUEVO KENNEDY","ACB065271","Kr 78k No 37a 53 Lc 0114 Interior Exito","Cundinamarca","4.62355,-74.153896","N"
"EFECTY PIJAOS I","ACB302783","Cl 34 B # 11 A-18 Sur","Cundinamarca","4.567844,-74.105358","N"
"EFECTY KENNEDY HOSPITAL","ACB072419","Cl 40 Sur # 73 D-62","Cundinamarca","4.617994,-74.152867","N"
"EFECTY CENTENARIO CR 100 II","ACB305719","Cr 100 # 16 D-27","Cundinamarca","4.670727,-74.148982","N"
"SANTA LUCIA","ACB322428","Avenida Caracas 41 B   30 Sur","Cundinamarca","4.575288,-74.121462","N"
"GIROS Y FINANZAS C.C. TINTAL PLAZA","ACB026045","Av. Cr 86 # 6-37 L-151","Cundinamarca","4.642208,-74.156109","N"
"EFECTY DIMONEX VENECIA","ACB324628","Dg 50 Sur # 53-10","Cundinamarca","4.590699,-74.138839","N"
"AYV CC TINTAL PLAZA","ACB067316","Cc Tintal Plaza","Cundinamarca","4.641181,-74.156283","N"
"EFECTY","ACB166954","Cra 37   50 - 45 Sur Fatima","Cundinamarca","4.588267,-74.136924","N"
"EFECTY NIZA 9","ACB177547","Cl 127 D # 51 A-32","Cundinamarca","4.712242,-74.058815","N"
"EFECTY NAGUARA","ACB163357","Dg 2b # 82-30 Local 40","Cundinamarca","4.638178,-74.156418","N"
"EFECTY FONTIBON EL CARMEN II","ACB170441","Cl 16 I # 103 A-14","Cundinamarca","4.673695,-74.148128","N"
"BANCAMIA VENECIA","ACB063004","Transversal 44 No 50b 14 Sur","Cundinamarca","4.589656,-74.138597","N"
"EFECTY EXPRESS EFECTY EL MUELLE","ACB326136","Cl 64 B # 105 G-03","Cundinamarca","4.698941,-74.127644","N"
"EFECTY FONTIBON CAMBULOS","ACB177394","Cl 23 D # 107-30","Cundinamarca","4.685006,-74.141485","N"
"EFECTY","ACB355549","Diagonal 50 Sur  53 10","Cundinamarca","4.590975,-74.139938","N"
"EFECTY EXPRESS DIMONEX ALAMOS NORTE","ACB320459","Cr 103 # 72-09","Cundinamarca","4.705561,-74.118249","N"
"EFECTY EXPRESS EFECTY FATIMA CL 50 SUR","ACB305555","Cl 50 # 33-02 Sur","Cundinamarca","4.585288,-74.134916","N"
"EFECTY PLAZA DEL QUIRIGUA","ACB073278","Cl 90 # 91-52 Exterior","Cundinamarca","4.713731,-74.098242","N"
"DON PAGO","ACB322264","Dg 49 Sur  53 71","Cundinamarca","4.592034,-74.141415","N"
"EFECTY BACHUE CALLE 87","ACB075094","Cl 87 # 94 P 16 Int. 1","Cundinamarca","4.713196,-74.101631","N"
"EFECTY DELICIAS","ACB074619","Av Boyaca # 44 C 12 Sur","Cundinamarca","4.596954,-74.145021","N"
"EFECTY MARIA PAZ","ACB177909","Cl 5 A Sur # 82-10","Cundinamarca","4.636737,-74.157658","N"
"EFECTY EL MUELLE CR 105 I","ACB171837","Cl 63 # 105 I-58","Cundinamarca","4.698786,-74.129539","N"
"EFECTY ENGATIVA CR 106A II","ACB170452","Cr 106 A # 64 D-02","Cundinamarca","4.700097,-74.127944","N"
"EFECTY SANTA BARBARA OCCIDENTAL","ACB177327","Cr 7 Bis # 123-5","Cundinamarca","4.698788,-74.030119","N"
"EFECTY TRANSMILENIO TINTAL II","ACB273555","Cl 2 # 86-12","Cundinamarca","4.639279,-74.15825","N"
"EFECTY","ACB273456","Calle 16f 103c 20","Cundinamarca","4.672609,-74.150651","N"
"GIROS Y FINANZAS C.C. CIUDAD TUNAL","ACB020643","Cl. 47b Sur # 24b-33 L-2054-2069","Cundinamarca","4.578637,-74.12981","N"
"EFECTY VERSALLES II","ACB305533","Cl 22 F # 108-54 Local 1","Cundinamarca","4.682421,-74.145215","N"
"EFECTY BACHUE CALLE 83","ACB152852","Cl 83 # 95 D -71","Cundinamarca","4.712616,-74.106528","N"
"EFECTY VILLAS DEL MADRIGAL","ACB136496","Cr 100b # 77b-29","Cundinamarca","4.709699,-74.113607","N"
"EFECTY SANTAFE DEL TINTAL III","ACB306303","Cr 89 # 6a-95 Lc 3","Cundinamarca","4.647995,-74.157964","N"
"CONEXRED","ACB322516","Carrera 13  59 38","Cundinamarca","4.636013,-74.158454","N"
"EFECTY PLAZUELAS DEL VIRREY II","ACB165777","Cr 105 F # 70 C -13","Cundinamarca","4.705287,-74.121928","N"
"EFECTY TUNDAMA CALLE 45","ACB171750","Cl 45 Sur 72 D-17","Cundinamarca","4.60177,-74.149194","N"
"EFECTY VILLA DE LOS ALPES CLLE 32 SUR","ACB178098","Cr 3 C # 32 Sur-02 Villa De Los Alpes","Cundinamarca","4.562318,-74.096657","N"
"ACCIONES Y VALORES EXITO TUNAL","ACB063114","Carrera 24b 33s 0102","Cundinamarca","4.57818,-74.12972","N"
"EFECTY SAN JORGE DG 45 BIS.","ACB277746","Dg 45 Bis B # 13 F-62 Sur","Cundinamarca","4.571636,-74.120707","N"
"EFECTY FONTIBON CRA 110","ACB152874","Cr 110 # 23 C-36","Cundinamarca","4.686319,-74.142995","N"
"ACCIONES Y VALORES SAO PORTAL 80","ACB061606","Tv 100a No 80a 20 Lc N1 002","Cundinamarca","4.711041,-74.111842","N"
"CONEXRED","ACB279924","Calle 43 Sur 14 90","Cundinamarca","4.569658,-74.117439","N"
"EFECTY VENECIA CRA 54 SUR","ACB277274","Cr 54 Sur # 51-36","Cundinamarca","4.59011,-74.14204","N"
"CONEXRED","ACB303168","Carrera  53b 128b 76","Cundinamarca","4.715535,-74.060643","N"
"EFECTY PRADO VERANIEGO","ACB072365","Cr 49 # 128 B-05","Cundinamarca","4.714316,-74.056296","N"
"EFECTY PRADO VERANIEGO CRA 52 II","ACB173356","Cr 52 # 128 C-77 Lc 3","Cundinamarca","4.71721,-74.069345","N"
"ACCIONES Y VALORES CC CIUDAD TUNAL","ACB453812","Cr 24 C No 48 94 Sur Lc 2 155","Cundinamarca","4.577891,-74.130321","N"
"GIROS Y FINANZAS C C  DORADO PLAZA","ACB020995","Avenida Ciudad De Cali Con Calle 26 50","Cundinamarca","4.637635,-74.159606","N"
"EFECTY GARCES NAVAS B CRA 104","ACB320558","Cr 104 # 75 D-25 Lc 101","Cundinamarca","4.709246,-74.117252","N"
"EFECTY SAN JORGE CLL 43 SUR","ACB177998","Cl 43 Sur # 12 F -17","Cundinamarca","4.568128,-74.11605","N"
"EFECTY EXITO VIVA FONTIBON II","ACB320547","Dg 16 # 104-51 Local 107","Cundinamarca","4.670202,-74.153445","N"
"EFECTY SUBA QUINTAS DE SAN JORGE","ACB074071","Cl 127b # 89-28","Cundinamarca","4.718019,-74.09026","N"
"EFECTY FONTIBON HB","ACB073827","Cl 17n # 107 A-16","Cundinamarca","4.677784,-74.14977","N"
"EFECTY TINTAL PRADOS DE CASTILLA II","ACB274314","Cr 90 # 6 A-47 Casa 51","Cundinamarca","4.648638,-74.159299","N"
"CADE FONTIBON","ACB322417","Diagonal 16  104 51","Cundinamarca","4.67068,-74.15348","N"
"ACCIONES Y VALORES","ACB061419","Exito Fontibon","Cundinamarca","4.672724,-74.152669","N"
"EFECTY VILLAS DEL DORADO CR 110","ACB171859","Cr 110 # 64-92","Cundinamarca","4.701486,-74.130052","N"
"CONEXRED","ACB300297","Carrera 110  64d  03 Barrio Engativa","Cundinamarca","4.701791,-74.130068","N"
"EFECTY SAN VICENTE FERRER KR 32 SUR","ACB325904","Cr 32 Sur # 52 B-05 Lc 2","Cundinamarca","4.583101,-74.137766","N"
"MULTIPAGAS","ACB271894","Carrera 51  128 C   80","Cundinamarca","4.716024,-74.056958","N"
"EFECTY EL TRIUNFO CRA 12 BIS C","ACB278307","Cr 12 Bis C # 42b-13 Sur","Cundinamarca","4.564666,-74.111151","N"
"EFECTY FONTIBON COMPOSTELA CARRERA 104","ACB073300","Dg 15b # 104-46 Casa 21 Urb Compostela","Cundinamarca","4.671215,-74.154058","N"
"EFECTY PRADO CALLE 132","ACB300990","Cl 132 # 51-30","Cundinamarca","4.716474,-74.057497","N"
"EFECTY CIUDAD JARDIN CLL 129","ACB167746","Cl 129 N. 59a-23","Cundinamarca","4.719265,-74.072028","N"
"CONEXRED","ACB320031","Calle 72 Sur  97c 14","Cundinamarca","4.703265,-74.129002","N"
"EFECTY MARCO FIDEL SUAREZ SUR","ACB154524","Tv 13 G # 45 D 22 Sur","Cundinamarca","4.569507,-74.121322","N"
"EFECTY CC CIUDAD TINTAL LOCAL 32","ACB151950","Cr 94 # 6 C-30 Lc 32","Cundinamarca","4.652741,-74.159861","N"
"EFECTY BOSQUES DE MARIANA","ACB173840","Cl 70b # 107b-28","Cundinamarca","4.706399,-74.125294","N"
"EFECTY VILLAS DEL DORADO","ACB074774","Cr 110 # 68 B-45","Cundinamarca","4.704392,-74.128203","N"
"EFECTY","ACB301089","Carrera 80  40 C   06 Sur","Cundinamarca","4.624726,-74.160355","N"
"EFECTY TIMIZA CRA 74 SUR","ACB326015","Cr 74 # 42-52 Sur","Cundinamarca","4.611359,-74.156827","N"
"CONEXRED","ACB278934","Calle 70  108 A 12 Barrio Engativa","Cundinamarca","4.70599,-74.126483","N"
"EFECTY VILLA AMALIA","ACB170474","Av Cl 72 # 107-15","Cundinamarca","4.708622,-74.122669","N"
"EFECTY BOITA II","ACB074422","Cl 45 Sur # 72 N-34","Cundinamarca","4.604844,-74.1543","N"
"EFECTY KRA 79 SUR KENNEDY","ACB173828","Cl 41 D Sur N. 78p 34","Cundinamarca","4.62062,-74.159876","N"
"EFECTY VENECIA AVDA BOYACA","ACB075357","Av Boyaca # 51 B 12 Sur","Cundinamarca","4.588789,-74.144843","N"
"EFECTY FONTIBON FLANDES","ACB326961","Cl 18 # 111-25","Cundinamarca","4.681099,-74.15046","N"
"EFECTY PATIO BONITO CLLE 2","ACB177503","Cl 2 # 88 H-17 Lc 3","Cundinamarca","4.643482,-74.162067","N"
"EFECTY PATIO BONITO LA VIRGEN","ACB073443","Av Cr 86 # 36-20 Sur","Cundinamarca","4.634888,-74.162299","N"
"EFECTY","ACB173884","Carrera 111  64f23","Cundinamarca","4.703238,-74.131446","N"
"EFECTY GARCES NAVAS ORIENTAL-","ACB302871","Tv 106 # 77 B-16","Cundinamarca","4.712047,-74.118164","N"
"EFECTY DIMONEX CRA 49","ACB194508","Cr 49 # 131-12 Lc 3","Cundinamarca","4.717797,-74.055612","N"
"EFECTY SUPER MANZANA 16 CL 42 SUR","ACB304653","Cl 42 Sur # 78 I-80","Cundinamarca","4.617954,-74.16008","N"
"EFECTY","ACB308163","Carrera 111 A 16 J   25","Cundinamarca","4.679575,-74.152178","N"
"EFECTY ZONA FRANCA ZF TOWERS","ACB274282","Cl 13 # 108 A-85 Mz 23 Lote 135a","Cundinamarca","4.674787,-74.154805","N"
"EFECTY SUBA RINCON CRA 91 II","ACB154667","Cr 91 # 128 A-71","Cundinamarca","4.721284,-74.089935","N"
"EFECTY GUACAMAYAS","ACB178197","Cl 37 A Bis Sur # 2g-45 Ps 1","Cundinamarca","4.558186,-74.098888","N"
"A Y V CC PASEO VILLA DEL RIO","ACB067712","Dg 57c Su No 62 60 Local 1 10d","Cundinamarca","4.599057,-74.152953","N"
"EFECTY","ACB171002","Calle 91 A  95 G   11","Cundinamarca","4.719359,-74.101616","N"
"EFECTY BOSQUES DE MARIANA III","ACB278297","Cr 110 # 70 G-24","Cundinamarca","4.708543,-74.12607","N"
"EFECTY CIUDAD JARDIN NORTE","ACB073256","Cr 59 # 130 A-74","Cundinamarca","4.72205,-74.070045","N"
"EFECTY NUEVO MUZO DG 51 SUR","ACB300945","Dg 51 Sur # 60 F-47","Cundinamarca","4.589369,-74.147568","N"
"EFECTY TUNJUELITO KRA 14 A SUR","ACB178416","Cr 14 A # 51-13 Sur Tunjuelito","Cundinamarca","4.56852,-74.125747","N"
"EFECTY PATIO BONITO CALLE 38 A","ACB161102","Cl 38 A Sur # 86 C-98","Cundinamarca","4.635603,-74.164207","N"
"EFECTY EXPRESS CALANDAIMA CL 26 SUR","ACB305148","Cl 26 Sur # 89 C-36 Blq 3 Casa 22","Cundinamarca","4.643218,-74.164238","N"
"EFECTY SAN VICENTE CLLE 53 I SUR","ACB178328","Cr 25 # 53 A-33 Sur","Cundinamarca","4.577869,-74.138007","N"
"EFECTY SUBA RINCON CALAZANS","ACB154799","Cr 88 A Bis B # 128 F-28","Cundinamarca","4.722892,-74.087494","N"
"EFECTY PATIO BONITO PRIMAVERA","ACB131886","Cl 2 # 91-10 Lc 13","Cundinamarca","4.646301,-74.164231","N"
"EFECTY VILLA DEL RIO III","ACB325937","Cl 57 B Sur # 63-31","Cundinamarca","4.599829,-74.154949","N"
"EFECTY FONTIBON EL REFUGIO CALLE 23B","ACB177514","Cl 23b # 116 C-04 Piso 1","Cundinamarca","4.690261,-74.1474","N"
"EFECTY ENGATIVA CRA 110","ACB273708","Cr 110 # 72-38","Cundinamarca","4.710844,-74.124687","N"
"MULTIPAGAS","ACB197819","Cra 93d 6d-50","Cundinamarca","4.65074,-74.163976","N"
"EFECTY VILLA GLADYS SUR","ACB279078","Cr 10 # 48b-35 Sur","Cundinamarca","4.561629,-74.114286","N"
"EFECTY","ACB358212","Calle 69 A 91 10","Cundinamarca","4.723012,-74.092069","N"
"EFECTY NUEVO MUZU","ACB178504","Cr 61 B # 51 A-39 Sur","Cundinamarca","4.588204,-74.148241","N"
"EFECTY BOLIVIA ORIENTAL 2","ACB175875","Cl 81 # 106 A-27 Lc 102","Cundinamarca","4.716396,-74.115099","N"
"EFECTY BOLIVIA II","ACB320525","Cr 103 D # 83-18 Lc 102","Cundinamarca","4.718196,-74.110934","N"
"EFECTY","ACB134098","Carrera 93 128b 25","Cundinamarca","4.723162,-74.092064","N"
"EFECTY CALLE 129","ACB073003","Cr 13 # 128 C-73 Lc 104","Cundinamarca","4.713439,-74.038582","N"
"EFECTY SAN CARLOS CRA 19 A","ACB277779","Cr 19 A # 51-01 Sur","Cundinamarca","4.569507,-74.129248","N"
"EFECTY ENGATIVA CRA 111 C","ACB177426","Cr 111 C # 70-11","Cundinamarca","4.70802,-74.129986","N"
"EFECTY PATIO BONITO CENTRO CALLE 38 SUR","ACB072860","Cr 87i # 37a-16 Sur","Cundinamarca","4.63795,-74.165382","N"
"EFECTY LA VICTORIA","ACB072882","Cr 4 Este # 36k-28 Sur","Cundinamarca","4.554444,-74.091873","N"
"EFECTY GARCES NAVAS CRA 109","ACB173817","Cr 109 # 78 B-03","Cundinamarca","4.714943,-74.119131","N"
"CONEXRED","ACB271629","Calle 38 Sur 88 13 Barrio Patio Bonito","Cundinamarca","4.638253,-74.165767","N"
"CONEXRED","ACB322682","Calle 129  91a 25","Cundinamarca","4.724014,-74.090146","N"
"EFECTY BOMBEROS","ACB320581","Cl 42 F Sur # 79-21","Cundinamarca","4.618687,-74.16348","N"
"PAGAFÁCIL SALUD MARKET","ACB065776","Cl 134 No 57 20","Cundinamarca","4.723337,-74.064236","N"
"CONEXRED","ACB198470","Av Cra 9 Este   36g  21 Sur Brr La Y","Cundinamarca","4.55331,-74.084866","N"
"CONEXRED","ACB198403","Kr 93   128 A 24 Brr Suba Rincon","Cundinamarca","4.64796,-74.165562","N"
"EFECTY FONTIBON BATAVIA","ACB326125","Cl 18 # 115 A-23","Cundinamarca","4.684234,-74.153293","N"
"EFECTY RINCON CLL 129B","ACB152391","Cl 129b N. 91-23","Cundinamarca","4.724495,-74.089453","N"
"EFECTY EXPRESS GARCES NAVAS CRA. 110","ACB326169","Cr 110 # 78 F-04","Cundinamarca","4.715777,-74.118882","N"
"EFECTY LAGO TIMIZA KRA 74","ACB178142","Cr 74 # 44 B-22 Sur","Cundinamarca","4.608093,-74.160519","N"
"EFECTY CALANDAIMA","ACB153150","Cl 34 Bis A Sur # 89 D-54","Cundinamarca","4.642897,-74.166269","N"
"MULTIPAGAS","ACB420779","Avenida Calle 43 Sur 78l 42","Cundinamarca","4.616689,-74.163589","N"
"EFECTY CALLE 135 NORTE","ACB326170","Cl 135 # 49-13","Cundinamarca","4.721925,-74.055013","N"
"EFECTY PATIO CL 38 SUR","ACB278286","Cl 38 C # 88-69 Sur","Cundinamarca","4.637797,-74.166756","N"
"EFECTY EXITO CALLE 134","ACB074301","Cl 134 # 9-51 Local 2081-160","Cundinamarca","4.713207,-74.034928","N"
"EFECTY INVER VARGAS CC PASEO SAN RAFAEL","ACB177338","Cl 134 # 55-30 Local 1-17","Cundinamarca","4.723933,-74.062245","N"
"EFECTY VILLAS DE GRANADA PRINCIPAL","ACB074554","Cl 72f # 111-06","Cundinamarca","4.713133,-74.125678","N"
"EFECTY PRINCIPE DE BOCHICA","ACB274413","Cl 48 I # 5 C-18 Sur","Cundinamarca","4.557407,-74.111017","N"
"EFECTY SUBA RINCON MIAMI","ACB075939","Cl 129 B Bis # 93-60","Cundinamarca","4.725747,-74.090951","N"
"EFECTY SUBA EL RUBY","ACB173598","Cl 128 C # 95-34","Cundinamarca","4.725182,-74.095159","N"
"EFECTY RIVERAS DE OCCIDENTE","ACB132931","Cl 26 Sur N. 93-43","Cundinamarca","4.646882,-74.167394","N"
"EFECTY FULL SERVICE CALLE 42","ACB173927","Cl 42 B Sur # 82 A-08","Cundinamarca","4.628303,-74.167443","N"
"CONEXRED","ACB278945","Carrera 45 A  136 35 Barrio Alcala","Cundinamarca","4.722509,-74.052304","N"
"EFECTY SAN CARLOS II","ACB272697","Dg 54 # 18 C-28 Sur","Cundinamarca","4.567432,-74.131262","N"
"EFECTY FONTIBON SELFITA","ACB154865","Cr 120 #22g-58","Cundinamarca","4.691059,-74.151216","N"
"EFECTY SUBA RINCON CODENSA CALLE 130","ACB073971","Cr 91. # 130-45","Cundinamarca","4.726622,-74.089141","N"
"EFECTY CEDRITOS AV 19","ACB073926","Ak 19 # 136-38","Cundinamarca","4.720487,-74.046258","N"
"EFECTY ISLA DEL SOL CRA 64","ACB274237","Cr 64 # 62 C 94 Sur","Cundinamarca","4.590188,-74.154073","N"
"EFECTY LA VICTORIA PARQUE PRINCIPAL II","ACB178230","Cl 39 A Sur # 5-44 Este","Cundinamarca","4.551103,-74.091722","N"
"A Y V CC SORPRESAS  CEDRITOS","ACB061190","Av Kr 19 No 136a 06","Cundinamarca","4.721102,-74.046069","N"
"EFECTY ISLA DEL SOL","ACB134713","Cr 64 B # 63-47 Sur","Cundinamarca","4.589973,-74.154167","N"
"CONEXRED","ACB192308","Cr 86n 42b 51 Sur Local 178","Cundinamarca","4.629949,-74.168568","N"
"EFECTY","ACB320569","Kr 80 45 23 Sur","Cundinamarca","4.620234,-74.167103","N"
"EFECTY SAN PABLO CALLE 17 FONTIBON","ACB151257","Cl 17 D #118b-05","Cundinamarca","4.685797,-74.155807","N"
"CONEXRED","ACB300187","Carrera 112a 77c 20","Cundinamarca","4.717233,-74.122685","N"
"EFECTY PRADO CLL 138 II","ACB177822","Cr 52 A # 137 A-45 Local D","Cundinamarca","4.724845,-74.055818","N"
"EFECTY GIROS CRA 79","ACB192056","Cr 79 # 46a-82 Sur","Cundinamarca","4.616736,-74.166568","N"
"EFECTY LA COLMENA CRA 2 ESTE SUR","ACB274336","Cr 2 Este # 40 A-18 Sur","Cundinamarca","4.551153,-74.095868","N"
"EFECTY CARREFOUR PATIO BONITO L123","ACB074026","C.c. Milenio Plaza Local 123","Cundinamarca","4.630502,-74.169136","N"
"COOPERATIVA FINANCIERA DE ANTIOQUIA","ACB172519","Kr  86  42b  51 Sur 2 Local 174","Cundinamarca","4.630278,-74.169167","N"
"EFECTY SAN CARLOS CRA 17 SUR","ACB277450","Cr 17 # 55 Sur 07 Local 3","Cundinamarca","4.564681,-74.129966","N"
"EFECTY DIMONEX MADELENA SUR","ACB320404","Cl 67b Sur N. 65- 03","Cundinamarca","4.588328,-74.15402","N"
"EFECTY PORTOALEGRE","ACB073454","Cr 58 # 137 B -01 Local 26","Cundinamarca","4.727364,-74.064954","N"
"EFECTY CL 42 A SUR","ACB304455","Cl 42 A Sur #87c-16","Cundinamarca","4.633755,-74.169698","N"
"EFECTY PASTRANITA CRA 78G","ACB276624","Cr 78g Bis C-48a-30 Sur","Cundinamarca","4.613348,-74.166119","N"
"EFECTY","ACB357893","Calle 79 112 A 18 Local 102","Cundinamarca","4.719216,-74.120201","N"
"EFECTY SUBA COSTA RICA","ACB171035","Cr 93 A # 130 B-17","Cundinamarca","4.728126,-74.090245","N"
"EFECTY","ACB354340","Cra 82 A No 42h 25 Sur","Cundinamarca","4.627182,-74.169171","N"
"CONEXRED","ACB309757","Calle 138  55  53","Cundinamarca","4.726709,-74.060761","N"
"EFECTY VILLA DE LA LOMA","ACB326048","Cr 82 A # 42h 25 Sur","Cundinamarca","4.627198,-74.169278","N"
"A Y V OLIMPICA COLINA CAMPESTR","ACB060199","Kr 58 No 137b 01 Cc Portoalegr","Cundinamarca","4.727595,-74.064814","N"
"PF PORTOALEGRE","ACB065941","Carrera 58 No 137b 01  Bogota","Cundinamarca","4.727761,-74.064652","N"
"BANCAMIA SUBA RINCON","ACB062926","Carrera 93 129c 61","Cundinamarca","4.72855,-74.08952","N"
"EFECTY MADELENA III","ACB272433","Cl 60 A Sur # 66-56","Cundinamarca","4.592543,-74.157337","N"
"EFECTY CIUDADELA COLSUBSIDIO CALLE 80A","ACB169056","Cl 80a # 112-29 Lc 16","Cundinamarca","4.720496,-74.118864","N"
"EFECTY EXPRESS EFECTY TERESITA TRV 113","ACB326158","Tv 113 F # 67 B -17","Cundinamarca","4.710765,-74.135049","N"
"EFECTY GOVARONA II","ACB169759","Cr 9 # 49 G-18 Sur","Cundinamarca","4.557902,-74.120113","N"
"EFECTY VILLA DEL RIO AV VILLAVICENCIO","ACB178537","Cl 57 A Sur # 70 A-51","Cundinamarca","4.600027,-74.161816","N"
"GIROS Y FINANZAS UNICENTRO OCCIDENTE","ACB021237","Cr 111c # 86-74 L-221-222 Unic. De Occ.","Cundinamarca","4.722419,-74.115037","N"
"CONEXRED","ACB303290","Carrera 94 C  42 56","Cundinamarca","4.728788,-74.092061","N"
"EFECTY SUBA EL LAGUITO","ACB173587","Cl 129c # 97-27","Cundinamarca","4.728413,-74.09579","N"
"EFECTY BRITALIA","ACB074103","Cl 46 Sur # 80h-24","Cundinamarca","4.621653,-74.169364","N"
"CONEXRED","ACB199196","Cl 130 C   94 B 22 Brr Suba Costarica","Cundinamarca","4.729188,-74.091681","N"
"EFECTY SOCORRO CALLE 49 SUR","ACB325982","Cl 49 Sur # 77v-53","Cundinamarca","4.60937,-74.166253","N"
"AyV PF UNICENTRO DE OCCIDENTE","ACB067042","Cra 111 C No 86   05 1er Piso Cc Unicen","Cundinamarca","4.723396,-74.114209","N"
"EFECTY CENTRO COMERCIAL CARACAS","ACB073146","Cl 51 Sur # 9-30 Local 118","Cundinamarca","4.557962,-74.121916","N"
"EFECTY","ACB354285","Calle 49 Sur No 77v 53","Cundinamarca","4.609297,-74.166483","N"
"EFECTY SAN CARLOS CALLE 57 SUR.","ACB325861","Cl 57 Sur # 19 A-38","Cundinamarca","4.566469,-74.135552","N"
"EFECTY CTRO CIAL PUERTA DEL SOL","ACB073124","Cl 140 N # 11-58 Lc 30","Cundinamarca","4.719454,-74.036541","N"
"EFECTY DIMONEX CALLE 42G","ACB194553","Cl 42g-sur -86g-22","Cundinamarca","4.631389,-74.17136","N"
"EFECTY VILLA ELIZA IV","ACB277263","Cr 91 # 131 D-15","Cundinamarca","4.730164,-74.087521","N"
"EFECTY ENGATIVA CLL 67","ACB173895","Cl 67 N. 115a-25","Cundinamarca","4.711204,-74.136273","N"
"EFECTY CORINTO CLL 127","ACB192089","Cl 127 # 104 A-05","Cundinamarca","4.727955,-74.101888","N"
"EFECTY VILLAS DE GRANADA EXITO","ACB154711","Cl 79 N # 113 A-22","Cundinamarca","4.720605,-74.121707","N"
"EFECTY SAN BENITO CLL 57 SUR II","ACB305478","Cr 17 A # 57-86 Sur","Cundinamarca","4.563517,-74.132278","N"
"EFECTY EXPRESS EFECTY CARRERA 97","ACB191329","Cr 97 F # 26-71 Sur Local 10 B","Cundinamarca","4.650221,-74.171315","N"
"BANCAMIA ENGATIVA","ACB062179","Kr 113b No 63i 39 Local 100 101","Cundinamarca","4.709377,-74.139129","N"
"EFECTY LOS MOLINOS DEL SUR","ACB178241","Cl 50 A # 7-10 Sur","Cundinamarca","4.556731,-74.120926","N"
"EFECTY ENGATIVA TERMINAL SOTRANDES","ACB074521","Cr 113b # 63i-39 Local 107","Cundinamarca","4.709244,-74.139363","N"
"CONEXRED","ACB309670","Calle 57 Sur  14  72","Cundinamarca","4.561348,-74.129538","N"
"EFECTY GRAN GRANADA CRA 114A","ACB191703","Cr 114a # 77-31","Cundinamarca","4.719096,-74.125901","N"
"EFECTY BRITALIA CAI","ACB075807","Cr 81 H 46-08 Sur","Cundinamarca","4.62403,-74.171293","N"
"EFECTY MARRUECOS","ACB173806","Cl 49g Sur # 5x-25","Cundinamarca","4.555131,-74.118707","N"
"EFECTY PORTAL AMERICAS","ACB154360","Cr 85 A # 44-09 Sur Local 18","Cundinamarca","4.62737,-74.171834","N"
"EFECTY C.C. BELMIRA PLAZA II","ACB154908","Cl 140 # 7-66 Local 10","Cundinamarca","4.716412,-74.029239","N"
"EFECTY MADELENA DG 62 SUR","ACB277768","Dg 62 # 68 B-20 Sur","Cundinamarca","4.590675,-74.15899","N"
"EFECTY CATALINA NO.2","ACB074389","Tv 78 L # 50-70 Sur","Cundinamarca","4.613409,-74.169172","N"
"EFECTY CORINTO 128","ACB306095","Cl 128 C # 104-04","Cundinamarca","4.729167,-74.101146","N"
"EFECTY MORALBA SUR","ACB178427","Cl 41 B Sur # 14 A-07 Este","Cundinamarca","4.546246,-74.0821","N"
"EFECTY BRITALIA LA LOMA","ACB301177","Cl 46 Sur # 82 D-06","Cundinamarca","4.625918,-74.172296","N"
"CONEXRED","ACB322703","Calle 64 113c81","Cundinamarca","4.710866,-74.139652","N"
"EFECTY","ACB177581","Calle 15 N  119a 07 Local 2","Cundinamarca","4.680899,-74.16365","N"
"EFECTY CASA LINDA KRA 22","ACB178351","Cr 22 G # 58 A-32 Sur","Cundinamarca","4.571,-74.144261","N"
"EFECTY","ACB308141","Clle 42 A  91 B   13 Sur","Cundinamarca","4.640564,-74.173764","N"
"EFECTY EL PALMAR CRA 116C","ACB272796","Cr 116c # 66-26","Cundinamarca","4.712555,-74.137958","N"
"CONEXRED","ACB303267","Calle 130 F  96 A 12 Barrio Suba","Cundinamarca","4.731666,-74.093683","N"
"EFECTY SUBA LA ESPERANZA.","ACB155778","Av Cl 132 # 94 C-04","Cundinamarca","4.732188,-74.089865","N"
"EFECTY","ACB352272","Carrera 51  59 C Sur   93","Cundinamarca","4.581159,-74.15389","N"
"EFECTY LA GLORIA DIAGONAL 43 SUR","ACB272873","Dg 43 Sur # 6 B -30 Este","Cundinamarca","4.545796,-74.09135","N"
"EFECTY BRITALIA CLL 49 SUR","ACB177932","Cl 49 Sur # 81 D-36","Cundinamarca","4.622327,-74.172653","N"
"EFECTY LOS ALMENDROS CL 40 SUR","ACB304576","Cl 40 Sur # 96-45","Cundinamarca","4.646059,-74.173887","N"
"EFECTY EL PALMAR CRA 117","ACB272817","Cr 117 # 63 H-18","Cundinamarca","4.710476,-74.141274","N"
"EFECTY MOLINOS 2 CRA 5 SUR","ACB307546","Cr 5 # 48r 23 Sur","Cundinamarca","4.549488,-74.108964","N"
"CONEXRED","ACB300011","Carrera 116 77b 41","Cundinamarca","4.721608,-74.126034","N"
"EFECTY COLSUBSIDIO ROMA SUR","ACB273731","Cl 53 Sur # 79 C-06 Lc 3","Cundinamarca","4.614617,-74.171712","N"
"EFECTY EL CHICAL SUR","ACB278275","Cl 60 Sur # 22-62 Casa 3","Cundinamarca","4.568379,-74.1434","N"
"EFECTY DIMONEX CORUÑA SUR.","ACB320592","Cl 59 Sur # 48 B -03","Cundinamarca","4.577983,-74.152767","N"
"CONEXRED","ACB270958","Carrera 20d  67 25 Sur Brr San Francisco","Cundinamarca","4.565258,-74.139772","N"
"EFECTY SUBA AURES I","ACB173608","Cr 100 A # 130 F-17","Cundinamarca","4.732457,-74.096257","N"
"EFECTY AURES II CLL 129 F","ACB178692","Cl 129 F # 104-03","Cundinamarca","4.731614,-74.100794","N"
"EFECTY CATALINA SUR","ACB301067","Cr 77 L # 54 A -11 Sur","Cundinamarca","4.606637,-74.169491","N"
"EFECTY CENTRO COMERCIAL MUISCA","ACB178108","Cl 64 # 118 B 58 Local 205","Cundinamarca","4.712288,-74.140625","N"
"EFECTY PATIO BONITO ALMENDROS I","ACB162608","Cl 40 Sur # 97 F-05","Cundinamarca","4.647537,-74.174892","N"
"EFECTY NUEVA TIBABUYES CRA 119 D","ACB304279","Cr 119 D # 128 C 59","Cundinamarca","4.731086,-74.104744","N"
"EFECTY SUBA LA CHUCUA","ACB151280","Cl 132 # 97-05","Cundinamarca","4.733511,-74.09264","N"
"EFECTY EL MIRADOR","ACB308228","Cl 63b Norte 118b 19","Cundinamarca","4.710333,-74.14342","N"
"EFECTY OLARTE ENTRADA PORTAL","ACB153590","Cr 72 D # 57 A Sur-91","Cundinamarca","4.599625,-74.16711","N"
"CONEXRED","ACB322615","Calle 128d 119d11","Cundinamarca","4.731209,-74.104762","N"
"CONEXRED","ACB303300","Carrera 119  6455","Cundinamarca","4.713277,-74.140126","N"
"EFECTY CASA LINDA II","ACB170210","Cr 22 G # 60-48 Sur","Cundinamarca","4.56886,-74.144982","N"
"EFECTY ENTRADA PRINCIPAL PERDOMO I","ACB171738","Cl 63 Sur # 70a-40","Cundinamarca","4.589403,-74.161917","N"
"CONEXRED","ACB270804","Carrera 80 Sur 53 20","Cundinamarca","4.615419,-74.172913","N"
"EFECTY PATIO BONITO PALMITAS CALLE 40","ACB162619","Cl 40 Sur # 98 C-23","Cundinamarca","4.648449,-74.175506","N"
"EFECTY LA GLORIA 1","ACB129973","Dg 45c Sur # 11-56 Este","Cundinamarca","4.543369,-74.088064","N"
"EFECTY SUBA VILLA ELISA CRA 94","ACB154809","Cl 135 A # 94 C-32","Cundinamarca","4.734804,-74.088342","N"
"EFECTY CORTIJO CARRERA 116 A","ACB075599","Cr 116 A # 82-44","Cundinamarca","4.726641,-74.119679","N"
"GIROS Y FINANZAS METRO AUTOPISTA SUR","ACB021194","Autopista Sur # 77a-18 L-26","Cundinamarca","4.597119,-74.166829","N"
"EFECTY MEISSEN","ACB073311","Ac 60 Sur # 18 B-21","Cundinamarca","4.562129,-74.137989","N"
"EFECTY CIUDAD BOLIVAR DG 60 SUR","ACB306194","Dg 60 Sur # 32-28","Cundinamarca","4.571413,-74.148807","N"
"EFECTY ENGATIVA LA FAENA","ACB177383","Cr 121 # 69 B-17 Barrio Faena Engativa","Cundinamarca","4.716407,-74.137576","N"
"A Y V EXITO COLINA CAMPESTRE","ACB061695","Av Boyaca Kr 72 No 146a 25","Cundinamarca","4.734398,-74.065928","N"
"EFECTY UNIR II","ACB169627","Cr 120 # 76 A-25","Cundinamarca","4.720369,-74.132048","N"
"EFECTY EXPRESS EFECTY LAS PALMAS","ACB305654","Cr 121 # 66 A-15","Cundinamarca","4.715254,-74.139594","N"
"EFECTY DIANA TURBAY CRA 1 SUR","ACB177493","Cl 48 X Sur # 1 A-50","Cundinamarca","4.545839,-74.106027","N"
"EFECTY TELECOMUNICACIONES CALLE 56A","ACB195400","Cl 56 A- 78k-33 Sur","Cundinamarca","4.61035,-74.172791","N"
"CONEXRED","ACB273391","Calle 68 B  69 45   Sur  Mz 7 C 186","Cundinamarca","4.582973,-74.15943","N"
"EFECTY ENGATIVA C.C. EL TESORO","ACB161476","Cl 64 # 121-19 Lc 6","Cundinamarca","4.71462,-74.140972","N"
"EFECTY","ACB169869","Cr 109 # 131 B - 69 Local 5 Suba Aures","Cundinamarca","4.733912,-74.102424","N"
"CONEXRED","ACB300275","Calle 132  103a  5 Barrio Suba","Cundinamarca","4.734915,-74.098292","N"
"CONEXRED","ACB322406","Diagonal 49 Sur  86a  77","Cundinamarca","4.62704,-74.177265","N"
"EFECTY CANDELARIA LA NUEVA CLL 68 SUR","ACB194036","Cl 68 A Sur N 49-35","Cundinamarca","4.578148,-74.156828","N"
"EFECTY LAS MARGARITAS CALLE 150","ACB075906","Cl 150 # 23-32","Cundinamarca","4.732022,-74.049071","N"
"EFECTY SUBA VILLA MARIA CALLE 129D","ACB173697","Cl 129 D # 121-45 Local 17","Cundinamarca","4.733399,-74.10622","N"
"CONEXRED","ACB303805","Calle 131 Bis 104 33","Cundinamarca","4.73483,-74.100562","N"
"AYV CIUDAD BOLIVAR","ACB066689","Calle 68 Sur N 47a  10 Lc 212","Cundinamarca","4.575837,-74.15515","N"
"GIROS Y FINANZAS SUBA","ACB020676","Cl. 140 # 91-19 L-5-116 Centro Suba","Cundinamarca","4.736947,-74.085423","N"
"EFECTY ACACIA SUR","ACB305863","Cr 20 C # 62-11 Sur","Cundinamarca","4.56446,-74.143978","N"
"EFECTY CEDRITOS CALLE 147","ACB076215","Cl 147 # 14-09","Cundinamarca","4.728426,-74.039245","N"
"EFECTY","ACB136672","Calle 116 No 9 22","Magdalena","4.575395,-74.154989","N"
"EFECTY BOSA BRASILIA SUR","ACB278264","Cr 85 # 51 D -06 Sur","Cundinamarca","4.623453,-74.177296","N"
"EFECTY","ACB357002","Cl 68 Sur No 46 A 05","Cundinamarca","4.575216,-74.155216","N"
"EFECTY","ACB356793","Cl 68 Sur No 46 A 05","Cundinamarca","4.575216,-74.155216","N"
"EFECTY","ACB306062","Cra 18l No 66 19 Sur","Cundinamarca","4.623115,-74.177456","N"
"EFECTY DIMONEX BOSA SUR I","ACB306941","Cl 52a # 83-32 Sur","Cundinamarca","4.622884,-74.177429","N"
"BANCAMIA CENTRO SUBA","ACB062047","Av Suba Cl 145 No 89 22","Cundinamarca","4.737579,-74.083846","N"
"EFECTY CANDELARIA LA NUEVA CR 38 SUR","ACB194146","Cr 38 N 63 -10 Sur","Cundinamarca","4.57121,-74.15187","N"
"COOPERATIVA FINANCIERA DE ANTIOQUIA","ACB199097","Calle 145   9119 Cc Centro Suba","Cundinamarca","4.737547,-74.085975","N"
"CONEXRED","ACB309746","Carrera 102a  132d  03","Cundinamarca","4.736391,-74.097256","N"
"A Y V PF OFICINA CENTRO SUBA","ACB064764","Cl 140 91 19 Zona Comun Area 2 Suba","Cundinamarca","4.737755,-74.086122","N"
"EFECTY CANDELARIA LA NUEVA II","ACB166129","Cl 64 # 35-03 Sur","Cundinamarca","4.569586,-74.150718","N"
"EFECTY PALERMO SUR","ACB325849","Cr 3 # 49b-20 Sur","Cundinamarca","4.544587,-74.109797","N"
"EFECTY CANDELARIA LA NUEVA II","ACB150751","Cr 49 # 68d-29 Sur","Cundinamarca","4.577217,-74.157713","N"
"BANCAMIA SAN FRANCISCO","ACB062795","Calle 61b 40","Cundinamarca","4.56197,-74.14262","N"
"CONEXRED","ACB279968","Carrera 124 128 15 Barrio Suba Tibabuyes","Cundinamarca","4.733408,-74.110693","N"
"EFECTY LA ANDREA CRA 4 SUR","ACB305203","Cr 4 # 80 A-29 Sur","Cundinamarca","4.570498,-74.152183","N"
"EFECTY BOSA LAS MARGARITAS","ACB076116","Cl 49 Sur # 89-27","Cundinamarca","4.633871,-74.179665","N"
"A Y V PF OFICINA CENTRO DE PAGOS SUBAZAR","ACB064698","Kr 92 No 145 40 Lc 119 C C Subazar","Cundinamarca","4.738475,-74.085589","N"
"EFECTY CASA BLANCA SUBA","ACB165942","Cr 76 # 146 C-29","Cundinamarca","4.738518,-74.074122","N"
"EFECTY PERDOMO","ACB072761","Cl 63 Sur # 71 F-86","Cundinamarca","4.588109,-74.166147","N"
"EFECTY SUBA LAS FLORES","ACB173499","Cl 139 # 95a-68","Cundinamarca","4.73851,-74.088842","N"
"EFECTY PORTAL USME","ACB308053","Av Caracas # 63-00 Sur","Cundinamarca","4.556615,-74.13675","N"
"EFECTY SAN FRANCISCO CRA 20","ACB166130","Cr 20 B # 63-98 Sur","Cundinamarca","4.5634,-74.14563","N"
"EFECTY","ACB358180","Avenida Carrera 24 No 7 32 Sur Local 102","Cundinamarca","4.607804,-74.17532","N"
"EFECTY SUBA COSTA AZUL CLL 135 II","ACB164392","Cr 102 A # 135-15","Cundinamarca","4.73799,-74.096391","N"
"GIROS Y FINANZAS C.C. CEDRITOS","ACB020940","Diag. 151 # 32-19 L-1054","Cundinamarca","4.73215,-74.042435","N"
"BANCAMIA PATIOBONITO","ACB062607","Carrera 86f 36 16","Cundinamarca","4.73961,-74.08141","N"
"EFECTY CC MAZUREN","ACB074181","Aut Norte Cl 152 Cc. Mazuren Lc 1-61","Cundinamarca","4.735215,-74.050024","N"
"EFECTY BOSA BRASILIA CL 51 SUR","ACB302738","Cl 51 Sur # 87 K-16","Cundinamarca","4.629823,-74.18072","N"
"EFECTY ACACIA CL 65 SUR","ACB276657","Cl 65 Sur # 20 A 14","Cundinamarca","4.56275,-74.146542","N"
"EFECTY LA CAÑIZA CR 124","ACB177019","Cr 124 # 130-03","Cundinamarca","4.735886,-74.109091","N"
"EFECTY SANTA RITA CRA 10 ESTE","ACB277582","Cr 10 Este 52-50 Sur","Cundinamarca","4.538425,-74.091149","N"
"CONEXRED","ACB270189","Carrera 123 130c 66 Brr Suba","Cundinamarca","4.736607,-74.106784","N"
"EFECTY CR 16 SUR MEXICO","ACB195037","Cr 17 Bis # 64- 00 Sur","Cundinamarca","4.555132,-74.137055","N"
"EFECTY INVER VARGAS CC RONDA DEL RIO","ACB303025","Cl 78 B # 120 A-56 Lc 1-03","Cundinamarca","4.725188,-74.13364","N"
"EFECTY SAN FRANCISCO CARRERA 20 D SUR","ACB272950","Cr 20 D # 66-76 Sur","Cundinamarca","4.563409,-74.14874","N"
"EFECTY LA ACACIA CRA 19 SUR","ACB272862","Cr 19 D # 64-99 Sur","Cundinamarca","4.561012,-74.146014","N"
"EFECTY JERUSALEN CRA 46 SUR","ACB166855","Cr 46 Sur # 69 D-21","Cundinamarca","4.572943,-74.158019","N"
"EFECTY COSTA AZUL CLL 139","ACB276646","Cl 139 # 101 B 27","Cundinamarca","4.740192,-74.094586","N"
"EFECTY BOSA BRASIL CR 88 C","ACB173983","Cr 88 C # 52-26 Sur Local 1","Cundinamarca","4.629991,-74.182174","N"
"CONEXRED","ACB279825","Carrera 14 A Bis Este 60 D 06 Barrio Nue","Cundinamarca","4.536746,-74.084601","N"
"EFECTY JAVA II","ACB178065","Cr 98 B # 140 B-19","Cundinamarca","4.740789,-74.090819","N"
"EFECTY BOSA PORVENIR CRA 89 CON 50 B","ACB308130","Cr 90 # 49d-93 Sur","Cundinamarca","4.634032,-74.182521","N"
"GIROS Y FINANZAS JUMBO CC SANTA FE","ACB025725","Autopista Norte Con 183 Piso 3 L-317","Cundinamarca","4.762541,-74.045918","Y"
"EFECTY LUCERO BAJO","ACB074268","Dg 64 A Bis Sur # 17b18","Cundinamarca","4.554538,-74.138609","N"
"EFECTY SUBA EL REFUGIO","ACB166909","Cl 135 A # 108-04","Cundinamarca","4.73972,-74.101201","N"
"EFECTY CRA 73 CON 64 A","ACB190977","Cr 73 # 64 A-18 Sur","Cundinamarca","4.585401,-74.168314","N"
"EFECTY BOSA LA PAZ CRA 84","ACB154678","Cr 84 # 56 B-10 Sur","Cundinamarca","4.618931,-74.181485","N"
"EFECTY LA CAMPIÑA II","ACB195378","Cr 92 # 147-15","Cundinamarca","4.742354,-74.08484","N"
"EFECTY SAN FRANCISCO CR 20 SUR","ACB176986","Cr 20 D # 68 A-14 Sur","Cundinamarca","4.562925,-74.150357","N"
"EFECTY CENTRO COMERCIAL TREBOLI","ACB139170","Cr 95a # 49c-80 Sur Local 111","Cundinamarca","4.639083,-74.184019","N"
"EFECTY","ACB300967","Cr 17 F  66 A   33 Sur","Cundinamarca","4.554345,-74.140173","N"
"MULTIPAGAS","ACB197314","Carrera 59 # 152b-79","Cundinamarca","4.741736,-74.063799","N"
"EFECTY BOSA JOSE ANTONIO GALAN","ACB074147","Cl 58m # 79b-02","Cundinamarca","4.607972,-74.179559","N"
"EFECTY LA ESTANCIA","ACB074741","Cl 60 A Sur # 74-25","Cundinamarca","4.591837,-74.172973","N"
"EFECTY SAN FRANCISCO CRA 91 SUR","ACB178164","Cr 19 D # 67-09 Sur","Cundinamarca","4.560352,-74.148307","N"
"EFECTY REPUBLICA DE CANADA DG 50 SUR","ACB301133","Dg 50 S # 14 A-07 Este","Cundinamarca","4.53509,-74.086798","N"
"EFECTY BOSA DANUBIO CRA 87 SUR","ACB320503","Cr 87 # 55b-23 Sur","Cundinamarca","4.623772,-74.183546","N"
"EFECTY ESTANCIA KRA 75","ACB165700","Cr 75 # 57 R-50 Sur Lc 4","Cundinamarca","4.595341,-74.175238","N"
"EFECTY EL MORAL CRA 8 A","ACB308206","Cr 8a # 153-64 Lc 14","Cundinamarca","4.731404,-74.030408","N"
"EFECTY SIERRA MORENA","ACB134340","Cl 70 Sur N. 72b-06","Cundinamarca","4.579166,-74.166207","N"
"EFECTY DANUBIO AZUL CRA 4 SUR","ACB153688","Cl 56 Sur # 4 H-17","Cundinamarca","4.540909,-74.117984","N"
"EFECTY VILLA MAGDALA AV 19 NO 154-55","ACB073960","Av 19 # 154-55","Cundinamarca","4.737921,-74.043621","N"
"CONEXRED","ACB279836","Calle 72 C 48 04 Barrio La Pradera","Cundinamarca","4.573734,-74.163135","N"
"EFECTY SUBA BOCHALEMA CRA 103 A","ACB279067","Cr 103 A # 141-15","Cundinamarca","4.743739,-74.094898","N"
"EFECTY SUBA GAITANA CRA 125","ACB165788","Cr 125 # 132 D-10","Cundinamarca","4.741044,-74.108024","N"
"EFECTY BOSA PORVENIR CALLE 54 C SUR","ACB277339","Cl 54 C # 88 I-98 Sur","Cundinamarca","4.631346,-74.185897","N"
"EFECTY SUBA VILLAMARIA 139 II","ACB190384","Cl 139 # 109 B-53","Cundinamarca","4.742742,-74.101709","N"
"EFECTY SUBA- VILLA MARIA KRA 111B","ACB173565","Cr 111b # 138-03","Cundinamarca","4.74243,-74.103267","N"
"EFECTY SUBA LAS FLORES AV CIUDAD DE CALI","ACB166053","Cl 140a # 104-07","Cundinamarca","4.743582,-74.098335","N"
"EFECTY BOSA BRASIL CR 86 SUR","ACB139763","Cr 86a # 57b 39 Sur","Cundinamarca","4.621155,-74.184956","N"
"EFECTY DANUBIO AZUL CALLE 56 SUR","ACB190351","Cl 56 Sur # 3 F-18","Cundinamarca","4.538819,-74.115608","N"
"CONEXRED","ACB279760","Calle 148 97 25 Barrio Suba La Campina","Cundinamarca","4.74525,-74.087786","N"
"EFECTY BARRANCAS EL DORADO","ACB076039","Cl 156 # 8 A-75","Cundinamarca","4.733382,-74.029989","N"
"CONEXRED","ACB198360","Kr 94 B   60 A 15  Sur Brr Atalayas","Cundinamarca","4.6367,-74.187135","N"
"EFECTY","ACB357914","Cra 62 160a 24","Cundinamarca","4.744744,-74.063223","N"
"EFECTY BARRANCAS CARRERA 7 CON 155","ACB075764","Cr 7 # 155-75","Cundinamarca","4.730607,-74.02417","N"
"EFECTY","ACB357925","Cra 75 C  62   04 Sur","Cundinamarca","4.590623,-74.176076","N"
"BANCAMIA SUBA","ACB062915","Calle 139 112b 27","Cundinamarca","4.74372,-74.10417","N"
"EFECTY SUBA GAITANA CALLE 133 I","ACB323067","Tv 126 B # 133- 22","Cundinamarca","4.742333,-74.110034","N"
"EFECTY SANTA ROCITA DE LAS VEGAS","ACB153842","Cl 70 Sur # 40b-21","Cundinamarca","4.566392,-74.159766","N"
"EFECTY BOSA HOLANDA","ACB072936","Cl 57 Sur # 87 I-18","Cundinamarca","4.626044,-74.187343","N"
"EFECTY SUBA ROMI SALITRE CR 92","ACB301056","Cr 92 # 151-01 Local 103","Cundinamarca","4.74687,-74.084435","N"
"EFECTY PORVENIR SUR","ACB301045","Cr 93 C # 54 D-24 Sur","Cundinamarca","4.634963,-74.188193","N"
"ACCIONES Y VALORES EXITO BOSA","ACB061530","Cl 65 Sur No 78h 54 Exito Bosa","Cundinamarca","4.605155,-74.183025","N"
"EFECTY PUERTAS DEL SOL II","ACB276745","Cl 139 Bis # 114-06","Cundinamarca","4.744337,-74.104795","N"
"CONEXRED","ACB195949","Cl 3 # 14 A - 28","Atlantico","4.535169,-74.110728","N"
"CONEXRED","ACB322473","Calle 73c Sur 45c2","Cundinamarca","4.571022,-74.164539","N"
"EFECTY C.C ALTAVISTA","ACB076754","Ak 1 # 65 D-58 Sur Lc 1 30","Cundinamarca","4.538446,-74.120495","N"
"EFECTY BOSA GUARILOCHE","ACB173972","Cl 65 Sur # 78-04","Cundinamarca","4.600919,-74.181731","N"
"AYV EXITO BOSA 2","ACB066854","Calle 65 Sur Numero 78 H 54 Local 110","Cundinamarca","4.604771,-74.183254","N"
"EFECTY EL CORZO CR 93 SUR","ACB324112","Cr 93 C # 54 F-48 Sur","Cundinamarca","4.634728,-74.188751","N"
"EFECTY LUCERO DEL SUR CR 17 SUR","ACB302662","Cr 17 M Sur N 69-05 Piso 1","Cundinamarca","4.549671,-74.141881","N"
"EFECTY ORQUIDEAS CLL 161","ACB131358","Cl 161 # 16 A-05","Cundinamarca","4.739711,-74.03905","N"
"EFECTY SUBA TOSCANA","ACB154557","Cl 132 D # 129-03","Cundinamarca","4.742654,-74.112678","N"
"EFECTY","ACB306974","Cra 4  17   65","Cundinamarca","4.695914,-74.172806","N"
"EFECTY CIUDAD BOLIVAR CALLE 59 A SUR","ACB308075","Cl 59 A Sur # 75 L 40","Cundinamarca","4.59262,-74.17856","N"
"EFECTY CANTALEJO CLL 162","ACB177570","Cr 55 # 162-41","Cundinamarca","4.745273,-74.056785","N"
"EFECTY MOSQUERA EL RUBI","ACB170957","Cl 17 # 5-13","Cundinamarca","4.695236,-74.173441","N"
"PAGAFACIL BOSA","ACB065622","Cl 65 Sur No 78 L 64 Bosa","Cundinamarca","4.606051,-74.184137","N"
"EFECTY BOSA EL PARAISO","ACB154315","Cl 58 C Sur # 87 F-15","Cundinamarca","4.623946,-74.188234","N"
"EFECTY","ACB323748","Transv 50  76   76 Sur","Cundinamarca","4.572798,-74.166874","N"
"GIROS Y FINANZAS BOGOTA CCIAL GRAN PLAZA","ACX026342","Calle 65 Sur No. 78 H 51","Cundinamarca","4.604812,-74.184151","N"
"EFECTY","ACB358157","Cra 15  26d 05","Cundinamarca","4.529896,-74.088521","N"
"EFECTY SUBA CRA 106 B","ACB324046","Cr 106b # 143-63","Cundinamarca","4.74699,-74.097874","N"
"EFECTY BOSA LA CABAÑA","ACB153699","Ak 89 B # 56 H-04 Sur","Cundinamarca","4.630911,-74.18944","N"
"EFECTY LA FISCALA","ACB167054","Tv 2 C Este # 64-74 Sur","Cundinamarca","4.534015,-74.111615","N"
"EFECTY","ACB307096","Cra 100  50 B   45 Sur","Cundinamarca","4.64322,-74.189878","N"
"EFECTY BOSA LA PAZ","ACB320482","Cr 82 F # 62-09 Sur","Cundinamarca","4.615919,-74.187555","N"
"EFECTY EXPRESS BOSA LIBERTAD CLL 59 SUR","ACB326037","Cl 59 C Sur # 87 C -14","Cundinamarca","4.623089,-74.189089","N"
"EFECTY TIBABUYES CAI","ACB173718","Tv 127 # 138 C-17","Cundinamarca","4.745236,-74.108912","N"
"EFECTY SOTAVENTO CLL 73 SUR","ACB191208","Cl 73 A Sur # 16 F-28","Cundinamarca","4.544608,-74.137397","N"
"EFECTY ARBORIZADORA CAI","ACB178306","Cr 43 # 74 A-03 Sur","Cundinamarca","4.568361,-74.165181","N"
"EFECTY TROPEZON CL 62 SUR II","ACB301001","Cl 62 Sur# 86 B-60","Cundinamarca","4.62031,-74.1893","N"
"EFECTY BOSA PORTADA II","ACB278242","Cl 58 A Sur # 88 H-38","Cundinamarca","4.628083,-74.190477","N"
"EFECTY LAS QUINTAS II","ACB277735","Cr 17 F # 71 A -95 Sur Lc 79","Cundinamarca","4.545359,-74.139246","N"
"EXITO SUBA","ACB065875","Calle 145c 106 48","Cundinamarca","4.748484,-74.097163","N"
"ACCIONES Y VALORES PF OFICINA TOBERIN","ACB065017","Autopista Norte 163a 40","Cundinamarca","4.744909,-74.047135","N"
"CONEXRED","ACB303256","Diagonal 139a Bis 127a18","Cundinamarca","4.746265,-74.108877","N"
"CONEXRED","ACB322671","Calle 54c Sur  100 24","Cundinamarca","4.642663,-74.191302","N"
"EFECTY EXPRESS EFECTY LIBERTAD SUR","ACB322769","Cl 59 C Sur # 87 J-22 Local 2","Cundinamarca","4.624632,-74.190484","N"
"EFECTY C.C. PLAZA IMPERIAL II","ACB075885","Cr 104 # 148-07 Local 273","Cundinamarca","4.748973,-74.096449","N"
"EFECTY SUBA LOS NOGALES CALLE 132D I","ACB276789","Cl 132d # 140-17","Cundinamarca","4.744339,-74.115725","N"
"GIROS Y FINANZAS C.C. PLAZA IMPERIAL","ACB026133","Av. Cr 104 # 148-07 L-2-17","Cundinamarca","4.749177,-74.095392","N"
"EFECTY SUBA LOMBARDIA CALLE 145","ACB076501","Cl 145 # 110-13","Cundinamarca","4.748469,-74.100074","N"
"EFECTY BOSA CALDAS","ACB075632","Cl 56 H Sur # 93 C-98","Cundinamarca","4.634901,-74.191509","N"
"EFECTY CC EL EDEN","ACB277009","Av Boyaca # 15-98 L2 096 D","Cundinamarca","4.541334,-74.133784","N"
"AYV JUMBO PLAZA IMPERIAL","ACB067185","Calle 146 A N0 106 20 Local 101","Cundinamarca","4.749322,-74.09596","N"
"EFECTY BOSA LA AMISTAD","ACB178131","Cl 65 F Sur # 78-04","Cundinamarca","4.600398,-74.18485","N"
"EFECTY CARACOLI CIUDAD BOLIVAR","ACB076457","Cl 76 Sur # 73 C 18","Cundinamarca","4.574228,-74.170981","N"
"EFECTY CRA 8 F CON 161 A","ACB195170","Cr 8 F # 161 A 33","Cundinamarca","4.738664,-74.029707","N"
"A Y V HOMECENTER SUBA CC PLAZA IMPERIAL","ACB061068","Ak 104 No 148 07 Lc 1 151 1 152","Cundinamarca","4.74989,-74.09513","N"
"EFECTY DIMONEX LAS HUERTAS CL 61 SUR","ACB308086","Cl 61 C # 77 A-11 Sur","Cundinamarca","4.590008,-74.180981","N"
"EFECTY TOBERIN PARQUE PRINCIPAL","ACB177767","Cl 164 # 16 B- 78","Cundinamarca","4.743487,-74.039072","N"
"EFECTY BOSA NOVA","ACB177679","Cr 87 C # 62 B-21 Sur","Cundinamarca","4.622392,-74.191204","N"
"CONEXRED","ACB303607","Calle 65 C Sur 1184","Cundinamarca","4.533497,-74.118665","N"
"EFECTY EXPRESS BOSA PRIMAVERAL SUR","ACB308118","Cl 59 C Sur # 89 Bis A-52","Cundinamarca","4.628381,-74.192153","N"
"EFECTY SUBA LISBOA CR 149 II","ACB169760","Cl 132 D # 149 C-13","Cundinamarca","4.744106,-74.120129","N"
"AYV BANCAMIA BARRANCAS","ACB061871","Calle 162 No 7f   37","Cundinamarca","4.737636,-74.025561","N"
"EFECTY SAN CIPRIANO AV BOYACA II","ACB151785","Cl 167 # 65-37 Local 1","Cundinamarca","4.750434,-74.063948","N"
"EFECTY SUBA CLL 132 D","ACB170463","Cl 132 D # 153-42","Cundinamarca","4.742683,-74.124013","N"
"EFECTY SAN CRISTOBAL NORTE CALLE 163 A","ACB075731","Cl 163 A # 8 F-43","Cundinamarca","4.73994,-74.029687","N"
"CONEXRED","ACB320239","Calle 139  134 12","Cundinamarca","4.746889,-74.113236","N"
"CONEXRED","ACB270178","Carrera 6 Este 97b 44 Sur","Cundinamarca","4.752073,-74.086085","N"
"EFECTY CASA DE TEJA","ACB162291","Tv 16 C # 75 B-48 Sur","Cundinamarca","4.541331,-74.137536","N"
"EFECTY SAN CIPRIANO","ACB305896","Cl 167 # 51-23","Cundinamarca","4.748651,-74.051259","N"
"EFECTY","ACB075566","Calle 167  54 B 38 Local 102","Cundinamarca","4.749509,-74.05442","N"
"MULTIPAGAS","ACB307250","Carrera 18l 70g Sur","Cundinamarca","4.550358,-74.150865","N"
"EFECTY SUBA BERLIN CLL 139 II","ACB173785","Cl 139 # 140-03","Cundinamarca","4.746939,-74.11479","N"
"EFECTY SUBA TIBABUYES CLL 143 II","ACB135440","Cr 128 # 142d-35","Cundinamarca","4.748402,-74.109881","N"
"EFECTY BRITALIA NORTE CLL 167","ACB177613","Cl 167 # 48-61 Lc 102","Cundinamarca","4.748292,-74.049451","N"
"MULTIPAGAS","ACB271827","Carrera 1  65 D 58 S","Cundinamarca","4.532218,-74.11844","N"
"EFECTY SUBA TURINGIA II","ACB300989","Cr 103 D # 152-35 Local 106","Cundinamarca","4.75187,-74.09272","N"
"EFECTY SAN CRISTOBAL NTE 163","ACB160893","Cl 163 A # 7 G-7","Cundinamarca","4.738959,-74.025735","N"
"CONEXRED","ACB303937","Calle 167 48 62","Atlantico","4.748617,-74.049694","N"
"CONEXRED","ACB279957","Calle 6 11 A 03 Barrio Planadas","Cundinamarca","4.692261,-74.180894","N"
"EFECTY CARREFOUR BOSA","ACB072871","Cr 92 # 60-90 Sur Local 22","Cundinamarca","4.630817,-74.193962","N"
"EFECTY DIMONEX LA ESTRELLA","ACB302651","Cr 18 A Bis # 73 Sur-38","Cundinamarca","4.544077,-74.143387","N"
"BANCAMIA TOBERIN","ACB062937","Cl 166 No 19 B 70","Cundinamarca","4.74516,-74.03802","N"
"EFECTY PINARES DE SUBA II","ACB301023","Cl 153 # 101-10","Cundinamarca","4.753065,-74.088824","N"
"EFECTY SUBA BERLIN PARQUE CR 145","ACB154645","Cl 139 # 145 B-03","Cundinamarca","4.747218,-74.117788","N"
"EFECTY GRANADA NORTE II","ACB153336","Autopista Norte # 167 A-27","Cundinamarca","4.749028,-74.047375","N"
"EFECTY FERNANDO MAZUERA","ACB307106","Cl 68 A Sur # 80 H-32","Cundinamarca","4.607037,-74.190569","N"
"EFECTY SAN PEDRO DE TIBABUYES","ACB177602","Cl 138 # 151-08","Cundinamarca","4.746066,-74.121982","N"
"EFECTY SUBA SALITRE","ACB152270","Cr 92 # 157-37","Cundinamarca","4.75402,-74.080782","N"
"EFECTY SABANA TIBABUYES 143 A","ACB076732","Cr 128 # 143 A-16","Cundinamarca","4.750317,-74.109169","N"
"CONEXRED","ACB309724","Diagonal 71b Sur  18i  73","Cundinamarca","4.546988,-74.149381","N"
"EFECTY SUBA STA RITA","ACB177592","Cl 138 # 155-03","Cundinamarca","4.744306,-74.126747","N"
"BANCAMIA BOSA","ACB061925","Transversal 78l No 69c 02 Sur","Cundinamarca","4.60348,-74.19002","N"
"EFECTY BOSA SAN PABLO","ACB174016","Cr 77 J Bis # 68 Sur -03","Cundinamarca","4.599084,-74.188601","N"
"CONEXRED","ACB273577","Calle57sur102a22 Barrio Bosa El Recuerdo","Cundinamarca","4.640998,-74.196046","N"
"CONEXRED","ACB320240","Carrera 147a Bis  139 54","Cundinamarca","4.748196,-74.118659","N"
"EFECTY BRITALIA NORTE CLL 169","ACB190449","Cl 169 A # 55 A-84","Cundinamarca","4.752556,-74.056738","N"
"EFECTY SUBA OASIS IV","ACB152214","Cl 151 # 111 A-87 Casa 182","Cundinamarca","4.753346,-74.100078","N"
"CONEXRED","ACB302970","Calle 71bis  27b  18 Barrio Paraiso","Cundinamarca","4.553635,-74.158939","N"
"EFECTY BOSA DESPENSA I","ACB276592","Cl 69 A Bis A # 77 J-73 Sur","Cundinamarca","4.60042,-74.190153","N"
"EFECTY BOSA ATALAYAS III","ACB301078","Cr 96 # 61 A-11 Sur","Cundinamarca","4.633994,-74.196823","N"
"EFECTY BOSA REGISTRADURIA II","ACB308185","Cr 78 C # 69 B-90 Sur","Cundinamarca","4.602184,-74.191047","N"
"EFECTY","ACB357837","Calle 69 88i  03 Sur","Cundinamarca","4.625572,-74.1964","N"
"EFECTY SOACHA LA DESPENSA","ACB177217","Cl 12 # 9-50","Cundinamarca","4.595047,-74.189284","N"
"EFECTY SUBA ORQUIDEAS","ACB151565","Cl 157 A # 98 A-57","Cundinamarca","4.756535,-74.085106","N"
"EFECTY BOSA LAS MARGARITAS","ACB177877","Cr 92 # 69-10 Sur","Cundinamarca","4.629189,-74.197809","N"
"CONEXRED","ACB309812","Diagonal 146  118  73","Cundinamarca","4.754232,-74.106594","N"
"EFECTY LAS MERCEDEZ CRA 110","ACB153709","Cr 110 N.152f-37","Cundinamarca","4.756314,-74.095691","N"
"EFECTY ASD CRA. 17 SUR","ACB301012","Cr 17 A # 80 -22 Sur","Cundinamarca","4.536972,-74.140115","N"
"EFECTY SAN BERNANDINO CR 100 A","ACB279089","Cr 100 A # 61-15 Sur Mz 6 Casa 173","Cundinamarca","4.63836,-74.198774","N"
"MULTIPAGAS","ACB199536","Calle 55 # 7-07","Cundinamarca","4.571472,-74.177682","N"
"CONEXRED","ACB303586","Calle 151c  114 F 10 Barrio Almendros","Cundinamarca","4.755644,-74.101355","N"
"CONEXRED","ACB302969","Carrera 141a Bis  143b  57 Barrio Suba B","Cundinamarca","4.752504,-74.114678","N"
"GIROS Y FINANZAS JUMBO CALLE 170","ACB021006","Cl. 170 64-47 L-4 Extremo 7","Cundinamarca","4.756744,-74.064266","N"
"EFECTY BOSA HUMBERTO VALENCIA","ACB174038","Cl 72 A # 82-03 Sur","Cundinamarca","4.612609,-74.196117","N"
"EFECTY LEON XIII COLEGIO COLOMBO LATINO","ACB173961","Cl 53 # 10 -33","Cundinamarca","4.596136,-74.191167","N"
"EFECTY SOACHA CALLE 42","ACB323870","Cl 42 8-36","Cundinamarca","4.580332,-74.183726","N"
"EFECTY SUBA PORTAL DE HATO CHICO III","ACB151433","Cr 128 # 146-29 Lc 1 10","Cundinamarca","4.755187,-74.106439","N"
"CONEXRED","ACB199493","Cr 36a 12 71 Local 36 A","Cundinamarca","4.584352,-74.186171","N"
"EFECTY PARAISO CIUDAD BOLIVAR II","ACB176876","Cr 27 B # 71 I-14 Sur","Cundinamarca","4.550092,-74.159871","N"
"EFECTY SUBA BILBAO PARQUE","ACB154656","Cl 143 B # 147 B-21","Cundinamarca","4.75224,-74.118213","N"
"EFECTY VILLA DEL PRADO CLL 173 IV","ACB151192","Cr 55 # 173-28","Cundinamarca","4.75581,-74.054357","N"
"EFECTY BOSA VILLAS DEL PROGRESO","ACB320635","Cl 71 Sur # 89 A-09","Cundinamarca","4.626083,-74.19945","N"
"EFECTY SUBA COMPARTIR.","ACB173664","Cr 117 # 151 D-40","Cundinamarca","4.75692,-74.102843","N"
"EFECTY BOSA LAURELES CRA 81 SUR","ACB174049","Cr 81 # 72 A-27 Sur","Cundinamarca","4.610507,-74.197067","N"
"EFECTY EXPRESS EFECTY SUBA LONDRES","ACB302716","Cl 153 # 114-40","Cundinamarca","4.758126,-74.097848","N"
"CONEXRED","ACB320042","Diagonal 72 Sur  88 17","Cundinamarca","4.621987,-74.199643","N"
"EFECTY BOSA C.C. METRO RECREO.","ACB075984","Cr 97c # 69a-08 Sur Local 103","Cundinamarca","4.633001,-74.200901","N"
"EFECTY SUBA ALMENDROS III","ACB153776","Cr 115 # 152d-40","Cundinamarca","4.758377,-74.099698","N"
"CONEXRED","ACB270651","Calle 72 B Sur  80i 71","Cundinamarca","4.607812,-74.197248","N"
"EFECTY","ACB358003","Calle 72 B Sur  80 I   71","Cundinamarca","4.607748,-74.197279","N"
"GIROS Y FINANZAS ÉXITO AUTOPISTA NORTE","ACB024768","Cl. 175 # 22-13 L-10","Cundinamarca","4.755034,-74.044854","N"
"CONEXRED","ACB273610","Calle71 Sur 10251barriociudadelaelrecreo","Cundinamarca","4.630489,-74.201205","N"
"ACCIONES Y VALORES HOMECENTER AUTONORTE","ACB060375","Autopista Norte No 175 50 Primer Nivel","Cundinamarca","4.755598,-74.046694","N"
"EFECTY BOSA LAURELES III.","ACB325971","Cl 73 Sur # 80 J-08","Cundinamarca","4.6082,-74.197949","N"
"EFECTY JUAN REY","ACB133305","Cr 14 Este # 73 A-31 Sur","Cundinamarca","4.51727,-74.091419","N"
"EFECTY PARAISO CL 71 P SUR","ACB325850","Cl 71 P # 27 M-09 Sur","Cundinamarca","4.549308,-74.163371","N"
"CONEXRED","ACB303739","Carrera 93d  72  47","Cundinamarca","4.628692,-74.202601","N"
"EFECTY EXPRESS PAGOS SOACHA MALIBU","ACB322011","Cl 5 Bis # 4b-09","Cundinamarca","4.585935,-74.190962","N"
"CONEXRED","ACB279430","Trasve 79 D Sur 73 16 Barr Bosa Carbonel","Cundinamarca","4.606933,-74.198966","N"
"EFECTY","ACB302321","Calle 47  8   07","Cundinamarca","4.592898,-74.194246","N"
"EFECTY BOSA. NARANJOS T","ACB178153","Tv 79 D # 73 A 19 Sur","Cundinamarca","4.606594,-74.198927","N"
"EFECTY SUBA CR 136 A","ACB173686","Cr 136 A # 152 B-19 In 20 Lc 1","Cundinamarca","4.759259,-74.105755","N"
"EFECTY SOACHA OLIVOS I SECTOR","ACB139851","Cr 24 # 45f 68","Cundinamarca","4.599283,-74.196902","N"
"EFECTY SOACHA JULIO RINCON","ACB178779","Tv 9 Este 44 -30","Cundinamarca","4.583695,-74.190606","N"
"EFECTY BOSA CARLOS ALBAN","ACB324606","Cr 78 C # 73-46 Sur","Cundinamarca","4.604032,-74.199397","N"
"EFECTY","ACB355527","Cra 78 C  73   46 Sur","Cundinamarca","4.604068,-74.199427","N"
"EFECTY SAN JUAN BAUTISTA CL 74 SUR","ACB272895","Cl 74 B Sur # 0-07","Cundinamarca","4.518175,-74.111993","N"
"EFECTY BOSA METROVIVIENDA","ACB152182","Cr 98 B # 73-15 Sur Lote 9 Casa 248","Cundinamarca","4.632408,-74.20519","N"
"EFECTY SOACHA LEON XIII - 2","ACB274260","Cl 42 # 7 -05","Cundinamarca","4.59141,-74.196042","N"
"CONEXRED","ACB322550","Calle 78 Sur  9021","Cundinamarca","4.624904,-74.205164","N"
"EFECTY BOSA MANZANARES II","ACB323737","Cr 80 J # 74 D 03 Sur","Cundinamarca","4.609428,-74.202698","N"
"EFECTY BOSA ESPERANZA CR 80 J SUR","ACB301100","Cr 80 J # 75-53 Sur","Cundinamarca","4.609935,-74.203633","N"
"CONEXRED","ACB192210","Cr 1 C  74 B 48 Sur","Cundinamarca","4.516263,-74.113618","N"
"EFECTY C.C. AUTOPISTA 184","ACB072837","Av Cr 45 # 183a-86 Lc 65","Cundinamarca","4.761462,-74.04355","N"
"EFECTY USAQUEN 182 A","ACB177734","Cr 16 # 182 A-24","Cundinamarca","4.759694,-74.037313","N"
"MULTIPAGAS","ACB270639","Calle 185 45-03","Cundinamarca","4.76245,-74.045201","N"
"PF CODABAS BOGOTA","ACB067877","Cra 7 No 180   75 Md 2 Lc 12 Y 13","Cundinamarca","4.756868,-74.028558","N"
"EFECTY C.C. SANTA FE LOCAL 3-38","ACB177525","Cl 185 # 45-03 Local 3-38","Cundinamarca","4.763346,-74.046232","N"
"EFECTY SOACHA AV TERREROS","ACB171749","Dg 35 # 12 -01","Cundinamarca","4.589721,-74.200058","N"
"EFECTY","ACB131006","Carrera 14 Bis  54   08 Sur","Cundinamarca","4.514362,-74.115893","N"
"EFECTY CALLE 185 NORTE","ACB326181","Cl 185 # 17-42","Cundinamarca","4.761982,-74.038497","N"
"EFECTY SAN ANTONIO NORTE C.C. MULTIPLAZA","ACB075159","Cr 11 # 183-15 Lc 103 104","Cundinamarca","4.760501,-74.033341","N"
"EFECTY SAN ANTONIO NORTE","ACB139972","Cl 182 # 7 C-11","Cundinamarca","4.758757,-74.028305","N"
"EFECTY SAN PEDRO.","ACB177536","Cl 187 # 55 A 40 L- A 27 C.c. San Pedro","Cundinamarca","4.7668,-74.049285","N"
"EFECTY SOACHA SAN MATEO SUMAPAZ","ACB175985","Cr 7 E # 32 C 21","Cundinamarca","4.580733,-74.198118","N"
"EFECTY LA ANDREA II","ACB173752","Cl 78 Sur # 1 D-44 Este","Cundinamarca","4.510711,-74.111952","N"
"CONEXRED","ACB270761","Diagonal 87 Sur 14i 05 Lc 1","Cundinamarca","4.512113,-74.117446","N"
"EFECTY MARICHUELA CALLE 76 SUR","ACB170485","Cl 76 C Sur # 0-05","Cundinamarca","4.511474,-74.115269","N"
"EFECTY TIBABITA II SECTOR","ACB178449","Cl 185 # 8-64","Cundinamarca","4.761632,-74.029703","N"
"EFECTY MARICHUELA","ACB178340","Tv 1 D # 76 B-03 Sur","Cundinamarca","4.512193,-74.11844","N"
"CONEXRED","ACB198546","Kr 102   70 76 Brr Alamos Norte","Cundinamarca","4.610158,-74.20999","N"
"EFECTY BOSA SAN DIEGO","ACB152698","Cl 85a Sur # 78-79 Int 135","Cundinamarca","4.612138,-74.211178","N"
"AYV CC MERCURIO","ACB066865","Calle 65 Sur Numero 78 H 54 Local 110","Cundinamarca","4.589039,-74.204969","N"
"EFECTY HOSPITAL IGLESIA SAN MATEO","ACB122679","Cr 9 Este # 30-61 Ex 2","Cundinamarca","4.577995,-74.200048","N"
"EFECTY","ACB357639","Calle 188 9 87","Cundinamarca","4.7648,-74.03217","N"
"CONEXRED","ACB307326","Calle 188 11 34","Cundinamarca","4.765255,-74.032676","N"
"EFECTY SAN MATEO AVDA 30","ACB111558","Av Cl 30 # 8 B 12 Este","Cundinamarca","4.577953,-74.200587","N"
"EFECTY EL CODITO","ACB164161","Cr 4 # 185 B-05","Cundinamarca","4.761995,-74.024319","N"
"EXITO ANTARES SOACHA","ACB065589","Transversal 7c  30e 118 Soacha","Cundinamarca","4.587723,-74.205407","N"
"EFECTY YOMASA","ACB074565","Cr 49 Este # 87-27 Sur","Cundinamarca","4.508014,-74.113578","N"
"EFECTY LA CALERA TERMINAL","ACB126442","Cr 3 # 3-74 Lc 1","Cundinamarca","4.718527,-73.968924","N"
"EFECTY CENTRO CALLE 5","ACB120787","Cl 6 # 4 A-77 Lc 6","Cundinamarca","4.720395,-73.969979","N"
"EFECTY LIJACA CALLE 189.","ACB169715","Cl 189 # 8 A-10 Lc 1","Cundinamarca","4.765813,-74.029248","N"
"EFECTY SAN MATEO PLAZA CRA 3","ACB130445","Cr 3 Este # 29 B-58","Cundinamarca","4.581664,-74.204967","N"
"GIROS Y FINANZAS VENTURA TERREROS","ACB020698","Cr 3 # 29 A-02 C.c. Unisur Soacha","Cundinamarca","4.584125,-74.206225","N"
"CONEXRED","ACB271618","Carrera 4 No 28 10 Local 022 Barrio San","Cundinamarca","4.585068,-74.206871","N"
"EFECTY CODITO KR 6A","ACB326192","Cr 6a # 189 A-19","Cundinamarca","4.766239,-74.02725","N"
"EFECTY","ACB356924","Cra 2 C Este No 89 C20 Sur","Cundinamarca","4.504383,-74.109774","N"
"EFECTY","ACB356715","Cra 2 C Este No 89 C20 Sur","Cundinamarca","4.504383,-74.109774","N"
"EFECTY EXPRESS EFECTY CALLE 92 B SUR","ACB305401","Cl 92 B Sur # 2-18","Cundinamarca","4.506067,-74.116793","N"
"EFECTY EL CODITO KR 4","ACB194850","Cr 4 # 188-64","Cundinamarca","4.76535,-74.023905","N"
"CONEXRED","ACB324277","Calle 26  14  05","Cundinamarca","4.712824,-74.197437","N"
"EFECTY TIBABITA","ACB152841","Cr 11 A # 191 A-52 Local 1","Cundinamarca","4.769349,-74.03251","N"
"EFECTY LIJACA CALLE 191","ACB075478","Cr 8 # 191-10","Cundinamarca","4.768185,-74.028747","N"
"EFECTY LA CALERA TRANSITO","ACB195312","Cr 2b # 10-35","Cundinamarca","4.722193,-73.966403","N"
"EFECTY SOACHA CC MIRAFLORES ISLA","ACB274819","Tv 32 # 24- 60-70","Cundinamarca","4.607142,-74.217446","N"
"CONEXRED","ACB303740","Calle 13  2  42","Cundinamarca","4.703436,-74.205646","N"
"EFECTY ALFONSO LOPEZ CLL 90 SUR","ACB277098","Cl 90 Sur # 6 B-08 Este","Cundinamarca","4.499713,-74.10238","N"
"EFECTY FUNZA BARRIO LA FORTUNA","ACB174072","Cl 15 # 4-31","Cundinamarca","4.708193,-74.206157","N"
"EFECTY SOACHA VILLA CLARA","ACB167856","Cl 18 # 11a-20","Cundinamarca","4.586432,-74.215737","N"
"EFECTY FUNZA CALLE 19","ACB133657","Cl 19 # 7b-66","Cundinamarca","4.714659,-74.204536","N"
"EFECTY SOACHA SANTA MARIA I","ACB162147","Cr 1 B Este # 17-04","Cundinamarca","4.577458,-74.212556","N"
"EFECTY SOACHA CRA 7 FISCALIA","ACB131699","Cr 7 # 17-94","Cundinamarca","4.58251,-74.215059","N"
"EFECTY FUNZA BARRIO PORVENIR","ACB324596","Cl 9 # 5 -25","Cundinamarca","4.706045,-74.211056","N"
"EFECTY FUNZA SERREZUELITA CARRERA 6","ACB156746","Cr 6 12 -19","Cundinamarca","4.708298,-74.210125","N"
"CONEXRED","ACB300165","Carrera 6 F Este 97 F 444  Sur Barrio Al","Cundinamarca","4.493614,-74.102558","N"
"EFECTY EXPRESS EFECTY MOSQUERA EL RUBI 1","ACB304873","Cl 19 B # 12 E 13 Brr Rubi","Cundinamarca","4.703825,-74.213372","N"
"EFECTY SOACHA FRENTE A MAYORISTA","ACB304488","Cl 15 # 3 A 35 Piso 2","Cundinamarca","4.579413,-74.216453","N"
"EFECTY AV. 9 CALLE 14 VARIANTE PRINCIPAL","ACB114397","Av 9 # 14-87","Cundinamarca","4.716474,-74.20714","N"
"EFECTY FUNZA CENTRO","ACB126464","Av 13 # 12-57","Cundinamarca","4.716475,-74.20714","N"
"EFECTY FUNZA PAR INDUSTRIAL PERU JAPON","ACB167890","Km 2 Via Siberia Funza Parque Indus Peru","Cundinamarca","4.716475,-74.20714","N"
"EFECTY","ACB352568","Via Siberia Funza 800 Metros","Cundinamarca","4.716475,-74.20714","N"
"EFECTY CENTRO CARRERA 7","ACB121283","Cl 14 # 7-21","Cundinamarca","4.582202,-74.218287","N"
"CONEXRED","ACB273126","Calle 13  36c 61  Ad 1 Barrio Amapola","Cundinamarca","4.5779,-74.216538","N"
"EFECTY ANTONIO JOSE DE SUCRE","ACB190373","Cl 106b Sur # 5-72","Cundinamarca","4.493178,-74.114991","N"
"CONEXRED","ACB198294","Cl 12   7  09 Brr Centro","Cundinamarca","4.581633,-74.220053","N"
"EFECTY PARQUE PRINCIPAL","ACB111569","Cl 12 # 7-29","Cundinamarca","4.581713,-74.220177","N"
"EFECTY CENTRO COMERCIAL PRADO VERDE","ACB169847","Tv 40 # 18-77 Lc 142","Cundinamarca","4.569284,-74.214452","N"
"EFECTY SOACHA CARRERA 23","ACB306260","Cl 45c 23a 85","Cundinamarca","4.569284,-74.214452","N"
"EFECTY CIUDAD VERDE CC MIRAFLORES","ACB274808","Tv 32 # 24 -60-70 Local 1","Cundinamarca","4.569284,-74.214452","N"
"EFECTY SOACHA ENTRADA SAN MATEO UNISUR","ACB170870","Av 30 # 2 A 14","Cundinamarca","4.569284,-74.214452","N"
"EFECTY SOACHA TIBANICA","ACB123461","Cl 34 Nª 1a-82 Casa 222","Cundinamarca","4.569284,-74.214452","N"
"EFECTY","ACB352557","Cl 14  11   38","Cundinamarca","4.715124,-74.211081","N"
"EFECTY","ACB352261","Calle 12 3b 42","Cundinamarca","4.578309,-74.2191","N"
"EFECTY SECTOR WAYRA VARIANTE","ACB322990","Cl 9 N. 10-01 Lc 1 Brr La Cita","Cundinamarca","4.711647,-74.214065","N"
"EFECTY SOACHA HOGARES COMPENSAR","ACB307205","Tv 18 H # 7 62","Cundinamarca","4.58863,-74.224268","N"
"EFECTY SOACHA SATELITE","ACB160518","Dg 9 # 6-119","Cundinamarca","4.580451,-74.221732","N"
"EFECTY FUNZA CALLE 15","ACB136946","Cl 15 # 14-01","Cundinamarca","4.717472,-74.211761","N"
"BANCAMIA FUNZA","ACB062245","Calle 13 77","Cundinamarca","4.7166,-74.212706","N"
"EFECTY MOSQUERA CC SERREZUELITA","ACB151026","Cr 5 Este # 18 -50 Local 102","Cundinamarca","4.707977,-74.217653","N"
"EFECTY CHAGUYA PEATONAL","ACB306336","Av Cr 13-10 64 Loc 103","Cundinamarca","4.71495,-74.214729","N"
"EFECTY DIAGONAL CONCHA ACUSTICA","ACB323496","Cl 13 # 17-38","Cundinamarca","4.718487,-74.213659","N"
"EFECTY FUNZA EL LAGO","ACB171013","Cl 15 # 17 A-45","Cundinamarca","4.719808,-74.213188","N"
"EFECTY QUINTANARES ENTRADA","ACB122646","Cr 7 # 4-42","Cundinamarca","4.58218,-74.225462","N"
"CONEXRED","ACB300044","Carrera 13 7 A 39 Barrio Serresuelita","Cundinamarca","4.714658,-74.217127","N"
"EFECTY SOACHA EL ALTICO","ACB170881","Cl 6# 3-b 12","Cundinamarca","4.574939,-74.223303","N"
"EFECTY SOACHA AUTOSUR CRA 4","ACB175996","Cr 4 # 5 -46","Cundinamarca","4.575298,-74.223873","N"
"EFECTY SOACHA INSPECCION EL CHARQUITO","ACB194542","Cr 1 # 3-164","Cundinamarca","4.571334,-74.222451","N"
"EFECTY C.C. VILLA NUEVA CALLE 13","ACB115529","Cr 3 # 19-60","Cundinamarca","4.712842,-74.219544","N"
"EFECTY MOSQUERA VILLANUEVA CENTRO","ACB322967","Cl 20 # 4 A 19","Cundinamarca","4.713832,-74.220519","N"
"ACCIONES Y VALORES OFICINA ECOPLAZA","ACB065370","Kr 3 No 15 A 57 C C Eco Plaza Lc 148","Cundinamarca","4.712805,-74.221427","N"
"EFECTY MOSQUERA EL TREBOL","ACB170968","Cr 3 # 13-15","Cundinamarca","4.711571,-74.223145","N"
"EFECTY VILLA MARIA TRANSVERSAL 15","ACB169935","Tv 15a # 8 -65","Cundinamarca","4.715914,-74.22346","N"
"EFECTY VILLA PAOLA","ACB322978","Cl 15 # 24-39 Brr Villa Paola","Cundinamarca","4.72645,-74.217261","N"
"EFECTY PRINCIPAL CARRERA 3","ACB111459","Cl 3 # 1-20","Cundinamarca","4.70472,-74.229075","N"
"AYV PF PARQUE MOSQUERA","ACB067295","Calle 2a No 1 70","Cundinamarca","4.704294,-74.230035","N"
"EFECTY MOSQUERA VIRREYES","ACB170979","Cl 10 # 6 -86 Pso 2","Cundinamarca","4.712935,-74.226507","N"
"CONEXRED","ACB270947","Calle 13 4 A 30 Brr Serrezuelita","Cundinamarca","4.71601,-74.225737","N"
"EFECTY SOACHA COMPARTIR CALLE 7 A SUR","ACB162763","Cl 7a Sur # 12-85","Cundinamarca","4.5702,-74.230387","N"
"EFECTY SOACHA DUCALES TRANSVERSAL 11","ACB302309","Tv 11 A 7-23 Sur","Cundinamarca","4.56827,-74.230658","N"
"EFECTY","ACB356078","Cra 12  8b 02","Cundinamarca","4.714372,-74.229908","N"
"EFECTY","ACB351017","Cra 12  8b 02","Cundinamarca","4.714372,-74.229908","N"
"EFECTY COTA PUEBLO VIEJO","ACB165250","Cr 2 B # 10 -13","Cundinamarca","4.806344,-74.100626","N"
"EFECTY SOACHA NEMESIS","ACB139707","Cr 9 # 9 28 Sur","Cundinamarca","4.564519,-74.231829","N"
"CONEXRED","ACB320174","Carrera 29 13 42","Cundinamarca","4.731403,-74.221785","N"
"EFECTY COTA C.C. TERRACOTAP","ACB156263","Cr 5 # 7-88 Lc 145","Cundinamarca","4.807194,-74.103579","N"
"EFECTY USME","ACB173839","Cl 136 Sur 3-12 Local 14","Cundinamarca","4.474943,-74.124378","N"
"EFECTY SOACHA COMPARTIR PARADERO","ACB162280","Cl 18 Sur # 13 G-26","Cundinamarca","4.573061,-74.237365","N"
"CONEXRED","ACB309593","Transversal 11c Sur  6b  80","Cundinamarca","4.561649,-74.232481","N"
"EFECTY SOACHA COLEGIO JUAN PABLO II","ACB174104","Cr 7 # 13 B-04 Sur","Cundinamarca","4.563741,-74.233932","N"
"EFECTY","ACB350928","Calle 5 5  95 T:8 Loc: 5","Cundinamarca","4.71245,-74.235347","N"
"CONEXRED","ACB279474","Carrera 5  11 38 Barrio Cota","Cundinamarca","4.809521,-74.102131","N"
"MULTIPAGAS","ACB197897","Transversal 4 No 12-09","Cundinamarca","4.810061,-74.100753","N"
"EFECTY","ACB352601","Autopista Bogota   Medellin Km 8 5","Cundinamarca","4.809789,-74.10293","N"
"EFECTY COTA ALCALDIA","ACB126068","Cr 5 # 12-71","Cundinamarca","4.810311,-74.101502","N"
"EFECTY SOACHA DUCALES CALLE 11","ACB308064","Cl 11 Sur # 12 B-15","Cundinamarca","4.564444,-74.236461","N"
"EFECTY SOACHA VILLA ESPERANZA","ACB156207","Cl 1 # 17 B-02","Cundinamarca","4.574427,-74.241404","N"
"CONEXRED","ACB320075","Calle 29 Sur  13a  38","Cundinamarca","4.569271,-74.239402","N"
"EFECTY NUEVO COTA CRA 5","ACB131808","Cr 5 # 14-05","Cundinamarca","4.811836,-74.100216","N"
"EFECTY CIUDAD LATINA DIAGONAL 2","ACB302310","Dg 2 # 20-15","Cundinamarca","4.576196,-74.242847","N"
"EFECTY SOACHA QUINTAS DE SANTA ANA","ACB177064","Cr 24 A Sur # 1 A 29","Cundinamarca","4.574122,-74.246052","N"
"EFECTY CHOACHI CALLE 4","ACB159914","Cl 4 # 4-50","Cundinamarca","4.529268,-73.923541","N"
"EFECTY CHOACHI CALLE 4 CON CARRERA 4","ACB161201","Cl 4 # 4 -26","Cundinamarca","4.529269,-73.92345","N"
"EFECTY MADRID SAN PABLO","ACB301748","Cr 2 Este # 19-59","Cundinamarca","4.731446,-74.251497","N"
"EFECTY MADRID SAN PEDRO","ACB177086","Cl 21 # 3 -27","Cundinamarca","4.735195,-74.252005","N"
"CONEXRED","ACB300220","Kilometro 14 Autopista Medellin Barrio P","Cundinamarca","4.735146,-74.253947","N"
"EFECTY MADRID LA ESPERANZA","ACB156526","Cl 15 # 2 A-44","Cundinamarca","4.733473,-74.25589","N"
"EFECTY CHIPAQUE CALLE 4.","ACB165029","Cl 4 # 2 -49","Cundinamarca","4.442484,-74.043193","N"
"EFECTY","ACB350940","Cra 6 16   20 Brr Los Angeles","Cundinamarca","4.740264,-74.253642","N"
"EFECTY CARRERA 5","ACB115750","Cr 5 # 3-13","Cundinamarca","4.441216,-74.04497","N"
"EFECTY MADRID PLAZA MADRID","ACB168220","Cl 7 # 1-03 Lc 102","Cundinamarca","4.730252,-74.259509","N"
"EFECTY MADRID CL 12 FRENTE AL HOSPITAL","ACB123625","Cl 12 Nª 5-85","Cundinamarca","4.734833,-74.259564","N"
"MULTIPAGAS","ACB197491","Carrera 4 # 28-10","Cundinamarca","4.762559,-74.24168","N"
"EFECTY MADRID AV PRINCIPAL CALLE 7","ACB120567","Cl 7 # 4-49","Cundinamarca","4.731804,-74.262042","N"
"MULTIPAGAS","ACB303685","Calle 7  4   62","Cundinamarca","4.732405,-74.261784","N"
"EFECTY DIMONEX MADRID CEDRITOS","ACB322945","Cr 6 D 9 11","Cundinamarca","4.734606,-74.261586","N"
"CONEXRED","ACB322341","Calle 8  6  36","Cundinamarca","4.734016,-74.262433","N"
"CONEXRED","ACB300198","Calle 7 8 16 Local 21 Centro Comercial L","Cundinamarca","4.734338,-74.264104","N"
"EFECTY CHIA BARRIO LA BALSA","ACB162400","Cr 4 N. 1-29s","Cundinamarca","4.847201,-74.059143","N"
"EFECTY CHIA CENTRO COMERCIAL VIVENZA","ACB125111","Cr 10 # 0-49 Local 152","Cundinamarca","4.850613,-74.063547","N"
"EFECTY","ACB350962","Calle 5  1b  09 Local 1","Cundinamarca","4.850559,-74.054076","N"
"EFECTY","ACB356001","Calle 5  1b  09 Local 1","Cundinamarca","4.850559,-74.054076","N"
"CONEXRED","ACB304015","Calle 2 2 100","Cordoba","4.482709,-73.934252","N"
"EFECTY UBAQUE CARRERA 5","ACB117257","Cr 5 # 2-30","Cundinamarca","4.483463,-73.933361","N"
"EFECTY","ACB358223","Cra 93 No 128b 25","Cundinamarca","4.730456,-74.276895","N"
"CONEXRED","ACB193639","Kr 10 N 5b-30","Cundinamarca","4.855693,-74.061435","N"
"EFECTY MADRID SOCIEGO CENTRO DE SALUD","ACB169870","Cr 22 # 1-51","Cundinamarca","4.732932,-74.278595","N"
"EFECTY","ACB352645","Calle 6  12   110 Local 4","Cundinamarca","4.857756,-74.063396","N"
"EFECTY CHIA CC SAN TELMO","ACB171936","Cl 10 # 3-82","Cundinamarca","4.857307,-74.054772","N"
"EFECTY 20 DE JULIO CC ANDES PLAZA","ACB192012","Cr 1c # 12 -39 Local 5","Cundinamarca","4.857596,-74.050474","N"
"EFECTY","ACB350939","Carrera 22  5   45","Cundinamarca","4.725714,-74.284156","N"
"EFECTY CENTRO PRINCIPAL","ACB077261","Cl 10 # 9-43","Cundinamarca","4.859648,-74.059703","N"
"BANCAMIA CHIA","ACB062058","Cl 10 No 9 13","Cundinamarca","4.859925,-74.059637","N"
"MULTIPAGAS","ACB196830","Calle 11 # 10-35","Cundinamarca","4.860853,-74.060985","N"
"CONEXRED","ACB303366","Carrera 9 1115","Cundinamarca","4.860735,-74.059106","N"
"EFECTY CHIA EL ROSARIO","ACB167933","Cr 13 # 10-02","Cundinamarca","4.861127,-74.062319","N"
"EFECTY CHIA LAURA VICUÑA","ACB156889","Cl 12 # 7-46","Cundinamarca","4.860813,-74.057357","N"
"EFECTY CHIA LAS ACACIAS","ACB173367","Cl 11 # 13 -39","Cundinamarca","4.8618,-74.062515","N"
"CONEXRED","ACB303146","Calle 6 Sur  24","Cundinamarca","4.733376,-74.284289","N"
"EFECTY CHIA AVENIDA PRADILLA","ACB190450","Av Pradilla # 5 -45","Cundinamarca","4.862407,-74.053439","N"
"EFECTY CENTRO COMERCIAL CENTRO CHIA","ACB270244","Av Pradilla # 9-00 Este Local 2020","Cundinamarca","4.863509,-74.054695","N"
"EFECTY C.C. CHIA ALEROS DE LA SABANA","ACB308284","Av Pradilla 3-40 Lc 126","Cundinamarca","4.863357,-74.051073","N"
"EFECTY JUMBO CHIA","ACB112373","Av Pradilla # 2 E-71 Local 68","Cundinamarca","4.863451,-74.049374","N"
"EFECTY CHIA TIQUIZA 4 ESPQUINAS","ACB190416","Sc 4 Lt 2 Tiquiza Esquinas","Cundinamarca","4.864751,-74.05093","N"
"EFECTY CHIA C.C. FONTANAR.","ACB305544","Cc Fontanar Chia Kiosko Zona Ervicios","Cundinamarca","4.864751,-74.05093","N"
"EFECTY","ACB352656","Km 10 3 Via Bogota  Sopo","Cundinamarca","4.865817,-74.049647","N"
"MULTIPAGAS","ACB197226","Av. Pradilla 900 Este Chia","Cundinamarca","4.864319,-74.038929","N"
"GIROS Y FINANZAS CHÍA OLÍMPICA","ACB024252","Av Pradilla 5-31 Este L-133 Int.olimpica","Cundinamarca","4.865535,-74.039917","N"
"EFECTY CHIA AV CHILACOS ALTAVISTA","ACB169661","Cl 21 # 6-43","Cundinamarca","4.867534,-74.053417","N"
"EFECTY SIBATE EDS TERPEL","ACB116706","Cr 7 # 10-95 L-4 Estacion De Serv Terpel","Cundinamarca","4.492881,-74.258673","N"
"EFECTY CARRERA 7","ACB111921","Cr 7 # 9 B-24","Cundinamarca","4.491628,-74.258954","N"
"AYV PF CHIA","ACB067493","Calle 24 N 3e   120","Cundinamarca","4.869301,-74.040529","N"
"EFECTY","ACB152368","Carrera 8 6 40","Cundinamarca","4.487268,-74.263199","N"
"EFECTY CHIA BETEL","ACB191561","Cr 3 # 31 -36 Casas 41","Cundinamarca","4.878507,-74.044524","N"
"EFECTY TENJO AV PPAL","ACB167812","Cr 2 # 4 -28","Cundinamarca","4.873018,-74.144748","N"
"ACCIONES Y VALORES HOMECENTER CHIA","ACB064247","Km 27 Via Cajica Lc E  1","Cundinamarca","4.892168,-74.032385","N"
"EFECTY CAQUEZA AV. 4TA ESQUINA","ACB131095","Av 4 # 3-02","Cundinamarca","4.403621,-73.946509","N"
"EFECTY SAN ANTONIO DEL TEQUENDAMA CENTRO","ACB127706","Cl 2 # 2-50","Cundinamarca","4.615468,-74.351854","N"
"EFECTY BARRIO LLERAS CR 8","ACB326279","Cr 8 # 4-102","Cundinamarca","4.850292,-74.260425","N"
"EFECTY TABIO CALLE 6","ACB139598","Cl 6 # 4-13","Cundinamarca","4.917404,-74.098171","N"
"EFECTY","ACB350973","Carrera 4  11   56","Cundinamarca","4.854593,-74.26066","N"
"CONEXRED","ACB303993","Urb Villa Sofia Manzana D Casa 28","Cundinamarca","4.852528,-74.26476","N"
"EFECTY CAJICA GRAN COLOMBIA","ACB160398","Cl 2 # 2-03","Cundinamarca","4.915991,-74.023778","N"
"EFECTY PARQUE PRINCIPAL CAJICA","ACB139730","Cl 2 # 4-65","Cundinamarca","4.916646,-74.025816","N"
"AyV PF CC ALEJANDRIA CAJICA","ACB067680","Calle 2 No 4 39 Parq Ppal Zcomun 1 Piso","Cundinamarca","4.916748,-74.025718","N"
"EFECTY EL ROSAL ENTRADA OBANDO","ACB174115","Cl 10 # 14-03","Cundinamarca","4.852081,-74.267233","N"
"AyV PF CAJICA","ACB067217","Km 1 5 Via Chia Cajica Cc Lc 101","Cundinamarca","4.917221,-74.025547","N"
"EFECTY","ACB308295","Kr 3  6   60","Cundinamarca","4.918171,-74.026485","N"
"EFECTY CAJICA CENTRO CRA 6","ACB130775","Cr 6 # 4-32","Cundinamarca","4.918698,-74.025922","N"
"CONEXRED","ACB270321","Carrera 6 4 105 Local 103","Cundinamarca","4.919537,-74.025772","N"
"EFECTY CAJICA CENTRO CRA 4","ACB192001","Cr 4 # 6-90","Cundinamarca","4.921586,-74.023965","N"
"CONEXRED","ACB322484","Carrera 14  11 02","Cundinamarca","4.519759,-74.350876","N"
"CONEXRED","ACB303399","Carrera 4  2a 15","Cundinamarca","4.905908,-73.942244","N"
"CONEXRED","ACB279539","Carrera 3  2 13 Barrio Centro","Cundinamarca","4.908022,-73.940851","N"
"EFECTY GUASCA CRA 2","ACB113802","Cl 3 # 3-53","Cundinamarca","4.866187,-73.877899","N"
"EFECTY CENTRO CARRERA 4 ESQUINA","ACB126431","Cr 4 # 3-96 Local 1","Cundinamarca","4.909472,-73.941127","N"
"EFECTY CENTRO CRA 4","ACB122338","Cr 4 # 4-36","Cundinamarca","4.909955,-73.941012","N"
"EFECTY SOPO BRICEÑO","ACB113901","Cr 5 # 6-18","Cundinamarca","4.91068,-73.941747","N"
"EFECTY CENTRO CALLE 3","ACB116377","Cl 3 # 3-52","Cundinamarca","4.929142,-74.173993","N"
"EFECTY LA GRAN VIA TENA","ACB122581","Tv 4 D # 4-19","Cundinamarca","4.655569,-74.389576","N"
"EFECTY FACATATIVA PORTAL DE MARIA","ACB301496","Tv 11 # 5-04 Este Mz 5 Ca 30","Cundinamarca","4.811756,-74.340588","N"
"CONEXRED","ACB303377","Transversal 10  1a Este421","Cundinamarca","4.811414,-74.34363","N"
"CONEXRED","ACB278989","Calle 2  1  05 Barrio Centro","Cundinamarca","4.806246,-74.352056","N"
"EFECTY FACA BARRIO CHAPINERO","ACB308262","Cl 3 # 4-109 Loc 101","Cundinamarca","4.809921,-74.351219","N"
"EFECTY FACATATIVA COLISEO","ACB308273","Cr 7 # 5-37-95","Cundinamarca","4.812997,-74.351411","N"
"EFECTY BARRIO LA PAZ CALLE 5","ACB309009","Cl 5 Sur 1-67","Cundinamarca","4.808185,-74.354707","N"
"EFECTY FACATATIVA PARQUE PRINCIPAL","ACB122822","Cr 2 # 5-23","Cundinamarca","4.809258,-74.354445","N"
"AYV BANCAMIA FACATATIVA","ACB062191","Carrera 6 No 4   82","Cundinamarca","4.811638,-74.353081","N"
"CONEXRED","ACB303388","Carrera 12  7a 50 Barrio San Brano","Cundinamarca","4.816614,-74.350087","N"
"CONEXRED","ACB199525","Cl 6 3 07","Cundinamarca","4.810447,-74.354117","N"
"EFECTY ESCUELA DE COMUNICACIONES","ACB115705","Cl 5 # 14 B 42","Cundinamarca","4.819883,-74.348224","N"
"ACCIONES Y VALORES PF OFICINA FACATATIVA","ACB064797","Kr 2 No 6  96","Cundinamarca","4.810345,-74.35557","N"
"MULTIPAGAS","ACB278044","Calle 7b N 5 87","Cundinamarca","4.813442,-74.354295","N"
"EFECTY CENTRO EFECTY PRINCIPAL","ACB121898","Cr 2 # 7-89","Cundinamarca","4.810909,-74.356367","N"
"EFECTY CALLE 8 SECTOR PLAZA DE MERCADO","ACB301506","Cl 8 # 4a-51","Cundinamarca","4.81343,-74.355135","N"
"EFECTY FACATATIVA FISCALIA CRA 8","ACB164831","Cr 8 # 12-46","Cundinamarca","4.819363,-74.355828","N"
"EFECTY","ACB354526","Cra 2 N  12 10","Cundinamarca","4.8148,-74.359717","N"
"EFECTY SECTOR PARADEROS","ACB326224","Cr 2 N. 12-10","Cundinamarca","4.814769,-74.359803","N"
"PAGAFACIL FACATATIVA II","ACB066348","Carrera 5 13 50 Centro Comercial","Cundinamarca","4.817631,-74.358191","N"
"CONEXRED","ACB320130","Calle 15  19b  04","Cundinamarca","4.81592,-74.362067","N"
"EFECTY FACA LOS CEREZOS","ACB326235","Cl 15 # 8-35 Local 3","Cundinamarca","4.822347,-74.358479","N"
"EFECTY FACATATIVA BARRIO LLANO DEL TUNJO","ACB304664","Cl 15 # 17-15 To 1 Lc 2","Cundinamarca","4.825895,-74.356294","N"
"CONEXRED","ACB324651","Calle 15  19 162","Cundinamarca","4.829174,-74.354293","N"
"CONEXRED","ACB354999","Calle 15  19 162","Cundinamarca","4.829174,-74.354293","N"
"CONEXRED","ACB300121","Calle 67a Sur 18 P 26 Barrio Juan Pablo","Cundinamarca","4.616674,-74.419118","N"
"EFECTY SERVIENTREGA AV PRINCIPAL","ACB122305","Cr 5 # 7-35","Cundinamarca","4.962885,-73.914883","N"
"EFECTY CENTRO CRA.7","ACB116739","Cr 7 # 8-08","Cundinamarca","4.964536,-73.915134","N"
"EFECTY EXPRESS DIMONEX CENTRO CL 10","ACB177141","Cl 10 # 5-80","Cundinamarca","4.965122,-73.913229","N"
"EFECTY","ACB350906","Carrera 4  4   37 Ipm San Joaquin","Cundinamarca","4.636897,-74.44747","N"
"EFECTY CARRERA 3","ACB111602","Cr 3 # 2-46","Cundinamarca","4.72966,-74.436698","N"
"BANCAMIA MESITAS","ACB062476","Cl 10 No 6 09 El Colegio","Cundinamarca","4.584602,-74.445156","N"
"EFECTY EL COLEGIO PARQUE PPAL ESQUINA","ACB125353","Cr 7 # 9-10","Cundinamarca","4.583896,-74.445257","N"
"CONEXRED","ACB198139","Cl 8   16 24 Brr Centro","Cundinamarca","4.634045,-74.459851","N"
"EFECTY PLAZA DE MERCADO LA MESA","ACB301715","Cl 4 # 21-39","Cundinamarca","4.629005,-74.461945","N"
"CONEXRED","ACB300022","Calle 3 21 61","Cundinamarca","4.630685,-74.462204","N"
"EFECTY LA MESA CL DEL COMERCIO CL 5","ACB125342","Cr 21 # 5-14","Cundinamarca","4.630596,-74.462394","N"
"EFECTY CENTRO COMERCIAL MITANIA","ACB308129","Cl 4a 21- 50","Cundinamarca","4.629793,-74.462401","N"
"EFECTY LA MESA CALLE 7","ACB194025","Cr 21 # 7-27","Cundinamarca","4.631821,-74.463207","N"
"EFECTY DIMONEX ZIPAQUIRA LAS VILLAS","ACB177196","Cr 28 # 4a 36","Cundinamarca","5.013712,-73.993495","N"
"EFECTY CENTRO","ACB111525","Cr 1 # 5-26","Cundinamarca","4.933886,-73.831997","N"
"EFECTY CENTRO","ACB111547","Cl 10 # 4-54","Cundinamarca","4.404044,-74.386523","N"
"CONEXRED","ACB279001","Carrera  5  6 35","Cundinamarca","4.402632,-74.38602","N"
"EFECTY CENTRO COMERCIAL LA CASONA","ACB305830","Cl 1 # 10-04 C.c. La Casona Lc 140","Cundinamarca","5.017665,-74.00465","N"
"EFECTY","ACB358542","Calle 30  26 29 Zc 1 14","Cundinamarca","5.01807,-74.001265","N"
"EFECTY SAN PABLO","ACB079339","Cl 4 # 16-10","Cundinamarca","5.019412,-73.999732","N"
"BANCAMIA ZIPAQUIRA","ACB063059","Cl 4 No 13 03 Local A1","Cundinamarca","5.020426,-74.00064","N"
"EFECTY CENTRO COMERCIAL VIRREYES","ACB118478","Cr 7 # 3-47 Local 106","Cundinamarca","5.022887,-74.004801","N"
"ACCIONES Y VALORES PF OFICINA ZIPAQUIRA","ACB064753","Kr 8 No 3  58","Cundinamarca","5.022802,-74.003943","N"
"EFECTY MEGA 10 CENTRO COMERCIAL","ACB164743","Cr 10 # 5-63 Local 112","Cundinamarca","5.023247,-74.001813","N"
"CONEXRED","ACB270705","Carrera 8 5 54 Local 4","Cundinamarca","5.023897,-74.003073","N"
"EFECTY CARRERA 10","ACB079328","Cr 10 # 6-53","Cundinamarca","5.023934,-74.001391","N"
"EFECTY SAN FRANCISCO CENTRO","ACB137541","Cl 3 # 6-84","Cundinamarca","4.973917,-74.289294","N"
"EFECTY SECTOR LA FLORESTA","ACB302530","Cr 6 # 7-79","Cundinamarca","5.026773,-74.003687","N"
"EFECTY PASCA CENTRO","ACB174126","Cl 7 # 7 -17","Cundinamarca","4.308661,-74.302264","N"
"AYV PF FUSAGASUGA","ACB065084","Calle 8 No 6   13","Cundinamarca","4.352359,-74.359502","N"
"EFECTY","ACB350984","Calle 15  9 32 Barrio La Esmeralda","Cundinamarca","5.030543,-73.998368","N"
"EFECTY ZIPAQUIRA SANTA RITA","ACB161191","Cl 14 A # 20-25","Cundinamarca","5.029473,-73.99295","N"
"CONEXRED","ACB355000","Carrera 6 4 50","Cundinamarca","4.352087,-74.361996","N"
"CONEXRED","ACB324662","Carrera 6 4 50","Cundinamarca","4.352087,-74.361996","N"
"EFECTY CALLE 23 VIA PRINCIPAL","ACB326301","Ac 23 # 17 A 60","Cundinamarca","5.032265,-73.993291","N"
"EFECTY ANOLAIMA CENTRO","ACB133910","Cl 4 # 4-21","Cundinamarca","4.761547,-74.465394","N"
"EFECTY ZIPAQUIRA HACIENDA SAN RAFAEL","ACB171958","Av Cl 26 # 18 -47","Cundinamarca","5.03336,-73.992095","N"
"CONEXRED","ACB322583","Carrera 6  23b 01","Cundinamarca","4.347349,-74.361712","N"
"AYV PF CC AVENIDA FUSAGASUGA","ACB067525","Calle 8 N 24   84 Lc 133b Cc Av Fusagasu","Cundinamarca","4.343377,-74.358539","N"
"CONEXRED","ACB300231","Carrera 9 26 78","Cundinamarca","4.347186,-74.364133","N"
"BANCAMIA FUSAGASUGA","ACB062256","Cl 7 No 5 49","Cundinamarca","4.344501,-74.361429","N"
"CONEXRED","ACB199503","Cr 5 7 51","Cundinamarca","4.343152,-74.360877","N"
"EFECTY FUSAGASUGA CATEDRAL","ACB178823","Cr 6 # 6 -24","Cundinamarca","4.343727,-74.361552","N"
"EFECTY CARRERA 3","ACB139631","Cr 3 # 3 24","Cundinamarca","4.990557,-73.872732","N"
"CONEXRED","ACB320196","Carrera 6  7  49","Cundinamarca","4.343334,-74.361703","N"
"CONEXRED","ACB270673","Calle 2 11a 30","Cundinamarca","4.346712,-74.365344","N"
"CONEXRED","ACB275041","Carrera 7  7 10 Barrio Centro","Cundinamarca","4.343276,-74.362242","N"
"EFECTY CALLE 7 PRINCIPAL","ACB079373","Cl 7 # 7-56","Cundinamarca","4.343422,-74.362805","N"
"EFECTY CARRERA 7 SUCURSAL","ACB079384","Cr 7 # 10-26","Cundinamarca","4.340824,-74.362192","N"
"EFECTY BARANDILLAS FRENTE A LA IGLESIA","ACB139642","Cl 3 4 02","Cundinamarca","5.034204,-73.958772","N"
"EFECTY ESTADIO","ACB121216","Av 6 # 16-86","Cundinamarca","4.339243,-74.365446","N"
"EFECTY FUSAGASUGA BARRIO VERGEL","ACB301605","Cl 26 B # 3 F-34","Cundinamarca","4.340643,-74.369653","N"
"CONEXRED","ACB192287","Carrera 7 17 25","Cundinamarca","4.33395,-74.364223","N"
"EFECTY FRENT AL TERM DE TRANSPORTES","ACB301616","Cr 27 # 3 36","Cundinamarca","4.344925,-74.376713","N"
"EFECTY FUSAGASUGA CENTRO CRA 6","ACB162136","Cl 20 # 4-78","Cundinamarca","4.329265,-74.36449","N"
"GIROS Y FINANZAS C.C. MANILA","ACB026243","C.c. Manila Trans 12 N # 22-42 Local 115","Cundinamarca","4.333321,-74.37038","N"
"EFECTY EXITO MANILA","ACB116498","Tv 12 Con Cl 22","Cundinamarca","4.332437,-74.370228","N"
"CONEXRED","ACB304026","Transversal 2c 22 21","Cesar","4.32696,-74.364323","N"
"EFECTY FUSAGASUGA SANTA BARBARA.","ACB168055","Cr 3 # 22-04 Pi 1","Cundinamarca","4.326893,-74.364535","N"
"CONEXRED","ACB278956","Calle 23  1 B 04 Barrio Santa Barbara","Cundinamarca","4.331237,-74.370939","N"
"CONEXRED","ACB199514","Cl 23 1 03","Cundinamarca","4.33038,-74.370861","N"
"EFECTY FUSAGASUGA LA MACARENA","ACB123856","Cl 25 # 4 A-04","Cundinamarca","4.325295,-74.366247","N"
"EFECTY","ACB352184","Calle 25 37 87","Cundinamarca","4.328698,-74.380771","N"
"EFECTY COGUA CARRERA 4","ACB190823","Cl 3 # 4-56","Cundinamarca","5.060669,-73.979225","N"
"EFECTY ESCUELA DE POLICIA FEMENINA","ACB168066","Cl 19 # 50-25","Cundinamarca","4.331011,-74.393485","N"
"EFECTY CARRERA 4","ACB112560","Cr 4 # 20-60","Cundinamarca","4.994537,-74.339563","N"
"EFECTY JUNIN CARRERA 3","ACB171046","Cr 3 # 2-49","Cundinamarca","4.7893,-73.663161","N"
"EFECTY FUSAGASUGA MAIZ AMARILLO","ACB170858","Cr 64 # 20 -10","Cundinamarca","4.329412,-74.399142","N"
"EFECTY LA CEJA AIPE","ACB191572","Vereda La Ceja","Huila","3.222104,-75.23745","N"
"EFECTY CENTRO CALLE 4","ACB127135","Cl 4 A # 5-24","Huila","3.219016,-75.217272","N"
"EFECTY VEREDA LA VICTORIA VILLAVIEJA","ACB302574","Vereda La Victoria Av Principal","Huila","3.350841,-75.172793","N"
"EFECTY TELLO BARRIO LA PORTADA","ACB278693","Cr 7 # 4-87","Huila","3.068685,-75.139344","N"
"EFECTY INSPECCION SIERRA DEL GRAMAL","ACB325201","Inspeccion Sierra Del Gramal","Huila","3.06735,-75.138106","N"
"EFECTY CENTRO CARRERA 4","ACB118346","Cr 4 # 3-19","Huila","3.06737,-75.136907","N"
"CONEXRED","ACB195873","Kr 50 # 50 66 Lc 124","Antioquia","2.978849,-75.283866","N"
"EFECTY SANTA ROSA CALLE 82 B","ACB307030","Cl 82 B # 2-68","Huila","2.975975,-75.287932","N"
"CONEXRED","ACB198128","Cl 81 C   5 04 Brr Eduardo Santos","Huila","2.975164,-75.285494","N"
"EFECTY BARRIO LUIS CARLOS GALAN NEIVA","ACB274006","Cr 5 # 78b-21","Huila","2.972625,-75.286335","N"
"CONEXRED","ACB303849","Carrera 5 75b 16","Huila","2.970225,-75.286875","N"
"EFECTY NEIVA VIRGILIO BARCO CALLE 75A","ACB321472","Cl 75a N 5-16","Huila","2.969538,-75.287033","N"
"CONEXRED","ACB193860","Cl 75a No. 5   58 Brr Virgilio Barco","Huila","2.969427,-75.286481","N"
"EFECTY CENTRO COMERCIAL UNICO NEIVA","ACB300604","Cl 64 # 1 D-40","Huila","2.96236,-75.293266","N"
"MULTIPAGAS","ACB272082","Calle 64  1d 140","Huila","2.962404,-75.293643","N"
"EFECTY BARRIO LAS MERCEDES","ACB114858","Cl 62 # 1-02 Lc 1","Huila","2.96236,-75.296099","N"
"CONEXRED","ACB309472","Calle 52  1w  05 Brr Portal Acazula","Huila","2.956865,-75.295078","N"
"EFECTY CALLE 52 CARLOS PIZARRO NEIVA","ACB301913","Cl 51a N. 1w-47","Huila","2.956754,-75.297525","N"
"EFECTY HOME CENTER CALLE 50","ACB116278","Cl 50 # 16a 23","Huila","2.954071,-75.287391","N"
"EFECTY","ACB351325","Calle 26 52 03 Local 1","Huila","2.94846,-75.25009","N"
"CONEXRED","ACB198700","Kr 52 25 14 Brr Las Palmas","Huila","2.947199,-75.249782","N"
"MULTIPAGAS","ACB272103","Carrera 26  42 30","Huila","2.950876,-75.290094","N"
"EFECTY NEIVA SAN SILVESTRE CLL 44","ACB321537","Cl 44 # 2w-03","Huila","2.95303,-75.30054","N"
"EFECTY","ACB358432","Calle 16 N 9 14 Apto 101","Huila","2.950179,-75.287914","N"
"EFECTY TESORO CARRERA 34","ACB325180","Cr 34 # 25-06","Huila","2.946143,-75.26524","N"
"EFECTY CLL 24 A CON 49 MISAEL PASTRANA","ACB179912","Cl 24a # 49-37 Br. Villa Nadia","Huila","2.945168,-75.252969","N"
"ACCIONES Y VALORES EXITO SAN PEDRO","ACB065512","Cl 39 No 7 26 Lc 113a","Huila","2.94931,-75.290543","N"
"EFECTY LAS PALMAS CRA 52","ACB165393","Cr 52 # 21 80","Huila","2.944139,-75.248718","N"
"EFECTY NEIVA LOS COLORES","ACB301968","Cl 23 # 44-80","Huila","2.944049,-75.255533","N"
"EFECTY SANTA INES CAI.","ACB137859","Cr 1 # 37-48","Huila","2.949342,-75.298061","N"
"EFECTY LAS GRANJAS CALLE 35 CON 8","ACB301924","Cl 35 # 8-03","Huila","2.94749,-75.289567","N"
"EFECTY LAS GRANJAS CARRERA 7 NEIVA","ACB304433","Cr 7 N 34-04","Huila","2.947128,-75.29041","N"
"EFECTY SANTA INES CRA 6 W-","ACB163083","Cr 6 W # 38-03","Huila","2.949122,-75.301923","N"
"EFECTY","ACB420658","Calle 19 N 47 10 Local 3 Alto Llano","Huila","2.940297,-75.252892","N"
"EFECTY","ACB358069","Carrera 7 Con Calle 5 Sur Esquina","Huila","2.945519,-75.298083","N"
"EFECTY BATALLON TENERIFE..","ACB160914","Cr 16 # 21-300","Huila","2.942239,-75.282217","N"
"EFECTY GUALANDAY CARRERA 17.","ACB128235","Cl 17 # 37-03","Huila","2.93793,-75.262531","N"
"EFECTY BARRIO TIMANCO CRA 25","ACB302860","Cr 25 # 18 A-21","Huila","2.938773,-75.27238","N"
"EFECTY VILLA REGINA","ACB191693","Cl 18 # 42-18","Huila","2.937199,-75.25786","N"
"EFECTY SERVIENTREGA PPAL LAS GRANJAS","ACB079472","Cr 6 # 26 A-26","Huila","2.941157,-75.291446","N"
"EFECTY AV 26 UNIVERSIDAD SURCOLOMBIANA","ACB125573","Av 26 # 5 W-14 Lc 4","Huila","2.937591,-75.271666","N"
"EFECTY NEIVA CARRERA 26","ACB325191","Av 26 N 35-53","Huila","2.937591,-75.271666","N"
"EFECTY MATIZ CALLE 25","ACB306381","Cl 25 N 1i-35","Huila","2.937591,-75.271666","N"
"EFECTY NEIVA BARRIO VERSALLES","ACB321560","Cl 2a Bis N 34-28","Huila","2.937591,-75.271666","N"
"EFECTY OLIMPICA AVENIDA MAX DUQUE","ACB138915","Av Max Duque Cl 21 Sur Con Cr 22","Huila","2.937591,-75.271666","N"
"EFECTY NEIVA EL CORTIJO CALLE 64","ACB301980","Cl 64 N 6-02","Huila","2.937591,-75.271666","N"
"EFECTY NEIVA MARIA PAULA CRA 39 SUR","ACB306358","Cr 39 # 32-40 Apto 104 Torre 8","Huila","2.937591,-75.271666","N"
"EFECTY AV TENERIFE COMANDO DE POLICIA","ACB116597","Cl 21 # 9-32","Huila","2.939433,-75.284723","N"
"EFECTY","ACB356144","Carrera 30 14 43","Huila","2.937147,-75.268545","N"
"EFECTY","ACB351084","Carrera 30 14 43","Huila","2.937147,-75.268545","N"
"EFECTY MULTISERVICIOS LA QUINCE","ACB321526","Cl 15 # 18-25","Huila","2.935026,-75.278086","N"
"EFECTY OLIMPICA CRA 5","ACB131732","Cr 5 # 19-23","Huila","2.936591,-75.291101","N"
"CONEXRED","ACB193705","Cl 17 B  47 89 Brr Villa Cafe","Huila","2.935365,-75.286929","N"
"GIROS Y FINANZAS NEIVA","ACB020654","Cr 5 19-23 Esqu. Int. Almacen Olímpica","Huila","2.936166,-75.292084","N"
"EFECTY","ACB358421","Calle 20  4 131 Local 3","Huila","2.934532,-75.284802","N"
"EFECTY SERVIENTREGA QUIRINAL CARRERA 7","ACB079526","Cr 7 # 15-52 Lc 1","Huila","2.93396,-75.288438","N"
"CONEXRED","ACB279771","Carrera 31 A 30 79  Sur Barrio San Luis","Huila","2.930891,-75.266464","N"
"EFECTY UNIVERSIDAD COORHUILA LAS BRISAS","ACB122910","Cl 8 # 32- 52","Huila","2.93041,-75.265129","N"
"CONEXRED","ACB170650","Cl 8  18 51 Brr Calixto","Huila","2.931469,-75.277136","N"
"EFECTY BARRIO CALIXTO CALLE 7","ACB277713","Cl 7 # 16-41 Barrio Calixto","Huila","2.930139,-75.278565","N"
"EFECTY SERVIENTREGA CRA 6 CALLE 13","ACB079461","Cr 6 # 13-03","Huila","2.931718,-75.289037","N"
"EFECTY ALTICO CRA 14 NEIVA","ACB307733","Cr 14 # 8-12","Huila","2.930184,-75.280645","N"
"EFECTY SERVIENTREGA LA TOMA CARRERA 7","ACB079483","Cr 7 A # 11-74 Lc 3","Huila","2.930893,-75.287503","N"
"EFECTY NEIVA CENTRO CRA 5 CON 12","ACB166679","Cr 5 # 12-29 Local 2","Huila","2.930771,-75.290473","N"
"EFECTY C.C. SAN ESTEBAN NEIVA","ACB273104","Cl 10 # 7-52 Ofc. 102","Huila","2.929439,-75.286645","N"
"ACCIONES Y VALORES EXITO LA TOMA","ACB063763","Calle 11 No 5 - 63 Int Comfami","Huila","2.929904,-75.289868","N"
"EFECTY NEIVA CARRERA 7 CENTRO","ACB306798","Cr 7 # 9-28","Huila","2.928849,-75.286962","N"
"EFECTY","ACB351336","Calle 4b 19 49","Huila","2.9269,-75.27472","N"
"EFECTY CAMARA DE COMERCIO","ACB155437","Cl 10 # 5-48 Local 103","Huila","2.928994,-75.289037","N"
"CONEXRED","ACB309702","Calle 8  7  65","Huila","2.92816,-75.286113","N"
"EFECTY NEIVA CENTRO CRA 5 ALCALDIA","ACB307722","Cr 5 # 9-17","Huila","2.928032,-75.289401","N"
"EFECTY BARRIO ALTICO CALLE 5","ACB304422","Cl 5 N. 12-09","Huila","2.926589,-75.281658","N"
"EFECTY LOS PARQUES IPC","ACB301902","Cl 2 C # 29 A-21","Huila","2.923618,-75.266728","N"
"EFECTY","ACB351392","Carrera 1h 9 62","Huila","2.92731,-75.29273","N"
"EFECTY SERVIENTREGA SAN PEDRO CARRERA 6","ACB079450","Cr 6 # 6-76","Huila","2.926311,-75.287322","N"
"EFECTY CENTRO PRINCIPAL FRENTE A COLMENA","ACB071638","Cl 7 # 5-47","Huila","2.926285,-75.287984","N"
"EFECTY BARRIO VENTILADOR CARRERA 21","ACB307085","Cr 21 # 2-31 Local 1 Barrio Ventilador","Huila","2.923741,-75.2735","N"
"MULTIPAGAS","ACB272093","Carrera 8  4   71","Huila","2.925217,-75.284984","N"
"EFECTY CENTRO COMERCIAL COMUNEROS","ACB079559","Cr 2 # 8-05 Local 2160","Huila","2.926387,-75.291887","N"
"EFECTY CENTRO COMERCIAL METROPOLITANO","ACB119194","C.c. Metropolitano Local 225","Huila","2.925757,-75.288349","N"
"MULTIPAGAS","ACB272114","Carrera 5  6   44","Huila","2.925608,-75.288399","N"
"CONEXRED","ACB322659","Calle 2  14 25","Huila","2.923525,-75.279936","N"
"EFECTY EXPRESS CORR EL CAGUAN CLL 4","ACB301946","Cl 4 # 5-59 Correg El Caguan","Huila","2.923797,-75.287434","N"
"EFECTY FORTALECILLAS FRENTE AL PARQUE","ACB321483","Cr 5 # 3-86","Huila","2.92337,-75.287111","N"
"EFECTY CALLE 2 ESTADIO URDANETA","ACB129038","Cl 2 # 9-26","Huila","2.922731,-75.283475","N"
"EFECTY PLAZA SAN PEDRO CRA 2","ACB177118","Cl 5 Cr 2 Esq. Lc 3 Br. El Centro","Huila","2.923483,-75.290514","N"
"EFECTY CORREGIMIENTO FORTALECILLAS CL 4","ACB304729","Cl 4 # 3-58 Correg Fortalecillas","Huila","2.923071,-75.288765","N"
"EFECTY","ACB355846","Finca Hacienda El Cedral","Huila","2.923686,-75.292439","N"
"EFECTY","ACB351512","Finca Hacienda El Cedral","Huila","2.923686,-75.292439","N"
"CONEXRED","ACB279902","Carrera 2a 4 03 Barrio Registra","Huila","2.922547,-75.288116","N"
"EFECTY CORREG  EL CAGUAN PRIMERO DE MAYO","ACB273445","Cl 4 # 2-30","Huila","2.922721,-75.28978","N"
"EFECTY BARRIO LAS ACACIAS CALLE 1","ACB176250","Cl 1 C # 26- 23 Brr Las Acacias 2 Etapa","Huila","2.919934,-75.271408","N"
"EFECTY CORREGIMIENTO EL JUNCAL","ACB277823","Cr 2 # 4 C-06-20","Huila","2.92216,-75.287942","N"
"CONEXRED","ACB303180","Carrera 4  1g   61","Huila","2.921918,-75.288037","N"
"EFECTY NEIVA BARRIO LAS ACACIAS 3","ACB301935","Cr 29 B # 1 A-17","Huila","2.917279,-75.267047","N"
"CONEXRED","ACB303069","Calle 20a  47a  30","Huila","2.918282,-75.277172","N"
"CONEXRED","ACB303410","Carrera 17a  3 02","Huila","2.917841,-75.279992","N"
"EFECTY","ACB351424","Calle 5a 18 84","Huila","2.91704,-75.27855","N"
"EFECTY NEIVA CR 7 TERMINAL DE TRANSPORTE","ACB301957","Cr 7 # 3-71 Sur Local 05","Huila","2.917614,-75.283356","N"
"EFECTY","ACB321559","Calle 13 Sur  20   04","Huila","2.914321,-75.27325","N"
"EFECTY TIMANCO IV ETAPA","ACB118391","Cr 13 D # 10-27 Sur","Huila","2.913863,-75.27971","N"
"EFECTY TIMANCO FRENTE SUPERMERC SUPERIOR","ACB123658","Cl 16 Sur # 23-36","Huila","2.912809,-75.273101","N"
"EFECTY","ACB351358","Carrera 31 Sur 18e 04","Huila","2.90963,-75.26819","N"
"EFECTY BARRIO LIMONAR CARRERA 39 SUR","ACB179901","Cr 39 Sur # 21 09","Huila","2.90863,-75.26217","N"
"EFECTY NEIVA BARRIO EL LIMONAR CRA 38","ACB279672","Cr 38 # 23-04 Sur","Huila","2.906661,-75.262269","N"
"EFECTY SEGUROS ERICK CARRERA 22","ACB153172","Cr 22 # 22 A Sur-22 Barrio Canaima","Huila","2.907939,-75.275201","N"
"EFECTY SUPERMERCADO POPULAR AV MAX DUQUE","ACB153051","Cl 21 Sur 29-28 Av Max Duque","Huila","2.907343,-75.270416","N"
"EFECTY","ACB352030","Kr 8  22   21 Sur Zn Industrial","Huila","2.907509,-75.280012","N"
"EFECTY NEIVA BARRIO CANAIMA CRA 22 SUR","ACB278549","Cr 22 Sur # 25 C-30","Huila","2.905389,-75.27619","N"
"EFECTY NEIVA BRR MANZANARES CLL 24 SUR","ACB301979","Cl 24 Sur # 34-21","Huila","2.90385,-75.265474","N"
"EFECTY NEIVA BRR SAN JORGE 1 CLL 25","ACB321571","Cl 25d Sur # 25-01 Lc 01","Huila","2.904596,-75.27359","N"
"EFECTY CARRERA 31B ENCENILLO","ACB279166","Cr 31 B # 23 A Sur 108","Huila","2.902488,-75.268432","N"
"EFECTY DIMONEX TEJARES DEL SUR","ACB278550","Cr 32 # 26-20","Huila","2.901111,-75.267104","N"
"EFECTY CORREGIMIENTO SANTA RITA","ACB176887","Correg Santa Rita","Huila","3.24277,-75.56225","N"
"EFECTY BARRIO SAN LUIS DE LA PAZ CRA 30","ACB304378","Cr 30b # 30sur-91","Huila","2.896726,-75.265001","N"
"EFECTY NEIVA BARRIO LAS MARGARITAS","ACB323023","Cr 34 # 47-08 Sur","Huila","2.888986,-75.255804","N"
"EFECTY PUEBLO NUEVO","ACB113439","Cl 7 # 5-48 Alpujarra","Tolima","3.392409,-74.933965","N"
"EFECTY PARQUE PRINCIPAL CALLE 9","ACB130281","Cl 9 # 8-32","Huila","2.88915,-75.434803","N"
"EFECTY PARQUE CENTRO","ACB118687","Cr 8 # 8-50 L-1","Huila","2.888539,-75.435098","N"
"CONEXRED","ACB303421","Calle 8  7 91 Barrio Centro","Huila","2.887974,-75.434426","N"
"EFECTY EXPRESS STA BARBARA CLL 42B","ACB305258","Cl 42 B # 7-65","Huila","2.886192,-75.433419","N"
"EFECTY AMBORCO","ACB306127","Cl 33 # 5p-34 Local 101","Huila","2.886192,-75.433419","N"
"EFECTY CENTRO CALLE 8","ACB168330","Cl 8 N 5-08 Centro","Tolima","3.59088,-75.382516","N"
"EFECTY CENTRO","ACB119150","Cr 5 # 6-73","Tolima","3.592193,-75.382517","N"
"EFECTY CORREG  SANTIAGO PEREZ CENTRO","ACB153567","Cr 4 # 6-22 Centro","Tolima","3.592177,-75.383812","N"
"EFECTY PLANADAS PLAZA PRINCIPAL","ACB121360","Cr 6 # 6-65 Plaza Principal","Tolima","3.195291,-75.64551","N"
"EFECTY CALLE 7","ACB111284","Cl 7 # 5-47","Tolima","3.620388,-75.094309","N"
"EFECTY RIVERA CALLE 5 CRA 10","ACB278648","Cl 5 # 10-43","Huila","2.779579,-75.259781","N"
"EFECTY RIVERA CENTRO","ACB325179","Cl 4 N 7-10","Huila","2.777726,-75.259438","N"
"EFECTY","ACB351501","Carrera 2 8 A   101","Huila","2.77701,-75.2536","N"
"EFECTY LA MINA CERREJON","ACB110876","Cl 21 Entre Cr 2 Y 4","La Guajira","11.160513,-72.591628","N"
"EFECTY CENTRO CALLE 2","ACB128718","Cl 2 1-94","La Guajira","11.162589,-72.588344","N"
"CONEXRED","ACB303618","Carrera 9  11 32 Barrio Nueva Guajira","La Guajira","11.070542,-72.75502","N"
"EFECTY VIA PRINCIPAL HATONUEVO","ACB190669","Cl 15 N 16 186","La Guajira","11.066924,-72.762987","N"
"EFECTY CALLE 17","ACB121117","Cl 17 # 19-06","La Guajira","11.067419,-72.764875","N"
"CONEXRED","ACB309856","Carrera 5  10  43","La Guajira","10.957024,-72.785645","N"
"REDY BARRANCAS","ACB363447","Carrera 7 No 8   47","La Guajira","10.954895,-72.787572","N"
"EFECTY PARQUE PRINCIPAL CRA 6","ACB130292","Cr 6 # 9-30","La Guajira","10.9534,-72.791116","N"
"EFECTY SIMON BOLIVAR","ACB175567","Cl 8 # 8a 37","La Guajira","10.952033,-72.792169","N"
"CONEXRED","ACB320097","Calle 6a  14  06","Norte De Santander","10.889883,-72.848703","N"
"EFECTY FONSECA FTE A LA CRUZ ROJA","ACB118643","Cl 13 # 16-109","La Guajira","10.889005,-72.850083","N"
"CONEXRED","ACB275744","Calle 13  18  03 Barrio Centro","La Guajira","10.888557,-72.851798","N"
"MULTIPAGAS","ACB356320","Calle 13 16 28 Barrio Centro","La Guajira","10.888399,-72.853162","N"
"EFECTY BARRIO EL CAMPO","ACB321197","Cl 15 # 16-03","La Guajira","10.887033,-72.851897","N"
"EFECTY CENTRO CRA 17","ACB301452","Cr 17 # 10-20","La Guajira","10.898952,-72.888874","N"
"EFECTY EL CARMEN CALLE 16","ACB165612","Cl 16 # 20 95","La Guajira","11.379105,-72.247243","N"
"EFECTY MERCADO MAICAO","ACB135682","Cl 11 # 18-52","La Guajira","11.376044,-72.244737","N"
"EFECTY CALLE 9 AL LADO DEL SALON DANY","ACB274402","Cl 9 17 102","La Guajira","11.374827,-72.243702","N"
"EFECTY","ACB274688","Calle 16 15 12","La Guajira","11.38013,-72.242832","N"
"EFECTY EL MANA","ACB132393","Cr 12 # 10-25","La Guajira","11.376067,-72.23937","N"
"EFECTY CARRAIPIA CALLE 2","ACB191110","Cl 2 8-50","La Guajira","11.369336,-72.235049","N"
"EFECTY DIAGONAL A LA CRUZ ROJA","ACB121690","Cl 15 # 11-95","La Guajira","11.379725,-72.239236","N"
"EFECTY MAICAO CACAITO NO 1","ACB172948","Cl 10 # 10 35","La Guajira","11.376068,-72.236882","N"
"CONEXRED","ACB303201","Calle 14  11   29","La Guajira","11.379326,-72.238843","N"
"CONEXRED","ACB300099","Calle 13 10 19 Barrio Centro","La Guajira","11.37877,-72.237407","N"
"CONEXRED","ACB192298","Kr 9  11   23 Lc 2","La Guajira","11.377672,-72.236267","N"
"GIROS Y FINANZAS MAICAO","ACB025561","Cr 9 # 11-28 Local 11","La Guajira","11.377838,-72.236244","N"
"EFECTY CENTRO","ACB115408","Cr 9 # 12-46","La Guajira","11.378314,-72.236353","N"
"EFECTY","ACB304060","Cra 9 No 12   46","La Guajira","11.378891,-72.236415","N"
"MULTIPAGAS","ACB197709","Calle 12 # 8-41","La Guajira","11.378217,-72.235855","N"
"EFECTY SERVIENTREGA PRINCIPAL UNO","ACB079571","Cr 9 # 15-55","La Guajira","11.380487,-72.236929","N"
"EFECTY","ACB351963","Calle 1 1 347 Local 102","La Guajira","11.366678,-72.223227","N"
"EFECTY FRENTE AL TERMINAL.","ACB170605","Cl 16 # 2 10","La Guajira","11.382266,-72.230411","N"
"EFECTY","ACB358058","Cl 16 Cr1a  1 126 Esquina Barrio Galan","La Guajira","11.381795,-72.226975","N"
"EFECTY ALCALA CALLE 5","ACB322934","Cl 5 # 6-56","Valle Del Cauca","4.673811,-75.78069","N"
"EFECTY ALCALA 1 R","ACB134076","Cl 5 # 8-52 Lc 1","Valle Del Cauca","4.674238,-75.781798","N"
"EFECTY CENTRO PRINCIPAL CRA 6","ACB079351","Cr 6 # 17-05","Quindio","4.622708,-75.762818","N"
"AYV SUPERGIROS OFICINA PPAL FILAND","ACB067811","Carrera 5 No 6 34","Quindio","4.62235,-75.764452","N"
"EFECTY FRENTE A LA ALCALDIA","ACB132744","Cl 12 # 6-29","Quindio","4.622911,-75.760827","N"
"EFECTY CENTRO CALLE 13 MONTENEGRO","ACB326806","Cl 13 # 4-19","Quindio","4.568761,-75.748185","N"
"EFECTY","ACB355154","Calle 13 Nro 4 19","Quindio","4.568425,-75.748499","N"
"AYV SUPERGIROS OFICINA PPAL MONTEN","ACB067822","Carrera 5 No 15  22","Quindio","4.567729,-75.749728","N"
"GIROS Y FINANZAS OLÍMPICA","ACB026067","Cr 6a # 17-30 Int. Olimpica","Quindio","4.567142,-75.751167","N"
"EFECTY PARQUE PRINCIPAL.","ACB111448","Cl 16 # 5-21","Quindio","4.567212,-75.750153","N"
"EFECTY DIMONEX BARRIO COMUNEROS","ACB301858","Ma 8 27 Brr Comuneros","Quindio","4.566583,-75.750111","N"
"EFECTY CENTRO CARRERA 6","ACB112285","Cl 6 N 5-27","Quindio","4.674379,-75.658325","N"
"EFECTY","ACB355329","Cl 7 5 10","Quindio","4.674671,-75.657674","N"
"EFECTY TIENDA LOS MECATOS FILANDIA","ACB326972","Cl 7 5-10","Quindio","4.674763,-75.657613","N"
"EFECTY BARRIO SAN MARCOS","ACB322868","Mz 12 Casa 273 San Marcos","Risaralda","4.790226,-75.739304","N"
"EFECTY MONTELIBANO","ACB156438","Mz 16 Casa 1 Local 2 Montelibano","Risaralda","4.788752,-75.727389","N"
"EFECTY GUAYACANES PEREIRA","ACB164260","Cl 84 # 35-15 Barrio Guayacanes","Risaralda","4.795264,-75.73637","N"
"EFECTY 2500 LOTES","ACB306808","Mz 5 Casa 8 L-0 Barrio Cuba 2500 Lotes","Risaralda","4.793043,-75.728814","N"
"EFECTY EL NOGAL","ACB151136","Cr 31 # 84-20 Lc 1501 Nogal Club","Risaralda","4.796324,-75.737585","N"
"EFECTY EXPRESS EFECTY BARRIO SAN JUAQUIN","ACB305159","Cr 26 # 77-658","Risaralda","4.798573,-75.741612","N"
"EFECTY CORALES ESTACION DE SERVICIO 1","ACB278572","Mz 26 Casa 5 Corales","Risaralda","4.80087,-75.74359","N"
"EFECTY TERRANOVA","ACB321780","Cl 72 # 38 A 04 Barrio Terranova","Risaralda","4.799202,-75.728268","N"
"EFECTY BARRIO VILLA ELIZA PEREIRA","ACB274051","Cl 72 # 36b-22 Brr Villa Eliza Pereira","Risaralda","4.80119,-75.732226","N"
"EFECTY EXITO CUBA 1","ACB179538","Cl 71 # 27-36 Barrio Cuba","Risaralda","4.803699,-75.737833","N"
"MULTIPAGAS","ACB197468","Calle 71 # 26-69","Risaralda","4.803884,-75.737828","N"
"AYV CUBA CC LAS AMERICAS","ACB066502","Cl 71 No 26 75 Local 11 Cc Las Americas","Risaralda","4.803893,-75.737771","N"
"EFECTY DIMONEX VILLA SOL EXPOFUTURO","ACB321768","Cr 19 # 94-96 Local 4 Villa Sol","Risaralda","4.808006,-75.761729","N"
"EFECTY VIDEO STAR GAMA - LA VILLA","ACB171068","Cr 18 N 83-02 La Villa Olimpica","Risaralda","4.806232,-75.747786","N"
"EFECTY PANORAMA I","ACB154117","Mz G Casa 7 Piso 1 Portal D Las Mercedes","Risaralda","4.801981,-75.730337","N"
"COOPERATIVA FINANCIERA DE ANTIOQUIA","ACB172663","Via A Cuba","Risaralda","4.804167,-75.737778","N"
"GIROS Y FINANZAS ÉXITO CUBA","ACB025055","Cr 26 Cl 71 Int. Éxito Cuba L-104a","Risaralda","4.804235,-75.737931","N"
"AYV EXITO CUBA","ACB065501","Carrera 26   Cl 71 Lc 124","Caldas","4.804235,-75.737931","N"
"EFECTY BELMONTE","ACB133536","Cr 16 B N. 98-15","Risaralda","4.809482,-75.760312","N"
"EFECTY EXPRESS PASEO DE SAN FERNANDO","ACB321746","Cr 25 # 69b-32 Pasaje Ccial","Risaralda","4.805891,-75.7382","N"
"EFECTY CUBA SECTOR GALERIA","ACB160233","Cr 23 B N. 70 B 09","Risaralda","4.806559,-75.739894","N"
"EFECTY PORTAL DEL CAMPO GALICIA","ACB274215","Mz 5 Casa 13 Lc. 1 Brr Portal Del Campo","Risaralda","4.805198,-75.809433","N"
"EFECTY CUBA AVDA PRINCIPAL","ACB079890","Cl 69 Cr 25 Esquina Local 101","Risaralda","4.806093,-75.737743","N"
"EFECTY RED PLATINUM PEREIRA","ACB172894","Mz 12 Cs 18 Barrio San Fernando","Risaralda","4.806454,-75.736921","N"
"EFECTY BARRIO EL DORADO 1","ACB305720","Mz 8 Casa 17 Dorado 1 Local 1","Risaralda","4.800921,-75.718777","N"
"EFECTY","ACB352591","Local B 69 Del Cc Unicentro","Risaralda","4.809134,-75.741966","N"
"EFECTY SAMARIA I","ACB174609","Mz 28 Casa 22 Samaria 1","Risaralda","4.798047,-75.710158","N"
"EFECTY VILLA DEL PRADO","ACB133998","Mz 9 Local 17 Villa Del Prado","Risaralda","4.799528,-75.706193","N"
"EFECTY VILLA DEL PRADO 2","ACB304291","Cl 33 # 28-28 C.c. Poblado Plaza L 9","Risaralda","4.801035,-75.707926","N"
"EFECTY EXPRES BALCONES D VILLA DEL PRADO","ACB274062","Mz 3 Casa 17 Poblado Ii","Risaralda","4.802912,-75.711004","N"
"EFECTY PERLA DEL SUR","ACB151147","Mz 4 Cs 20 Lc 1","Risaralda","4.805578,-75.715498","N"
"EFECTY CORREGIMIENTO LA BELLA","ACB306578","Correg La Bella Finca Las Delicias","Risaralda","4.805578,-75.715498","N"
"EFECTY EXPRESS EFECTY CAÑAVERAL","ACB321779","Av 30 De Ago # 73-51 L-11 Cañaveral Ii","Risaralda","4.805578,-75.715498","N"
"EFECTY CORREGIMIENTO PUERTO CALDAS","ACB305951","Mz 4 Casa 14 Corregimieto Puerto Caldas","Risaralda","4.805578,-75.715498","N"
"EFECTY URBANIZACION SANTA CLARA","ACB305797","Torre 3 Bl 6 Apto 101 Brr Sta Clara Cuba","Risaralda","4.805578,-75.715498","N"
"EFECTY VEREDA EL PLACER COMBIA","ACB171057","K 5 Via Marsella Vereda El Placer","Risaralda","4.805578,-75.715498","N"
"EFECTY ABRIL BULEVAR DEL CAFE","ACB309142","Av Las Americas # 93-20 Local 105","Risaralda","4.805578,-75.715498","N"
"EFECTY EXPRESS EFECTY HACIENDA CUBA","ACB308239","Mz 13 Casa 1 Barrio Hacienda Cuba","Risaralda","4.805578,-75.715498","N"
"EFECTY","ACB352580","Av Americas  55 20 El Rosal","Risaralda","4.805578,-75.715498","N"
"EFECTY CORREGIMIENTO ALTAGRACIA","ACB323243","Cl Principal Barrio Arenales Casa 134","Risaralda","4.805578,-75.715498","N"
"EFECTY PAPELERIA MERCASA","ACB179516","Mercasa Bodegas Verdes Galpon A L-p10","Risaralda","4.805578,-75.715498","N"
"EFECTY EXPRESS DIMONEX POBLADO 2.","ACB195082","Mz 29 Casa 16 Piso 1 Poblado 2","Risaralda","4.80211,-75.707384","N"
"EFECTY BARRIO LAS MERCEDES","ACB321009","Cl 11 N 12-07 Local 4","Quindio","4.618476,-75.638077","N"
"EFECTY UTP-CIUDAD JARDIN","ACB305588","Cl 17 # 28-54","Risaralda","4.796017,-75.693674","N"
"EFECTY POBLADO 1 PEREIRA","ACB277890","Mz A Casa 5 Piso 1 L-2 Barrio Hamburgo","Risaralda","4.80226,-75.703878","N"
"EFECTY EXPRESS DIMONEX VILLA DE LEYVA II","ACB302057","Cl 86 # 56-10 To 4 L-17 Villa De Leyva","Risaralda","4.8089,-75.71551","N"
"EFECTY PARQUE INDUSTRIAL SECTOR A 2","ACB272466","Mz 9 Casa 20 Sector A Parque Industrial","Risaralda","4.8089,-75.71551","N"
"EFECTY EXPRESS DIMONEX CAIMALITO","ACB309120","Casa 261 Local 263 B Caimalito","Risaralda","4.8089,-75.71551","N"
"EFECTY CALLE 6","ACB112362","Cl 6 # 14-74","Quindio","4.620429,-75.634323","N"
"EFECTY","ACB350951","Calle 17 23 157 Taquilla 115 Y 116","Risaralda","4.799505,-75.693713","N"
"EFECTY EXPRESS DIMONEX LA PATRIA II","ACB320284","Mz 44 Ca 1 Barrio La Patria","Quindio","4.541548,-75.703206","N"
"EFECTY","ACB355428","Calle 21 Bis Nro 20 33","Risaralda","4.803516,-75.697627","N"
"EFECTY EXPRESS EFECTY BARRIO PROVIDENCIA","ACB324507","Cl 21 Bis # 20-33","Risaralda","4.803679,-75.697679","N"
"EFECTY DIMONEX BARRIO LA PATRIA ARMENIA","ACB304136","Barrio La Patria Mz 72 Casa 01 Local 1","Quindio","4.540436,-75.703654","N"
"EFECTY CENTRO COMERCIAL LA 14","ACB300440","Cl 17 # 19-230 Burbuja Ccial C.c. La 14","Risaralda","4.8022,-75.694246","N"
"GIROS Y FINANZAS LA 14","ACB020258","Cl 17 # 19-230 Int. La 14 Piso 2 L-7a","Risaralda","4.802645,-75.694873","N"
"EFECTY EXPRESS EFECTY SAN NICOLAS","ACB305292","Cl 31 # 14b-38 Barrio San Nicolas","Risaralda","4.809318,-75.704949","N"
"EFECTY COLLAREJO","ACB077799","Cr 4 # 1a-115","Valle Del Cauca","4.750426,-75.903131","N"
"CONEXRED","ACB192979","Mz 7 Ca 14 Brr Universal","Quindio","4.542637,-75.694571","N"
"EFECTY SUPERTIENDAS OLIMPICAS AV 30 AGO","ACB130148","Av 30 De Agosto # 36-10","Risaralda","4.812595,-75.709006","N"
"ACCIONES Y VALORES OFICINA 30 DE AGOSTO","ACB061783","Ave 30 De Agosto Numero 35 64","Risaralda","4.812515,-75.708622","N"
"GIROS Y FINANZAS CARTAGO METRO","ACB024230","Cl 9 # 12-127 Int. Metro","Valle Del Cauca","4.741303,-75.909981","N"
"EFECTY CRESS CENTENARIO","ACB079801","Cr 14 Bis # 24-72","Risaralda","4.809012,-75.699481","N"
"EFECTY PARQUE INDUSTRIAL.","ACB131622","Cr 5 # 62 C-57 Lc 1 Parque Industrial","Risaralda","4.821815,-75.731239","N"
"EFECTY","ACB352634","Calle 44 7 20","Risaralda","4.816737,-75.715554","N"
"EFECTY BARRIO SAN JERONIMO","ACB120578","Cr 15 # 7t-27","Valle Del Cauca","4.702429,-75.92418","N"
"AyV PAGAFACIL PINARES","ACB368541","Cr 17  13   06 Lc 1","Risaralda","4.805519,-75.69054","N"
"EFECTY PARQUE BANDERAS CALLE 37","ACB272949","Cr 7 # 37-44","Risaralda","4.816475,-75.709584","N"
"EFECTY CARTAGO CARRERA 5","ACB301364","Cr 5 # 7-63","Valle Del Cauca","4.749369,-75.908739","N"
"EFECTY DIMONEX CRA 12 PEREIRA","ACB168396","Cr 12 # 22-27 Centro","Risaralda","4.810702,-75.697449","N"
"EFECTY EXPRESS DIMONEX BARRIO LA GRECIA","ACB194915","Barrio La Grecia Mz 5 Casa 1","Quindio","4.529585,-75.711757","N"
"EFECTY SANANDRESITO CENTRO COMERCIAL","ACB131611","Cr 8 # 31-08 Lc 2 Nivel 1 C.c. Sanandre","Risaralda","4.81503,-75.704513","N"
"EFECTY BRR REPUBLICA DE FRANCIA.","ACB308217","Cl 14 N 15-48","Valle Del Cauca","4.738431,-75.915274","N"
"EFECTY LAS AMERICAS:","ACB162246","Cl 22 # 33-13 Barrio Las Americas","Quindio","4.542972,-75.68531","N"
"GIROS Y FINANZAS CARTAGO","ACB020566","Cl 10 # 6-57 Int. Olímpica","Valle Del Cauca","4.747419,-75.911209","N"
"EFECTY CLINICA LOS ROSALES","ACB160079","Cr 9 25-29 Local 105","Risaralda","4.81352,-75.69968","N"
"AyV PAGAFACIL VALENCIA","ACB368552","Cr 14  12   17 Lc 1","Risaralda","4.807637,-75.689158","N"
"AYV PF PEREIRA UNIPLEX","ACB066799","Calle 14 No 13  45 San Jose Sur Lc 2","Risaralda","4.808568,-75.690662","N"
"EFECTY RED PLATINUM C.C. CIUDAD VICTORIA","ACB138487","Cr 11 Bis # 17-20 Lc 220 C.c. Victoria","Risaralda","4.811301,-75.693934","N"
"EFECTY","ACB352579","Carrera 5 9 81 Local 2","Valle Del Cauca","4.749166,-75.911442","N"
"EFECTY SENA.","ACB156362","Cl 26 # 7-63","Risaralda","4.815028,-75.700135","N"
"ACCIONES Y VALORES VICTORIA CC REGIONAL","ACB060892","Cl 18 No 10 48 Lc 116 C C Vict","Risaralda","4.811689,-75.693676","N"
"EFECTY CIUDAD DORADA","ACB305126","Barrio Ciudad Dorada Mz 2 # 7","Quindio","4.529057,-75.706854","N"
"EFECTY SERVIENTREGA AVENIDA CIRCUNVALAR","ACB079812","Cr 13 # 8-47 Local 1","Risaralda","4.807167,-75.685871","N"
"EFECTY LAGO URIBE CALLE 23","ACB164820","Cl 23 # 8-21","Risaralda","4.814049,-75.697686","N"
"EFECTY EXPRESS EFECTY CRA 6 CL 28","ACB321757","Cr 6 28-48","Risaralda","4.816441,-75.701955","N"
"COOPERATIVA FINANCIERA DE ANTIOQUIA","ACB172740","Kr  9  20   03","Risaralda","4.813056,-75.695278","N"
"MULTIPAGAS","ACB196863","Carrera 10 # 17-55","Risaralda","4.812014,-75.693239","N"
"EFECTY CENTRO COMERCIAL SANTIAGO PLAZA","ACB077788","C. Comercialsantiago Plaza Lc 7","Valle Del Cauca","4.742458,-75.915954","N"
"EFECTY","ACB352623","Calle 21 8 69","Risaralda","4.813697,-75.696041","N"
"ACCIONES Y VALORES EXITO CARTAGO","ACB061585","Cl 11 No 4 63","Valle Del Cauca","4.749715,-75.912599","N"
"GIROS Y FINANZAS ÉXITO C.C. ARBOLEDA","ACB025792","Av Circunvalar 120 # 5-20 L-112","Risaralda","4.80712,-75.684156","N"
"GIROS Y FINANZAS C.C. BOLÍVAR PLAZA","ACB021127","Cr 8 # 19-41 L-118 / Cr 9 # 19-48","Risaralda","4.813503,-75.694706","N"
"MULTIPAGAS","ACB196478","Calle 14# 11-19","Valle Del Cauca","4.742827,-75.916415","N"
"EFECTY PRINCIPAL","ACB071650","Cr 9 # 18-12","Risaralda","4.812964,-75.693681","N"
"MULTIPAGAS","ACB197204","Calle 20 # 8-19","Risaralda","4.81378,-75.695132","N"
"CONEXRED","ACB320206","Carrera 8  21  32","Risaralda","4.814377,-75.696201","N"
"EFECTY","ACB352250","Cra 19 31 Norte 91 Locales Comerciales","Quindio","4.56566,-75.653924","N"
"CONEXRED","ACB322451","Urbanizacion Entre Verdes Manzana 13 No","Quindio","4.529091,-75.703382","N"
"EFECTY LA CUARTA UNO","ACB077766","Cr 4 A # 11-44","Valle Del Cauca","4.750284,-75.91305","N"
"GIROS Y FINANZAS CIRCUNVALAR","ACB024988","Av Circunvalar 4b-38","Risaralda","4.806385,-75.682082","N"
"ACCIONES Y VALORES OFICINA EL PASO","ACB064807","Cl 18 No 8 34 Lc 10","Risaralda","4.813487,-75.693458","N"
"GIROS Y FINANZAS ÉXITO","ACB024702","Cr 10 # 14-71 Piso 2","Risaralda","4.811986,-75.690742","N"
"EFECTY","ACB352612","Calle 15 9 64","Risaralda","4.812322,-75.691233","N"
"MULTIPAGAS","ACB197644","Calle 12 # 4-42","Valle Del Cauca","4.749792,-75.913666","N"
"EFECTY","ACB279232","Carrera 7 Nro 2082 Local 3","Risaralda","4.814985,-75.695738","N"
"ACCIONES Y VALORES EXITO PEREIRA CENTRO","ACB061596","Kr 8 No 17 35","Risaralda","4.813529,-75.692965","N"
"EFECTY BARRIO LA UNION","ACB134142","Barrio La Union Mz 25 Casa 20","Quindio","4.534714,-75.69154","N"
"MULTIPAGAS","ACB197237","Calle 4bis # 15-49","Risaralda","4.807419,-75.682729","N"
"OFICINA VILLA ROBLEDO","ACB066085","Cl 12 No 3 66 Lc 1 16 Cc Villa Robledo","Valle Del Cauca","4.750626,-75.913679","N"
"MULTIPAGAS","ACB196456","Calle 12 # 3- 25","Valle Del Cauca","4.751042,-75.913711","N"
"EFECTY CENTRO PLAZA DE BOLIVAR CALLE 18","ACB117664","Pereira Centro Cr 7 # 18-21 Local 102b","Risaralda","4.814485,-75.693492","N"
"EFECTY DIMONEX BARRIO VILLA LILIANA","ACB325816","Barrio Villa Liliana Mz Ll 315","Quindio","4.540253,-75.681624","N"
"EFECTY AVDA LOS CAMELLOS","ACB152434","Cr 23 Cl 7 Y 8 Local 13","Quindio","4.540253,-75.681624","N"
"EFECTY PARQUE DEL CAFE SENDERO ECOLOGICO","ACB325838","Parque Del Cafe Sendero Ecologico","Quindio","4.540253,-75.681624","N"
"EFECTY","ACB352238","Av 19  2 N   50","Quindio","4.540253,-75.681624","N"
"EFECTY PAPELERIA LOS ANGELES","ACB151114","C.c. Bolivar Lc Cd-01-04","Quindio","4.540253,-75.681624","N"
"EFECTY SUPER INTER LOS PLATANOS","ACB151994","C.c Super Inter Los Platanos Local 16","Quindio","4.540253,-75.681624","N"
"EFECTY YULIMA ARMENIA","ACB191990","Yulima 3 Bloque 7 Local 1","Quindio","4.549359,-75.669377","N"
"EFECTY FLAMINGO PEREIRA","ACB168538","Cr 6 N 20-76 Centro","Risaralda","4.815749,-75.695359","N"
"A Y V OFICINA ALCIDES AREVALO","ACB064050","Cl19 No 6 48 Cc Alcides Areval","Risaralda","4.815291,-75.69435","N"
"EFECTY EXPRES DIMONEX CR 5 CL 22 PEREIRA","ACB276800","Cr 5 # 22-15","Risaralda","4.816613,-75.696728","N"
"MOVISTAR","ACB129193","Calle 19 No 6 11 Movistar","Risaralda","4.815443,-75.694089","N"
"EFECTY CENTRO DEL COMERCIO","ACB079911","Cr 7 No16-50 Local 108","Risaralda","4.814476,-75.691988","N"
"GIROS Y FINANZAS CENTRO","ACB020049","Cr 7 # 16-50 L-111 Centro Del Comercio","Risaralda","4.814717,-75.692195","N"
"ACCIONES Y VALORES","ACB066843","Calle 30 40 80 Lc 7 Cc San Diego Plaza","Quindio","4.531662,-75.693836","N"
"EFECTY 7 DE AGOSTO","ACB309108","Mz 4 Casa 1 Barrio 7 De Agosto","Quindio","4.534531,-75.688501","N"
"EFECTY BARRIO CORBONES 2","ACB272576","Cr 24a # 14-53b Barrio Corbones","Quindio","4.542199,-75.676613","N"
"EFECTY SAN DIEGO PLAZA","ACB151741","Cl 30 # 44-80 Lc 2 San Diego","Quindio","4.528053,-75.700097","N"
"EFECTY CARRERA 7 PARQUE LA LIBERTAD","ACB300451","Cr 7 # 14-66","Risaralda","4.814306,-75.690383","N"
"EFECTY CRA 5 CALLE 18 CENTRO UNO","ACB302046","Cr 5 N 18-63","Risaralda","4.816241,-75.693533","N"
"EFECTY","ACB355132","Carrera 11 N 4 73","Risaralda","4.809803,-75.682633","N"
"EFECTY BARRIO GRANADA ARMENIA","ACB168417","Cl 10 # 23-04 Local 3 Barr Granada","Quindio","4.544521,-75.672876","N"
"EFECTY DIMONEX BERLIN","ACB326785","Cr 11 N 4-73","Risaralda","4.80979,-75.682433","N"
"EFECTY CRA 9 BARRIO VILLAVICENCIO","ACB272839","Cr 9 # 8-16","Risaralda","4.812047,-75.68534","N"
"MULTIPAGAS","ACB196797","Calle 20n # 14-11","Quindio","4.558915,-75.65583","N"
"GIROS Y FINANZAS ARMENIA SAO","ACB021271","Cl 19 Norte # 13-09 Int. Sao Piso 1","Quindio","4.558583,-75.655748","N"
"EFECTY","ACB351567","Mzn L Casa 1 Local 2","Quindio","4.527242,-75.698621","N"
"EFECTY CARRERA 4 PRINCIPAL UNO","ACB077755","Cr 4 # 15-61","Valle Del Cauca","4.750137,-75.917457","N"
"EFECTY","ACB352249","Carrera 14 18 Norte 46","Quindio","4.557157,-75.656541","N"
"EFECTY DIMONEX LA FACHADA ARMENIA","ACB272499","Brr La Fachada Mz 22 Ca 20","Quindio","4.520375,-75.713813","N"
"EFECTY EL BOSQUE","ACB076897","Cl 21 # 24-20","Quindio","4.53832,-75.67862","N"
"EFECTY ALFONSO LOPEZ VIA KENEDY","ACB308251","Av Santander # 1a-25 Alfonso Lopez","Risaralda","4.810469,-75.679999","N"
"EFECTY ZULDEMAYDA","ACB151509","Br Zuldemayda Mz 21 Cs 1","Quindio","4.524926,-75.7012","N"
"EFECTY CLINICA LA SAGRADA FAMILIA","ACB152490","Cr 23 N. 15-16 Av Los Camellos","Quindio","4.540031,-75.675153","N"
"EFECTY LA FACHADA ARMENIA","ACB162862","Barrio La Fachada Mz 15 Casa 2","Quindio","4.519688,-75.712078","N"
"EFECTY EXPRESS BARRIO VILLA SANTANA","ACB309131","Mz 14 Casa 1 Monserrate Villa Santana","Risaralda","4.802903,-75.668267","N"
"EFECTY CR3","ACB279243","Cr 3 # 14-06 America","Risaralda","4.817805,-75.689723","N"
"EFECTY","ACB326828","Manzana F Casa 5 Barrio Milagro De Dios","Tolima","4.530967,-75.687445","N"
"EFECTY LOS MECATOS VIA EL EDEN","ACB326949","Tienda De Los Mecatos Km 6 Via El Eden","Quindio","4.53805,-75.676245","N"
"EFECTY BARRIO LA FACHADA","ACB309119","Barrio La Fachada Mz 2 Casa 2","Quindio","4.519555,-75.709798","N"
"ACCIONES Y VALORES OLIMPICA EL BOSQUE","ACB060869","Kr 22 No 22 14 Olimpica El Bosque","Antioquia","4.536252,-75.678002","N"
"EFECTY EXPRESS EFECTY BARRIO OTUN","ACB301474","Cr 21 # 1-83","Risaralda","4.815391,-75.683126","N"
"PF ARMENIA LA CASTELLANA","ACB067899","Av Bolivar Carrera 14 No 9 Norte 65","Quindio","4.549864,-75.659286","N"
"EFECTY PUERTO ESPEJO ARMENIA","ACB164237","Mz 29 Casa 27 Barrio Puerto Espejo","Quindio","4.516319,-75.712585","N"
"MULTIPAGAS","ACB196786","Carrera 14 # 6-02","Quindio","4.545716,-75.662397","N"
"EFECTY RED PLATINUM EL PROGRESO","ACB274875","Cr 16 Cc El Progreso Intercambiador","Risaralda","4.818034,-75.684849","N"
"EFECTY SANTA RITA.","ACB277054","Barrio Santa Rita Mz 17 Ca4","Quindio","4.518891,-75.704543","N"
"EFECTY SERVIENTREGA CRA 18 CON 11 UNO","ACB076842","Cr 18 # 12-43","Quindio","4.538063,-75.671083","N"
"EFECTY RED PLATINUM ARMENIA","ACB138641","Cl 22 # 18-22","Quindio","4.534291,-75.67585","N"
"CONEXRED","ACB276327","Carrera 18  19  50 Barrio Centro","Quindio","4.535124,-75.674569","N"
"ACCIONES Y VALORES","ACB063806","Carrera 22 28 30","Quindio","4.535207,-75.674271","N"
"CONEXRED","ACB276305","Carrrea 18  20  31 Barrio Centro","Quindio","4.53463,-75.674913","N"
"EFECTY CARRERA 18 CENTRO CLL 21","ACB076907","Cr 18 # 21-41","Quindio","4.534153,-75.67545","N"
"CONEXRED","ACB276349","Calle 20  17  01 Barrio Centro","Quindio","4.534589,-75.674482","N"
"EFECTY CENTRO COMERCIAL SANTA LUCIA","ACB077809","Cr 5 Norte # 18-20 Lc 9","Valle Del Cauca","4.75756,-75.92021","N"
"MULTIPAGAS","ACB196687","Carrera 17 # 20-35","Quindio","4.534234,-75.674498","N"
"EFECTY DIMONEX BARRIO EL JAPON","ACB178670","Cl 8 # 24-28 El Japon","Risaralda","4.816349,-75.678844","N"
"EFECTY VILLA CLAUDIA","ACB152467","Cl 50 # 30-05 Lc 102","Quindio","4.520733,-75.697256","N"
"EFECTY PUERTO ESPEJO 2 ETAPA","ACB167735","Br. Puerto Espejo 2et Mz 25 Cs 10","Quindio","4.514418,-75.711964","N"
"GIROS Y FINANZAS ÉXITO C.C. UNICENTRO","ACB025934","Av Bolívar Cr 14 # 14-34 L-101a","Quindio","4.540547,-75.66567","N"
"GIROS Y FINANZAS TERMINAL DE TRANSPORTE","ACB024681","Cl 35 # 20-68 L-203a","Quindio","4.527605,-75.684099","N"
"MULTIPAGAS","ACB197523","Carrera 16 # 16-27","Quindio","4.535529,-75.672008","N"
"EFECTY","ACB354504","Mz 2 Casa 7 Apto 202 Local 2","Risaralda","4.81161,-75.671367","N"
"EFECTY","ACB154249","Calle 35 No 20 68 Local","Quindio","4.527482,-75.684069","N"
"EXITO UNICENTRO ARMENIA","ACB066326","Carrera 14 No. 6-02","Quindio","4.540068,-75.665545","N"
"EFECTY LAS ACACIAS ARMENIA","ACB139884","Cl 48 # 22-69 Barrio Farallones","Quindio","4.522755,-75.691816","N"
"EFECTY FLAMINGO ARMENIA","ACB168451","Cr 16 # 21-47","Quindio","4.533128,-75.674594","N"
"EFECTY UNICENTRO.","ACB151103","Cr 14 # 5-45","Quindio","4.540317,-75.664896","N"
"EFECTY SOLUCIONES LA 15","ACB132887","Cr 15 # 16-05 Lc 4","Quindio","4.53495,-75.671573","N"
"EFECTY JAPON CALLE 9","ACB151598","Cl 9 # 19-24","Risaralda","4.818992,-75.681102","N"
"AYV PARQUE SUCRE","ACB061309","Carrera 14 No 10 20","Quindio","4.5375,-75.667984","N"
"ACCIONES Y VALORES","ACB065600","Oficina Cristobal Colon","Quindio","4.533547,-75.673294","N"
"MULTIPAGAS","ACB197457","Carrera 15 # 20-09","Quindio","4.533399,-75.673449","N"
"EFECTY PARQUE SUCRE","ACB134603","Cr 14 # 11-38 Local 1 Parque Sucre","Quindio","4.536856,-75.668662","N"
"EFECTY SERVIENTREGA CENTRO CRA 15","ACB076864","Cr 15 # 22-42","Quindio","4.532282,-75.674712","N"
"GIROS Y FINANZAS C.C. IBG","ACB020115","Cr 14 # 18-56 Piso 3 L-26/27/28","Quindio","4.533536,-75.672451","N"
"EFECTY PASAJE BOLIVAR","ACB309186","Cl 20 A # 14-22 Local 4 Pasaje Bolivar","Quindio","4.532861,-75.673335","N"
"AYV SUPERGIROS SEDE COMERCIAL","ACB067789","Carera 14 21 27","Quindio","4.532444,-75.673624","N"
"EFECTY DIMONEX CIUDADELA COMFENALCO","ACB325805","Urb. Ciudadela Comfenalco Mz B Ca 20","Quindio","4.515072,-75.704722","N"
"AYV SUPERGIROS OFICINA PPAL QUIMBA","ACB067800","Calle 5 No 6 36 Lc 1 Camara De Ccio","Quindio","4.53132,-75.674592","N"
"EFECTY GUADUALES DE LA VILLA","ACB174599","Mz 15 Ca 3 Barrio Guaduales De La Villa","Quindio","4.515156,-75.702398","N"
"AYV PF ARMENIA","ACB066678","Cc Armenia Ph Lc 1 14 Carrera 6 N 3 180","Quindio","4.54191,-75.65929","N"
"EFECTY DIMONEX LA AURORA ALTA","ACB191868","Cl 12 Cr 22 # 22a-03 Local 2","Risaralda","4.820071,-75.678793","N"
"EFECTY BRASILIA ARMENIA","ACB167791","Cr 19 # 44-28","Quindio","4.522615,-75.686087","N"
"EFECTY PORTAL DEL PARQUE","ACB194641","Cl 15 # 16-108 Portal Del Parque","Risaralda","4.823212,-75.683067","N"
"EFECTY PARQUE DE LA CONSTITUCION","ACB152489","Cr 11 # 19-13 Lc 13 Cc Mall Florida","Quindio","4.531795,-75.671056","N"
"EFECTY BARRIO LA MACARENA","ACB276954","Mz 0 Casa 1 Urb La Macarena","Risaralda","4.82926,-75.691706","N"
"EFECTY","ACB355297","Km 6 Via El Eden","Quindio","4.511542,-75.703045","N"
"EFECTY ESTADIO SECTOR EL EDEN","ACB156834","Cr 18 # 58-33 Local 5","Quindio","4.514308,-75.696295","N"
"EFECTY FRAILES SECTOR PATIÑO AMARILES","ACB174566","Mz D1 Casa 5 Brr Alvaro Patiño","Risaralda","4.812787,-75.663058","N"
"AYV PF PEREIRA","ACB066667","Cc Pereira Carrera 21 Con Calle 17","Risaralda","4.823522,-75.678131","N"
"EFECTY MINIMERCADO EL PROGRESO BRR LOS","ACB304972","Mz 5 Casa 10 Los Olivos","Risaralda","4.830311,-75.686854","N"
"EFECTY DIMONEX LA SUPER 13 II","ACB306161","Cr 2 # 32-64 Mz M Cs 12 Urb El Verun","Valle Del Cauca","4.757738,-75.930659","N"
"EFECTY BARRIO CAMPESTRE B","ACB276921","Cr 2 # 18-58","Risaralda","4.833191,-75.690332","N"
"GIROS Y FINANZAS C.C. NUESTRO CARTAGO","ACB026221","Cr 2 Cl 33 L-265 Vía Ansermanuevo","Valle Del Cauca","4.757953,-75.931032","N"
"EFECTY CENTRO COMERCIAL NUESTRO CARTAGO","ACB077777","Cr 2 # 34-15 Lc 103","Valle Del Cauca","4.757764,-75.931272","N"
"EFECTY BOSQUES DE PINARES 2","ACB305807","Mz 8 # 235 Barrio Bosques De Pinares","Quindio","4.51148,-75.693882","N"
"A Y V OFICINA CC PLAZA DEL SOL","ACB064445","Ave Simon Bolivar Cr16 No 24 7","Risaralda","4.828973,-75.679785","N"
"MULTIPAGAS","ACB278923","Cra 2 24 15 Via Santa Ana","Valle Del Cauca","4.757624,-75.933257","N"
"EFECTY PLAZA DEL SOL 2 CENTRO COMERCIAL","ACB326774","Cr 16 # 24-70 L-201 C.c. Plaza Del Sol","Risaralda","4.829654,-75.679028","N"
"EFECTY","ACB355121","Cra 16 24  70 Local 201","Risaralda","4.829583,-75.678884","N"
"CONEXRED","ACB303223","Manzana 34 Calle 6 Local 1 Barrio Puerto","Quindio","4.510282,-75.690934","N"
"EFECTY BARRIO LOS LAGOS DOSQUEBRADAS","ACB321098","Mz 10 Casa 58 Los Lagos","Risaralda","4.825464,-75.666883","N"
"EFECTY BARRIO CAMPO ALEGRE","ACB323090","Cl 37 # 2n-10 Campo Alegre","Valle Del Cauca","4.762566,-75.934781","N"
"EFECTY PRIMAVERA ASUL 1","ACB277955","Mz 41 Casa 1b Primavera Asul 1","Risaralda","4.836313,-75.680215","N"
"EFECTY MIRADOR DE LA ESTANCIA","ACB326202","Mz 2 Casa 7 Apto 202 L-2 Conj Mirador","Risaralda","4.836313,-75.680215","N"
"EFECTY BARRIO LA MARIANA","ACB139950","Mz E Casa 27 La Mariana","Risaralda","4.836313,-75.680215","N"
"EFECTY EXPRESS DIMONEX EL PROGRESO","ACB304323","Peatonal 15 Casa 7 Local 102","Risaralda","4.836313,-75.680215","N"
"EFECTY FRAILES I","ACB152928","Mz A Casa 8","Risaralda","4.836313,-75.680215","N"
"EFECTY BARRIO LA GRACIELA 1","ACB326257","Mz 4 Casa 21 La Graciela","Risaralda","4.836313,-75.680215","N"
"EFECTY SANTA ISABEL SENA","ACB118324","Local 1 Quintas Sta Isabel","Risaralda","4.836942,-75.681107","N"
"EFECTY VILLAVENTO 3","ACB276811","Cl 42a Tv 26-56 Mz 18 Cs 3 Villavento 3","Risaralda","4.832001,-75.665961","N"
"GIROS Y FINANZAS DOSQUEBRADAS","ACB020906","Av Simón Bolivar Cr 16 # 24-70","Risaralda","4.838577,-75.675796","N"
"AYV SUPERGIROS PPAL NUEVA CALARCA","ACB067790","Carrera 25 37  41 Lc 1","Quindio","4.534579,-75.640229","N"
"ACCIONES Y VALORES CC EL PROGRESO","ACB063192","Kr 16 No 38 130 Cc El Progreso","Risaralda","4.835905,-75.669633","N"
"GIROS Y FINANZAS C.C. EL PROGRESO","ACB025473","Av Simón Bolivar Cr 16 # 36-98 L-94a","Risaralda","4.835923,-75.668977","N"
"EFECTY LA VARIANTE.","ACB150629","Cr 25 # 43-54","Quindio","4.533398,-75.639879","N"
"EFECTY SAN FERNANDO","ACB151125","Cr 17 # 43-05 Local 2","Risaralda","4.836063,-75.668135","N"
"EFECTY BRR PLAYA RICA AVDA FERROCARRIL","ACB305995","Cr 10 # 42-a06-playa Rica","Risaralda","4.841171,-75.673656","N"
"EFECTY PRINCIPAL CRA 24","ACB110788","Cr 24 # 40-10","Quindio","4.530909,-75.640077","N"
"EFECTY PALMA DE CERA","ACB163423","Cl 39 # 23-39 Lc 3","Quindio","4.529969,-75.640087","N"
"EFECTY EXPRESS EFECTY EL MODELO","ACB321087","Cr 19 # 49-03 Local 3 El Modelo","Risaralda","4.837582,-75.665859","N"
"EFECTY CALARCA CRA 25 N° 2","ACB272774","Cr 25 # 34-35","Quindio","4.527479,-75.642147","N"
"EFECTY EXPRESS BRR LOS NARANJOS","ACB304598","Cl 48 # 14a-10 Local 5 Los Naranjos","Risaralda","4.839778,-75.668676","N"
"EFECTY AVDA COLON BARRIO VERACRUZ","ACB133592","Av Colon # 22-02","Quindio","4.522537,-75.647384","N"
"EFECTY CORREGIMIENTO BARCELONA","ACB306183","Cr 11 # 9-56 Correg Barcelona","Quindio","4.522518,-75.645186","N"
"MOVISTAR","ACB129236","Cl 8 No 6 35","Quindio","4.52618,-75.63778","N"
"EFECTY BARRIO SANTA TERESITA","ACB274468","Cr 15a # 58-43 Esquina Santa Teresita","Risaralda","4.84208,-75.66512","N"
"EFECTY LA CAPILLA","ACB152203","Cr 16 # 65-11 Av Simon Bolivar","Risaralda","4.844588,-75.662118","N"
"AYV PF MALL PARAISO","ACB067514","Km 6 Via Aer El Eden Local 1 10","Quindio","4.470906,-75.764254","N"
"EFECTY CALLE 5","ACB112306","Cl 5 Con Cr 5 # 4-56","Quindio","4.638771,-75.570259","N"
"EFECTY QUINTAS DEL BOSQUE","ACB279683","Mz 5 Casa 32 Quintas Del Bosque","Risaralda","4.848063,-75.662907","N"
"EFECTY BARRIO BOSQUES DE LA ACUARELA","ACB273160","Mz 7 Casa 2a Cuarta Etapa","Risaralda","4.855144,-75.662819","N"
"EFECTY EXPRESS EFECTY BARRIO LA FLORESTA","ACB278824","Dg 77 # 8-23 Barrio La Floresta","Risaralda","4.857701,-75.658359","N"
"EFECTY TIENDA LOS MECATOS ARPTO EL EDEN","ACB326938","Aeropuerto El Eden Lc 6","Quindio","4.452883,-75.766298","N"
"EFECTY","ACB355286","Aeropuerto El Eden Lc 6","Quindio","4.45285,-75.767001","N"
"EFECTY CARRERA 6","ACB111064","Cr 6 # 13-57","Quindio","4.452912,-75.790277","N"
"EFECTY PLAZA NUEVA","ACB150805","Cr 9 # 10-35","Quindio","4.451494,-75.787012","N"
"EFECTY EXPRESS HOSPITAL LA TEBAIDA","ACB195136","Cr 10 # 8-23 Loc 5","Quindio","4.451338,-75.785067","N"
"AyV PAGAFACIL TEBAIDA","ACB368585","Cr 9  11   25","Quindio","4.451293,-75.787827","N"
"EFECTY DIMONEX LA TEBAIDA CRA 9","ACB174621","Cr 9 # 13-12","Quindio","4.450828,-75.789165","N"
"EFECTY CRA. 3 CENTRO OBANDO","ACB277296","Cr 3 N 3-29","Valle Del Cauca","4.574543,-75.974024","N"
"EFECTY PORTAL DE LAS ARAUCARIAS","ACB321966","Cr 10b # 30a-06","Risaralda","4.869138,-75.634844","N"
"EFECTY DIMONEX PARQUE PRINCIPAL STA ROSA","ACB194663","Cl 12 # 14-75","Risaralda","4.8646,-75.621003","N"
"MULTIPAGAS","ACB199075","Calle 14 14 81","Risaralda","4.866035,-75.622776","N"
"SANTA ROSA DE CABAL","ACB065886","Calle 12 No 14 27 Local 2","Risaralda","4.864823,-75.620795","N"
"EFECTY LA HERMOSA CALLE PRINCIPAL","ACB150630","Cr 23 # 21-89 Br. La Hermosa","Risaralda","4.871,-75.628646","N"
"EFECTY CALLE 13","ACB110711","Cr 13 # 12 13","Risaralda","4.865067,-75.619954","N"
"EFECTY CR 15 CALLE 15","ACB273500","Cr 15 # 15-50","Risaralda","4.867235,-75.622685","N"
"GIROS Y FINANZAS SANTA ROSA DE CABAL","ACB020917","Cl 14 # 13-24 Supermercado La Economía","Risaralda","4.866556,-75.620645","N"
"CONEXRED","ACB300693","Carrera 12 14 00 Sector Plaza De Mercado","Risaralda","4.866346,-75.619278","N"
"GIROS Y FINANZAS LA VIRGINIA OLIMPICA","ACB024339","Cl 8 # 6-35 Int. Almacén Olímpica","Risaralda","4.894901,-75.880835","N"
"MULTIPAGAS","ACB356319","Calle 8 8 41","Risaralda","4.895578,-75.88126","N"
"RED SEINCOR","ACB070934","Calle 8 No 6  35 Interior Olim","Risaralda","4.895269,-75.883444","N"
"EFECTY LA VIRGINIA CALLE 8 PRINCIPAL","ACB273027","Cl 8a # 7-42","Risaralda","4.895879,-75.88359","N"
"EFECTY LA VIRGINIA CENTRO","ACB279254","Cr 8 # 9-40 Local 1","Risaralda","4.896595,-75.882724","N"
"EFECTY STA ROSA DE CABAL CR 14 HOSPITAL","ACB159958","Cr 14 # 25-25 Local 1","Risaralda","4.875722,-75.624082","N"
"EFECTY","ACB357958","Cl 23 9a 57","Risaralda","4.874733,-75.620147","N"
"EFECTY ANSERMANUEVO CALLE 5","ACB171893","Cl 5 N 4-71","Valle Del Cauca","4.794639,-75.995075","N"
"EFECTY MARSELLA","ACB324002","Cr 10 # 9-34","Risaralda","4.934055,-75.739352","N"
"EFECTY CL REAL CON 10 SER MUJER","ACB134153","Cl 17 # 10-17","Risaralda","4.936125,-75.743482","N"
"EFECTY PLAZA PRINCIPAL","ACB135990","Cl 13 # 10 54","Quindio","4.390542,-75.685791","N"
"EFECTY DIMONEX HOLGUIN","ACB177097","Cr 6 # 10-04","Valle Del Cauca","4.524512,-76.035041","N"
"EFECTY CARRERA 6","ACB111008","Cr 6 # 9-11","Valle Del Cauca","4.523734,-76.035282","N"
"EFECTY DIMONEX INTEGRALES TORO","ACB322077","Cr 2 # 10-58","Valle Del Cauca","4.608132,-76.078871","N"
"EFECTY DIMONEX TORO","ACB304619","Cl 9 # 3-86 Centro","Valle Del Cauca","4.609445,-76.079838","N"
"EFECTY TORO CENTRO CARRERA 3","ACB125298","Cr 3 # 9-21","Valle Del Cauca","4.609134,-76.07985","N"
"EFECTY JJ COMUNICACIONES DE TORO","ACB150081","Cl 9 A # 3-11 Local 2","Valle Del Cauca","4.609146,-76.079988","N"
"EFECTY DIMONEX BELALCAZAR CRA 4","ACB176436","Cr 4 15-20","Caldas","4.994476,-75.812031","N"
"EFECTY BELALCAZAR CALLE PRINCIPAL","ACB156229","Cr 4 16-22","Caldas","4.994796,-75.81189","N"
"EFECTY KENNEDY-CIUDADELA MUNICIPAL","ACB306282","Cl 11 # 8-52","Valle Del Cauca","4.335332,-75.824558","N"
"EFECTY PIJAO CENTRO","ACB171662","Cr 6 # 10-48","Quindio","4.336341,-75.702482","N"
"EFECTY CAICEDONIA CRA 15 CENTRO","ACB156955","Cr 15 # 10-47","Valle Del Cauca","4.333232,-75.829106","N"
"EFECTY CARRERA 16","ACB111206","Cr 16 # 6-57","Valle Del Cauca","4.330093,-75.829322","N"
"EFECTY ARGELIA CRA 6","ACB308196","Cr 6 2-45","Valle Del Cauca","4.723491,-76.119025","N"
"EFECTY CHINCHINA CALLE 13","ACB078525","Cl 13 # 8-70","Caldas","4.983435,-75.607525","N"
"MOVISTAR","ACB129171","Calle 11 No 8  46 Movistar","Caldas","4.983053,-75.605784","N"
"EFECTY PARQUE PRINCIPAL","ACB119578","Cl 10 # 8-67","Caldas","4.982789,-75.604982","N"
"CONEXRED","ACB271410","Calle 14 11 16 Brr Belen","Valle Del Cauca","4.530783,-76.094745","N"
"EFECTY GALERIA CENTRO","ACB271553","Cl 9 # 6-03 Local 1","Caldas","4.984283,-75.6035","N"
"CONEXRED","ACB199415","Cl 18 Bis 8 21","Caldas","4.990205,-75.611954","N"
"CONEXRED","ACB274600","Calle 7 6 03 Carrera San Diego","Caldas","4.984801,-75.601605","N"
"EFECTY LA UNION BARRIO POPULAR","ACB273038","Cl 18 N 14-91","Valle Del Cauca","4.534709,-76.102394","N"
"EFECTY EL AGUILA CRA 4","ACB132690","Cr 4 # 10-05","Valle Del Cauca","4.909433,-76.041953","N"
"EFECTY DIMONEX INTEGRALES LA UNION","ACB161597","Cl 14 # 12-41","Valle Del Cauca","4.530925,-76.101271","N"
"EFECTY LA UNION VALLE CARRERA 14","ACB110766","Cl 15 # 13-52 Local 102","Valle Del Cauca","4.532063,-76.101944","N"
"EFECTY CORREGIMIENTO VILLA NUEVA","ACB174665","Cl Principal-correg Villa Nueva","Valle Del Cauca","4.910451,-76.041844","N"
"MULTIPAGAS","ACB196467","Calle 14 No. 15-60","Valle Del Cauca","4.531633,-76.103638","N"
"EFECTY CALLE 14 LA UNION","ACB270255","Cl 14 N 16-07","Valle Del Cauca","4.531701,-76.104469","N"
"EFECTY ARAUCA VIA PRINCIPAL","ACB164172","Cr 4 6-04","Caldas","5.01972,-75.621093","N"
"EFECTY PALESTINA CENTRO","ACB160783","Cr 7 N 8-14","Caldas","5.020773,-75.621163","N"
"EFECTY CARRERA 8","ACB111273","Cr 9 # 8-18","Caldas","5.061525,-75.872228","N"
"CONEXRED","ACB192913","Kr 2 N 3   51 Brr Centro","Risaralda","5.003912,-76.002467","N"
"EFECTY DIMONEX CALLE 11","ACB126035","Cl 11 # 9 44","Valle Del Cauca","4.395673,-76.07075","N"
"EFECTY SAN JOSE CALDAS CRA 2","ACB119611","Cr 2 5-60","Caldas","5.0808,-75.791556","N"
"EFECTY ZARZAL CRA 9 CON CALLE 9","ACB153644","Cr 9 # 9-36","Valle Del Cauca","4.394202,-76.071653","N"
"EFECTY ZARZAL CALLE 9","ACB156427","Cl 9 # 12-11","Valle Del Cauca","4.395439,-76.07353","N"
"EFECTY CORREGIMIENTO LA PAILA","ACB322220","Cr 1 # 14-16 Correg La Paila","Valle Del Cauca","4.390815,-76.070794","N"
"EFECTY LA NUEVA PAILA","ACB171673","Cr 2 # 1a-66 Correg La Paila","Valle Del Cauca","4.388644,-76.072201","N"
"EFECTY CENTRO","ACB112065","Cr 7 # 11-49","Tolima","4.441696,-75.428875","N"
"EFECTY","ACB174708","Calle 5 Nro 759 De Zarzal","Valle Del Cauca","4.388584,-76.07228","N"
"CONEXRED","ACB309483","Carrera 7  8 52","Tolima","4.442019,-75.428337","N"
"EFECTY BARRIO EL BOSQUE","ACB323452","Cr 3 Lote 1 Cl Via Anaime","Tolima","4.438435,-75.429634","N"
"EFECTY SAN RAFAEL 1","ACB325740","Cl 5 # 7-48 Barrio San Rafael","Valle Del Cauca","4.386924,-76.073432","N"
"EFECTY MULTINET CAJAMARCA","ACB139619","Cl 5 # 7-41","Tolima","4.44189,-75.426071","N"
"EFECTY PAPELERIA CAJAMARCA","ACB171705","Cl 6 # 5-27","Tolima","4.440742,-75.426628","N"
"EFECTY SEVILLA CRA 51","ACB118225","Cr 51 # 59 -10","Valle Del Cauca","4.271285,-75.934314","N"
"EFECTY SEVILLA CALLE 53","ACB308031","Cl 53 # 49-11","Valle Del Cauca","4.266248,-75.932896","N"
"MOVISTAR","ACB071506","Cl 51 50 16 Local 3 Plaza Principal","Valle Del Cauca","4.264757,-75.93417","N"
"MULTIPAGAS","ACB196490","Carrera 49 No. 49-73","Valle Del Cauca","4.263833,-75.933207","N"
"EFECTY CALLE 49","ACB110854","Cl 49 # 50-07","Valle Del Cauca","4.262979,-75.933786","N"
"EFECTY CENTRO SANTUARIO","ACB151619","Cl 6 # 4-48","Risaralda","5.072898,-75.961654","N"
"EFECTY VILLAMARIA LA PRADERA 2","ACB279133","Cl 4 # 14a-21 La Pradera","Caldas","5.04348,-75.519655","N"
"EFECTY TREFILADOS","ACB165568","Cl 6 # 11-27","Caldas","5.04278,-75.517553","N"
"EFECTY CENTRO CRA.5","ACB114485","Cr 5 6-48","Magdalena","10.030859,-74.21559","N"
"EFECTY SECTOR LA GRAN VIA","ACB119787","Dg 7 # 5 -16 Local 4 Sector 3 Esquinas","Magdalena","9.850277,-74.236793","N"
"CONEXRED","ACB320163","Carrera 5  6  61","Magdalena","9.847749,-74.237344","N"
"EFECTY EL DIFICIL - CENTRO","ACB111118","Cl 4 # 6-06","Magdalena","9.846985,-74.236789","N"
"EFECTY CARRERA 14","ACB114957","Cr 14 # 8-12 Entre C P1 Lc 2","Cesar","10.146628,-73.966245","N"
"EFECTY CORREGIMIENTO CHIMILA","ACB306512","Correg Chimila","Cesar","10.148924,-73.960234","N"
"EFECTY CENTRO","ACB117213","Cr 7 3-96","Magdalena","9.80048,-74.393736","N"
"EFECTY EXPRESS DIMONEX FRENT A IGLESIA","ACB304718","Cl 5 # 9-32 Entre Cr 15 Y 16","Magdalena","10.0258,-74.624165","N"
"EFECTY CALLE PRINCIPAL","ACB322736","Cl 5 # 8-51 Cl Principal","Magdalena","10.027108,-74.625429","N"
"EFECTY CARRERA 18","ACB077283","Cr 18 # 22-33","Cesar","9.976906,-73.898015","N"
"EFECTY SALIDA A VALLEDUPAR.","ACB178845","Cl 18 # 16 66","Cesar","9.970362,-73.890531","N"
"EFECTY BARRIO EL RECREO","ACB115783","Cl 18 # 22-07","Cesar","9.970362,-73.890531","N"
"EFECTY ALTOS DE BOSCONIA","ACB306501","Cl 17 # 21 Esquina Brr Altos De Bosconia","Cesar","9.973083,-73.888662","N"
"BANCAMIA BOSCONIA","ACB063466","Kr 18 No 17 30","Cesar","9.972767,-73.886085","N"
"AyV PF FUNDACION MAGDALENA","ACB066997","Calle 6 No 8  87","Magdalena","10.515402,-74.201668","N"
"EFECTY EDS LA FERIA","ACB324969","Cl 3 # 19-64","Magdalena","10.517171,-74.196154","N"
"EFECTY PRINCIPAL","ACB079614","Cl 7 # 7a -30","Magdalena","10.521582,-74.184888","N"
"BANCAMIA FUNDACION","ACB062762","Cl 7 No 7 35","Magdalena","10.521653,-74.18455","N"
"CONEXRED","ACB274886","Callel 4  8 26 Barrio Centro","Magdalena","10.52304,-74.186039","N"
"EFECTY CALLE 3","ACB116751","Cl 3 # 8-24","Magdalena","10.523745,-74.185794","N"
"EFECTY ALGECIRAS CALLE 6","ACB300868","Cl 6 N 7-30","Huila","2.523422,-75.315693","N"
"CONEXRED","ACB307283","Calle 6n  6  07","Huila","2.523992,-75.314901","N"
"EFECTY CENTRO","ACB114892","Cr 5 # 4-22","Huila","2.52407,-75.316534","N"
"EFECTY GALERIA","ACB150102","Cl 6 # 6 13","Huila","2.524672,-75.313982","N"
"EFECTY CALLE 19 CON 6 CLEMENTINA","ACB179835","Cl 19 # 6-34","Huila","2.684389,-75.323376","N"
"EFECTY GALERIA CRA 12 CON 19","ACB133295","Cr 12 # 19 -46","Huila","2.68634,-75.327045","N"
"EFECTY CALLE 21 SINCELEJO","ACB153161","Cl 21 # 14 36","Huila","2.688639,-75.328105","N"
"EFECTY CENTRO PAPELERIA LA QUINTA","ACB120556","Cl 5 5-08","Huila","2.664509,-75.516928","N"
"EFECTY CALLE 3 CENTRO","ACB126321","Cl 3 5-50","Huila","2.663455,-75.517947","N"
"EFECTY YAGUARA MACLARI","ACB306084","Cr 8a # 6-24","Huila","2.664399,-75.518336","N"
"EFECTY RIVERA CENTRO","ACB325179","Cl 4 N 7-10","Huila","2.777726,-75.259438","N"
"EFECTY","ACB351501","Carrera 2 8 A   101","Huila","2.77701,-75.2536","N"
"EFECTY RIVERA CALLE 5 CRA 10","ACB278648","Cl 5 # 10-43","Huila","2.779579,-75.259781","N"
"EFECTY CENTRO PARQUE PRINCIPAL","ACB111349","Cl 4 # 4-24","Huila","2.387471,-75.547381","N"
"EFECTY","ACB358519","Calle 3  2  35","Huila","2.740957,-75.567811","N"
"EFECTY BARRIO SAN ROQUE CARRERA 4","ACB154261","Cr 4 # 8-23 Barrio San Roque","Huila","2.742918,-75.567624","N"
"EFECTY INSPECCION RIO NEGRO","ACB304785","Inspeccion Rio Negro","Huila","2.649163,-75.637639","N"
"EFECTY NEIVA BARRIO LAS MARGARITAS","ACB323023","Cr 34 # 47-08 Sur","Huila","2.888986,-75.255804","N"
"EFECTY BARRIO SAN LUIS DE LA PAZ CRA 30","ACB304378","Cr 30b # 30sur-91","Huila","2.896726,-75.265001","N"
"EFECTY DIMONEX TEJARES DEL SUR","ACB278550","Cr 32 # 26-20","Huila","2.901111,-75.267104","N"
"EFECTY EXPRESS STA BARBARA CLL 42B","ACB305258","Cl 42 B # 7-65","Huila","2.886192,-75.433419","N"
"EFECTY AMBORCO","ACB306127","Cl 33 # 5p-34 Local 101","Huila","2.886192,-75.433419","N"
"EFECTY CARRERA 31B ENCENILLO","ACB279166","Cr 31 B # 23 A Sur 108","Huila","2.902488,-75.268432","N"
"CONEXRED","ACB303421","Calle 8  7 91 Barrio Centro","Huila","2.887974,-75.434426","N"
"EFECTY NEIVA BRR SAN JORGE 1 CLL 25","ACB321571","Cl 25d Sur # 25-01 Lc 01","Huila","2.904596,-75.27359","N"
"EFECTY NEIVA BRR MANZANARES CLL 24 SUR","ACB301979","Cl 24 Sur # 34-21","Huila","2.90385,-75.265474","N"
"EFECTY NEIVA BARRIO CANAIMA CRA 22 SUR","ACB278549","Cr 22 Sur # 25 C-30","Huila","2.905389,-75.27619","N"
"EFECTY PARQUE CENTRO","ACB118687","Cr 8 # 8-50 L-1","Huila","2.888539,-75.435098","N"
"EFECTY PARQUE PRINCIPAL CALLE 9","ACB130281","Cl 9 # 8-32","Huila","2.88915,-75.434803","N"
"EFECTY","ACB352030","Kr 8  22   21 Sur Zn Industrial","Huila","2.907509,-75.280012","N"
"EFECTY SUPERMERCADO POPULAR AV MAX DUQUE","ACB153051","Cl 21 Sur 29-28 Av Max Duque","Huila","2.907343,-75.270416","N"
"EFECTY SEGUROS ERICK CARRERA 22","ACB153172","Cr 22 # 22 A Sur-22 Barrio Canaima","Huila","2.907939,-75.275201","N"
"EFECTY NEIVA BARRIO EL LIMONAR CRA 38","ACB279672","Cr 38 # 23-04 Sur","Huila","2.906661,-75.262269","N"
"EFECTY BARRIO LIMONAR CARRERA 39 SUR","ACB179901","Cr 39 Sur # 21 09","Huila","2.90863,-75.26217","N"
"EFECTY","ACB351358","Carrera 31 Sur 18e 04","Huila","2.90963,-75.26819","N"
"EFECTY TIMANCO FRENTE SUPERMERC SUPERIOR","ACB123658","Cl 16 Sur # 23-36","Huila","2.912809,-75.273101","N"
"EFECTY TIMANCO IV ETAPA","ACB118391","Cr 13 D # 10-27 Sur","Huila","2.913863,-75.27971","N"
"EFECTY","ACB321559","Calle 13 Sur  20   04","Huila","2.914321,-75.27325","N"
"EFECTY","ACB351424","Calle 5a 18 84","Huila","2.91704,-75.27855","N"
"EFECTY NEIVA CR 7 TERMINAL DE TRANSPORTE","ACB301957","Cr 7 # 3-71 Sur Local 05","Huila","2.917614,-75.283356","N"
"CONEXRED","ACB303410","Carrera 17a  3 02","Huila","2.917841,-75.279992","N"
"CONEXRED","ACB303069","Calle 20a  47a  30","Huila","2.918282,-75.277172","N"
"EFECTY NEIVA BARRIO LAS ACACIAS 3","ACB301935","Cr 29 B # 1 A-17","Huila","2.917279,-75.267047","N"
"EFECTY BARRIO LAS ACACIAS CALLE 1","ACB176250","Cl 1 C # 26- 23 Brr Las Acacias 2 Etapa","Huila","2.919934,-75.271408","N"
"CONEXRED","ACB303180","Carrera 4  1g   61","Huila","2.921918,-75.288037","N"
"EFECTY CORREGIMIENTO EL JUNCAL","ACB277823","Cr 2 # 4 C-06-20","Huila","2.92216,-75.287942","N"
"CONEXRED","ACB279902","Carrera 2a 4 03 Barrio Registra","Huila","2.922547,-75.288116","N"
"EFECTY CORREG  EL CAGUAN PRIMERO DE MAYO","ACB273445","Cl 4 # 2-30","Huila","2.922721,-75.28978","N"
"EFECTY CORREGIMIENTO FORTALECILLAS CL 4","ACB304729","Cl 4 # 3-58 Correg Fortalecillas","Huila","2.923071,-75.288765","N"
"EFECTY CALLE 2 ESTADIO URDANETA","ACB129038","Cl 2 # 9-26","Huila","2.922731,-75.283475","N"
"EFECTY PLAZA SAN PEDRO CRA 2","ACB177118","Cl 5 Cr 2 Esq. Lc 3 Br. El Centro","Huila","2.923483,-75.290514","N"
"EFECTY","ACB355846","Finca Hacienda El Cedral","Huila","2.923686,-75.292439","N"
"EFECTY","ACB351512","Finca Hacienda El Cedral","Huila","2.923686,-75.292439","N"
"EFECTY FORTALECILLAS FRENTE AL PARQUE","ACB321483","Cr 5 # 3-86","Huila","2.92337,-75.287111","N"
"EFECTY EXPRESS CORR EL CAGUAN CLL 4","ACB301946","Cl 4 # 5-59 Correg El Caguan","Huila","2.923797,-75.287434","N"
"CONEXRED","ACB322659","Calle 2  14 25","Huila","2.923525,-75.279936","N"
"EFECTY BARRIO VENTILADOR CARRERA 21","ACB307085","Cr 21 # 2-31 Local 1 Barrio Ventilador","Huila","2.923741,-75.2735","N"
"MULTIPAGAS","ACB272093","Carrera 8  4   71","Huila","2.925217,-75.284984","N"
"MULTIPAGAS","ACB272114","Carrera 5  6   44","Huila","2.925608,-75.288399","N"
"EFECTY LOS PARQUES IPC","ACB301902","Cl 2 C # 29 A-21","Huila","2.923618,-75.266728","N"
"EFECTY CENTRO COMERCIAL METROPOLITANO","ACB119194","C.c. Metropolitano Local 225","Huila","2.925757,-75.288349","N"
"EFECTY CENTRO COMERCIAL COMUNEROS","ACB079559","Cr 2 # 8-05 Local 2160","Huila","2.926387,-75.291887","N"
"EFECTY CENTRO PRINCIPAL FRENTE A COLMENA","ACB071638","Cl 7 # 5-47","Huila","2.926285,-75.287984","N"
"EFECTY SERVIENTREGA SAN PEDRO CARRERA 6","ACB079450","Cr 6 # 6-76","Huila","2.926311,-75.287322","N"
"EFECTY","ACB351392","Carrera 1h 9 62","Huila","2.92731,-75.29273","N"
"EFECTY BARRIO ALTICO CALLE 5","ACB304422","Cl 5 N. 12-09","Huila","2.926589,-75.281658","N"
"EFECTY NEIVA CENTRO CRA 5 ALCALDIA","ACB307722","Cr 5 # 9-17","Huila","2.928032,-75.289401","N"
"EFECTY","ACB351336","Calle 4b 19 49","Huila","2.9269,-75.27472","N"
"CONEXRED","ACB309702","Calle 8  7  65","Huila","2.92816,-75.286113","N"
"EFECTY NEIVA CARRERA 7 CENTRO","ACB306798","Cr 7 # 9-28","Huila","2.928849,-75.286962","N"
"EFECTY CAMARA DE COMERCIO","ACB155437","Cl 10 # 5-48 Local 103","Huila","2.928994,-75.289037","N"
"EFECTY C.C. SAN ESTEBAN NEIVA","ACB273104","Cl 10 # 7-52 Ofc. 102","Huila","2.929439,-75.286645","N"
"ACCIONES Y VALORES EXITO LA TOMA","ACB063763","Calle 11 No 5 - 63 Int Comfami","Huila","2.929904,-75.289868","N"
"EFECTY NEIVA CENTRO CRA 5 CON 12","ACB166679","Cr 5 # 12-29 Local 2","Huila","2.930771,-75.290473","N"
"EFECTY ALTICO CRA 14 NEIVA","ACB307733","Cr 14 # 8-12","Huila","2.930184,-75.280645","N"
"EFECTY BARRIO CALIXTO CALLE 7","ACB277713","Cl 7 # 16-41 Barrio Calixto","Huila","2.930139,-75.278565","N"
"EFECTY SERVIENTREGA LA TOMA CARRERA 7","ACB079483","Cr 7 A # 11-74 Lc 3","Huila","2.930893,-75.287503","N"
"EFECTY SERVIENTREGA CRA 6 CALLE 13","ACB079461","Cr 6 # 13-03","Huila","2.931718,-75.289037","N"
"CONEXRED","ACB170650","Cl 8  18 51 Brr Calixto","Huila","2.931469,-75.277136","N"
"EFECTY UNIVERSIDAD COORHUILA LAS BRISAS","ACB122910","Cl 8 # 32- 52","Huila","2.93041,-75.265129","N"
"CONEXRED","ACB279771","Carrera 31 A 30 79  Sur Barrio San Luis","Huila","2.930891,-75.266464","N"
"EFECTY SERVIENTREGA QUIRINAL CARRERA 7","ACB079526","Cr 7 # 15-52 Lc 1","Huila","2.93396,-75.288438","N"
"EFECTY","ACB358421","Calle 20  4 131 Local 3","Huila","2.934532,-75.284802","N"
"EFECTY TESALIA CENTRO","ACB306347","Cl 6 # 8-65","Huila","2.485372,-75.727318","N"
"CONEXRED","ACB193705","Cl 17 B  47 89 Brr Villa Cafe","Huila","2.935365,-75.286929","N"
"EFECTY MULTISERVICIOS LA QUINCE","ACB321526","Cl 15 # 18-25","Huila","2.935026,-75.278086","N"
"GIROS Y FINANZAS NEIVA","ACB020654","Cr 5 19-23 Esqu. Int. Almacen Olímpica","Huila","2.936166,-75.292084","N"
"EFECTY OLIMPICA CRA 5","ACB131732","Cr 5 # 19-23","Huila","2.936591,-75.291101","N"
"EFECTY PACARNI PARQUE PRINCIPAL","ACB122921","Cr 7 6-03","Huila","2.486175,-75.729418","N"
"EFECTY","ACB356144","Carrera 30 14 43","Huila","2.937147,-75.268545","N"
"EFECTY","ACB351084","Carrera 30 14 43","Huila","2.937147,-75.268545","N"
"EFECTY AV 26 UNIVERSIDAD SURCOLOMBIANA","ACB125573","Av 26 # 5 W-14 Lc 4","Huila","2.937591,-75.271666","N"
"EFECTY NEIVA CARRERA 26","ACB325191","Av 26 N 35-53","Huila","2.937591,-75.271666","N"
"EFECTY MATIZ CALLE 25","ACB306381","Cl 25 N 1i-35","Huila","2.937591,-75.271666","N"
"EFECTY NEIVA BARRIO VERSALLES","ACB321560","Cl 2a Bis N 34-28","Huila","2.937591,-75.271666","N"
"EFECTY OLIMPICA AVENIDA MAX DUQUE","ACB138915","Av Max Duque Cl 21 Sur Con Cr 22","Huila","2.937591,-75.271666","N"
"EFECTY NEIVA MARIA PAULA CRA 39 SUR","ACB306358","Cr 39 # 32-40 Apto 104 Torre 8","Huila","2.937591,-75.271666","N"
"EFECTY NEIVA EL CORTIJO CALLE 64","ACB301980","Cl 64 N 6-02","Huila","2.937591,-75.271666","N"
"EFECTY AV TENERIFE COMANDO DE POLICIA","ACB116597","Cl 21 # 9-32","Huila","2.939433,-75.284723","N"
"EFECTY BARRIO TIMANCO CRA 25","ACB302860","Cr 25 # 18 A-21","Huila","2.938773,-75.27238","N"
"EFECTY VILLA REGINA","ACB191693","Cl 18 # 42-18","Huila","2.937199,-75.25786","N"
"EFECTY GUALANDAY CARRERA 17.","ACB128235","Cl 17 # 37-03","Huila","2.93793,-75.262531","N"
"EFECTY SERVIENTREGA PPAL LAS GRANJAS","ACB079472","Cr 6 # 26 A-26","Huila","2.941157,-75.291446","N"
"EFECTY BATALLON TENERIFE..","ACB160914","Cr 16 # 21-300","Huila","2.942239,-75.282217","N"
"EFECTY","ACB420658","Calle 19 N 47 10 Local 3 Alto Llano","Huila","2.940297,-75.252892","N"
"EFECTY","ACB358069","Carrera 7 Con Calle 5 Sur Esquina","Huila","2.945519,-75.298083","N"
"EFECTY LAS GRANJAS CARRERA 7 NEIVA","ACB304433","Cr 7 N 34-04","Huila","2.947128,-75.29041","N"
"EFECTY LAS GRANJAS CALLE 35 CON 8","ACB301924","Cl 35 # 8-03","Huila","2.94749,-75.289567","N"
"EFECTY NEIVA LOS COLORES","ACB301968","Cl 23 # 44-80","Huila","2.944049,-75.255533","N"
"EFECTY TESORO CARRERA 34","ACB325180","Cr 34 # 25-06","Huila","2.946143,-75.26524","N"
"EFECTY SANTA INES CRA 6 W-","ACB163083","Cr 6 W # 38-03","Huila","2.949122,-75.301923","N"
"EFECTY LAS PALMAS CRA 52","ACB165393","Cr 52 # 21 80","Huila","2.944139,-75.248718","N"
"EFECTY SANTA INES CAI.","ACB137859","Cr 1 # 37-48","Huila","2.949342,-75.298061","N"
"EFECTY CLL 24 A CON 49 MISAEL PASTRANA","ACB179912","Cl 24a # 49-37 Br. Villa Nadia","Huila","2.945168,-75.252969","N"
"ACCIONES Y VALORES EXITO SAN PEDRO","ACB065512","Cl 39 No 7 26 Lc 113a","Huila","2.94931,-75.290543","N"
"EFECTY","ACB358432","Calle 16 N 9 14 Apto 101","Huila","2.950179,-75.287914","N"
"MULTIPAGAS","ACB272103","Carrera 26  42 30","Huila","2.950876,-75.290094","N"
"CONEXRED","ACB198700","Kr 52 25 14 Brr Las Palmas","Huila","2.947199,-75.249782","N"
"EFECTY NEIVA SAN SILVESTRE CLL 44","ACB321537","Cl 44 # 2w-03","Huila","2.95303,-75.30054","N"
"EFECTY","ACB351325","Calle 26 52 03 Local 1","Huila","2.94846,-75.25009","N"
"CONEXRED","ACB300109","Calle 6 2 30 Barrio Centro","Huila","2.197508,-75.597948","N"
"EFECTY HOME CENTER CALLE 50","ACB116278","Cl 50 # 16a 23","Huila","2.954071,-75.287391","N"
"EFECTY CALLE 52 CARLOS PIZARRO NEIVA","ACB301913","Cl 51a N. 1w-47","Huila","2.956754,-75.297525","N"
"CONEXRED","ACB309472","Calle 52  1w  05 Brr Portal Acazula","Huila","2.956865,-75.295078","N"
"EFECTY BARRIO LAS MERCEDES","ACB114858","Cl 62 # 1-02 Lc 1","Huila","2.96236,-75.296099","N"
"EFECTY CENTRO COMERCIAL UNICO NEIVA","ACB300604","Cl 64 # 1 D-40","Huila","2.96236,-75.293266","N"
"MULTIPAGAS","ACB272082","Calle 64  1d 140","Huila","2.962404,-75.293643","N"
"CONEXRED","ACB193860","Cl 75a No. 5   58 Brr Virgilio Barco","Huila","2.969427,-75.286481","N"
"EFECTY NEIVA VIRGILIO BARCO CALLE 75A","ACB321472","Cl 75a N 5-16","Huila","2.969538,-75.287033","N"
"CONEXRED","ACB303849","Carrera 5 75b 16","Huila","2.970225,-75.286875","N"
"EFECTY EXPRESS EFECTY ALMAGUER LA PLAZA","ACB307689","Barrio La Plaza","Cauca","1.914127,-76.854839","N"
"EFECTY BOLIVAR BARRIO CENTRO","ACB305115","Cr 5 # 7-11","Cauca","1.837406,-76.966082","N"
"EFECTY PAPELERIA Y CAFET INTERNET C@RBON","ACB307690","Cabecera Correg La Carbonera","Cauca","1.837406,-76.966082","N"
"MULTIPAGAS","ACB197556","Carrera 15 No. 19a-01 Sur","Huila","1.850181,-76.64618","N"
"EFECTY LA SIERRA PAPELERIA ENER","ACB273939","Brr Sur Cl Principal","Cauca","2.179184,-76.763319","N"
"EFECTY SIMON BOLIVAR","ACB114803","Cr 3 # 5-38","Narino","1.669837,-77.011946","N"
"EFECTY DROGUER LA ECONOMICA SAN PABLO 1","ACB324200","Brr Valencia","Narino","1.66911,-77.012855","N"
"EFECTY PEDREGAL","ACB273182","Barrio Pedregal","Cauca","1.683006,-77.072934","N"
"EFECTY CENTRO CALLE PRINCIPAL","ACB114012","Cr 3 # 5-25","Cauca","1.799098,-77.165662","N"
"EFECTY CJN COMUNICACIONES","ACB307656","Cr1 # 3-30 Brr La Capilla","Narino","1.599493,-77.131962","N"
"EFECTY LEIVA NARIÑO","ACB175446","Cl 5 5-29","Narino","1.935515,-77.303425","N"
"EFECTY BARRIO ANTONIO NARIÑO","ACB191538","Cl 6 # 6-03 Corr San Antonio","Valle Del Cauca","3.317982,-76.227567","N"
"EFECTY","ACB355505","Calle 9  10 39","Valle Del Cauca","3.32155,-76.229787","N"
"EFECTY FLORIDA CENTRO INNOVA","ACB324585","Cl 9 # 10-39","Valle Del Cauca","3.321555,-76.229796","N"
"EFECTY CENTRO GALERIA","ACB119864","Cl 10 # 13-10","Valle Del Cauca","3.323347,-76.230896","N"
"EFECTY FLORIDA CRA 16","ACB271575","Cr 16 # 11-58","Valle Del Cauca","3.325827,-76.23249","N"
"BANCAMIA FLORIDA","ACB063851","Cl 9 No 15 35","Valle Del Cauca","3.323271,-76.233052","N"
"EFECTY ILUSIONES ANGEL","ACB321823","Cl 5 # 8-49 Local 2","Valle Del Cauca","3.418782,-76.2401","N"
"EFECTY CALLE 7","ACB111174","Cl 7 # 8-35","Valle Del Cauca","3.418013,-76.241598","N"
"EFECTY CALLE 9","ACB111327","Cl 9 # 18-86","Valle Del Cauca","3.32481,-76.235755","N"
"EFECTY PRADERA SAN ROQUE","ACB131677","Cr 9 # 8-47 B Sanroque","Valle Del Cauca","3.417538,-76.242924","N"
"EFECTY PRADERA ENTRADA PRINCIPAL","ACB160387","Cl 7 # 13-16","Valle Del Cauca","3.421379,-76.244225","N"
"EFECTY MIRANDA BARRIO LEOPOLDO PIZARRO","ACB174807","Cl 7 # 3-51","Cauca","3.250603,-76.227096","N"
"EFECTY GIROS LA 33","ACB278527","Cr 7 # 11-40","Cauca","3.253926,-76.229217","N"
"EFECTY CORREGIMIENTO EL ORTIGAL","ACB272378","Cl 3 # 4-33 Corr Ortigal","Cauca","3.247451,-76.228106","N"
"EFECTY SAN ANTONIO","ACB120127","Cr 7 # 5-37 Barrio Central","Cauca","3.249589,-76.229722","N"
"EFECTY PLANADAS PLAZA PRINCIPAL","ACB121360","Cr 6 # 6-65 Plaza Principal","Tolima","3.195291,-75.64551","N"
"EFECTY JUDASA","ACB305962","Cr 7 E# 32a-62 Br. Jose Hernan Acevedo","Valle Del Cauca","3.529047,-76.269464","N"
"EFECTY URBANIZACION BUENOS AIRES","ACB322813","Cl 33c # 2e-111","Valle Del Cauca","3.529033,-76.274717","N"
"EFECTY EXPRESS EFECTY OLIMPICA EL BOSQUE","ACB278792","Cr 1 Transv 32 Loc 31 Marden Del Bosque","Valle Del Cauca","3.525648,-76.277181","N"
"MULTIPAGAS","ACB196368","Cra 1 # 32-19","Valle Del Cauca","3.526464,-76.277777","N"
"ACCIONES Y VALORES SAO BOSQUE","ACB061266","Kr 1 Con Cl 32 Esquina Lc 24","Valle Del Cauca","3.526477,-76.278576","N"
"EFECTY PALMIRA BATALLON","ACB118193","Cl 30 # 10-03","Valle Del Cauca","3.523794,-76.284245","N"
"EFECTY PAPELERIA Y MISCELANEA STA MARIA","ACB325597","Cl 43b # 2-76","Valle Del Cauca","3.539518,-76.27959","N"
"EFECTY","ACB353899","Cl 43b  2 76","Valle Del Cauca","3.539598,-76.279576","N"
"EFECTY COLOMBINA","ACB164215","Cl 28 # 13-30","Valle Del Cauca","3.523971,-76.287105","N"
"EFECTY EL SEMBRADOR","ACB150883","Cr 19 # 22-31 Lc 131","Valle Del Cauca","3.519759,-76.290926","N"
"MULTIPAGAS","ACB196391","Cra 19 # 22-31","Valle Del Cauca","3.519701,-76.290956","N"
"EFECTY MULTIPAGOS SESQUI","ACB305577","Cl 11 # 24 Cs-17","Valle Del Cauca","3.509129,-76.295681","N"
"EFECTY","ACB356430","Calle 21b 20 57","Valle Del Cauca","3.5194,-76.292885","N"
"EFECTY LA 19","ACB136155","Cr 18 # 31-31","Valle Del Cauca","3.527252,-76.290485","N"
"EFECTY BIZERTA","ACB307117","Cr 19 # 36-75","Valle Del Cauca","3.53239,-76.290558","N"
"EFECTY","ACB321614","Calle 5a  28 04","Valle Del Cauca","3.50253,-76.301183","N"
"EFECTY CACHARRERIA Y PAPELERIA LENIS","ACB274017","Cr 19 # 38-39","Valle Del Cauca","3.533991,-76.290588","N"
"EFECTY EL RECREO","ACB174874","Cl 21 # 24-21","Valle Del Cauca","3.519,-76.296205","N"
"EFECTY","ACB358454","Calle 7  32 04","Valle Del Cauca","3.529459,-76.292627","N"
"EFECTY","ACB358124","Carrera 6  70 72","Valle Del Cauca","3.509372,-76.299886","N"
"EFECTY LA ITALIA.","ACB170771","Cl 10 Dg 25-217 Apto 2","Valle Del Cauca","3.508745,-76.301001","N"
"EFECTY CENTRO BARRIO COLOMBINA","ACB159651","Cl 30 # 24-02","Valle Del Cauca","3.526614,-76.295715","N"
"EFECTY CORREGIMIENTO DE ROZO CALLE 8","ACB168550","Cl 8 # 9-248 Correg De Rozo","Valle Del Cauca","3.531955,-76.295387","N"
"EFECTY ROZO 2","ACB125221","Cl 10 # 10-72 Municipio Rozo-valle","Valle Del Cauca","3.531955,-76.295387","N"
"EFECTY TIENDA NUEVA","ACB139686","Cr 9 # 8-76","Valle Del Cauca","3.531955,-76.295387","N"
"EFECTY PAPELERIA PLANETA ESCOLAR","ACB305104","Cl 103 # 16-122 Local 2","Valle Del Cauca","3.531955,-76.295387","N"
"EFECTY","ACB352986","Cra 28 Numero 21 56","Valle Del Cauca","3.51998,-76.29994","N"
"EFECTY BARRIO CIUDAD DEL CAMPO","ACB271454","Cl 100 # 12-94","Valle Del Cauca","3.531095,-76.29654","N"
"EFECTY BARRIO OBRERO","ACB174885","Cr 26 # 35-23","Valle Del Cauca","3.531943,-76.296452","N"
"A Y V OFICINA PALMIRA CENTRO","ACB063927","Cra 28 No 31 85 Frente A Comfandi","Valle Del Cauca","3.528744,-76.298696","N"
"MULTIPAGAS","ACB196357","Calle 30 Numero 28 51","Valle Del Cauca","3.527033,-76.299351","N"
"EFECTY BARRIO NUEVO CRA 30","ACB270233","Cl 23 # 29-102","Valle Del Cauca","3.521288,-76.301442","N"
"GIROS Y FINANZAS COMFAUNIÓN","ACB020137","Cl 32a # 28-03 Piso 2 Int. Comfandi","Valle Del Cauca","3.528827,-76.298735","N"
"BANCAMIA PALMIRA","ACB062575","Cl 31 No 28 36","Valle Del Cauca","3.528024,-76.299073","N"
"EFECTY VARIEDADES BALU","ACB277900","Cl 24 #30-10","Valle Del Cauca","3.522211,-76.301634","N"
"EFECTY SERVIENTREGA PALMIRA CENTRO","ACB079670","Cr 29 # 31-60","Valle Del Cauca","3.528571,-76.299415","N"
"EFECTY CIUDAD DEL CAMPO CRA 31","ACB194278","Cr 31 # 98 A 46 Local 2","Valle Del Cauca","3.532877,-76.298216","N"
"EFECTY BARRIO SANTA RITA MULT","ACB321625","Cr 28 # 38-16","Valle Del Cauca","3.53485,-76.297571","N"
"ACCIONES Y VALORES OLIMPICA VERSALLES","ACB061013","Cl 42 27 24 Olimpica Versalles","Valle Del Cauca","3.538326,-76.29638","N"
"EFECTY MULTIPAGOS CENTRAL","ACB305609","Cl 30 # 30-35","Valle Del Cauca","3.527127,-76.300866","N"
"MULTIPAGAS","ACB196380","Cra 32 # 20-27","Valle Del Cauca","3.519417,-76.303736","N"
"GIROS Y FINANZAS METRO VERSALLES","ACB024670","Cr 28 Cl 43 Versalles L-4 Int. Metro","Valle Del Cauca","3.539068,-76.296757","N"
"EFECTY ALTAMIRA DOS","ACB195664","Cr 27 # 47-14","Valle Del Cauca","3.542363,-76.295412","N"
"EFECTY PALMIRA CENTRO CALLE 31","ACB278561","Cl 31 # 30-71","Valle Del Cauca","3.528197,-76.3012","N"
"EFECTY MIXTA CAICEDO","ACB321647","Cr 30 # 36-05","Valle Del Cauca","3.533036,-76.299634","N"
"EFECTY PAPER CITY CENTRO DE SOLUCIONES","ACB321636","Cl 28 # 32 -23 Lc 2","Valle Del Cauca","3.525703,-76.302774","N"
"EFECTY EXPRESS EFECTY LA ALAMEDA","ACB271564","Cr 28 # 69-80 Lc 15","Valle Del Cauca","3.555356,-76.291886","N"
"EFECTY SANTA ISABEL.","ACB166273","Cr 30 # 45b-14","Valle Del Cauca","3.541136,-76.298348","N"
"EFECTY CORINTO PARQUE PRINCIPAL","ACB159617","Cr 9 6-44 Barrio Centro","Cauca","3.175012,-76.261515","N"
"EFECTY PALMIRA OLIMPICO","ACB153303","Cl 26 N.35-23","Valle Del Cauca","3.524932,-76.306537","N"
"EFECTY CENTRO..","ACB155680","Cr 10 9-58","Cauca","3.172396,-76.263637","N"
"EFECTY BARRIO LA ELVIRA","ACB174841","Cl 9 7-38","Cauca","3.173442,-76.264654","N"
"MULTIPAGAS","ACB196379","Calle 47 # 34-15","Valle Del Cauca","3.542508,-76.302278","N"
"EFECTY CORINTO CRA 12","ACB325212","Cr 12 # 11-68","Cauca","3.170537,-76.263191","N"
"EFECTY OLIMPICA LA 47","ACB122778","Cl 47 # 33-01 Local 28","Valle Del Cauca","3.542508,-76.303017","N"
"EFECTY PALMIRA ZAMORANO","ACB123285","Dg 65 # 31-33 Local 102","Valle Del Cauca","3.555104,-76.29773","N"
"EFECTY CRA 41 EL PRADO","ACB323089","Cr 41 # 34-30","Valle Del Cauca","3.532036,-76.311262","N"
"EFECTY EL PRADO","ACB156856","Cr 41 # 36 A 16","Valle Del Cauca","3.533998,-76.311349","N"
"MULTIPAGAS","ACB197600","Calle 42 # 39 - 68","Valle Del Cauca","3.53896,-76.310283","N"
"EFECTY CORREGIMIENTO SANTA RITA","ACB176887","Correg Santa Rita","Huila","3.24277,-75.56225","N"
"EFECTY UNICENTRO PALMIRA","ACB326927","Cl 42 # 39-68 Local 204","Valle Del Cauca","3.538881,-76.310828","N"
"ACCIONES Y VALORES CC UNICENTRO PALMIRA","ACB453801","Cr 40 No 42 26 Lc L2 05","Valle Del Cauca","3.539414,-76.310985","N"
"MULTIPAGAS","ACB196632","Calle 31 # 44-239","Valle Del Cauca","3.528894,-76.316609","N"
"AYV PALMIRA LLANOGRANDE","ACB066634","Calle 31 N 44 239 Lc 420","Valle Del Cauca","3.528693,-76.317119","N"
"EFECTY BARRIO SIMON BOLIVAR","ACB325607","Cl 57 # 38-03","Valle Del Cauca","3.547149,-76.310103","N"
"GIROS Y FINANZAS LA 14","ACB021260","Cl 31 # 44-239 L-326 Int. 14","Valle Del Cauca","3.529172,-76.317337","N"
"EFECTY PORTAL DE LAS PALMAS","ACB176908","Cl 47 Bis # 41-68","Valle Del Cauca","3.54229,-76.313","N"
"EFECTY EXPRESS EFECTY CANDELARIA","ACB195071","Cl 9 # 1-58","Valle Del Cauca","3.407283,-76.34316","N"
"MULTIPAGAS","ACB356308","Calle 11 7 57","Valle Del Cauca","3.409565,-76.343828","N"
"EFECTY EXPRESS DIMONEX CAÑAREAL","ACB278110","Cl 46 # 45-17","Valle Del Cauca","3.541229,-76.316764","N"
"EFECTY JAVALO PAGOS","ACB176502","Cl 7 # 4-09","Valle Del Cauca","3.406211,-76.345731","N"
"EFECTY JAVALO PAGOS CAI POLICIA","ACB302673","Cl 9 # 5-12","Valle Del Cauca","3.408306,-76.345804","N"
"EFECTY EXPRESS EFECTY VILLAGORGONA","ACB301319","Cr 10 N. 20a-64 Aldea Cto Villagorgona","Valle Del Cauca","3.407666,-76.345969","N"
"CONEXRED","ACB199349","Carrera 6 07 01","Valle Del Cauca","3.406588,-76.34633","N"
"EFECTY EXPRESS DIMONEX BARRIO CAIMITOS","ACB325618","Cl 57 # 45-51","Valle Del Cauca","3.54834,-76.31645","N"
"EFECTY BARRIO MARIA AUXILIADORA","ACB163951","Cl 7 # 6 A 34","Valle Del Cauca","3.406828,-76.346965","N"
"EFECTY EXPRESS EFECTY POR SU SALUD","ACB301320","Cr 41a # 22-05","Valle Del Cauca","3.410677,-76.347096","N"
"EFECTY CANDELARIA POBLADO CAMPESTRE","ACB126958","Mz 3 Casa 32 Local 1","Valle Del Cauca","3.410677,-76.347096","N"
"EFECTY LA NUBIA","ACB179318","Km 1.5 Via Cavasa","Valle Del Cauca","3.410677,-76.347096","N"
"EFECTY CANDELARIA PARQUE PRINCIPAL","ACB112340","Cl 9 # 8-21","Valle Del Cauca","3.408858,-76.347882","N"
"EFECTY BARRIO CENTRAL","ACB151927","Cr 10 # 14-28 Ap 2","Valle Del Cauca","3.41419,-76.347781","N"
"EFECTY EL CABUYAL","ACB174928","Cl 5 # 7-27 Correg El Cabuyal","Valle Del Cauca","3.405499,-76.348515","N"
"EFECTY SERVIALDEA","ACB323407","Cr 10 # 12-02 Corr El Carmelo","Valle Del Cauca","3.412023,-76.348532","N"
"CONEXRED","ACB270826","Calle 20 A 14 08","Valle Del Cauca","3.413932,-76.34845","N"
"EFECTY CORREGIMIENTO VILLAGORGONA","ACB112351","Cr 11 # 12-40","Valle Del Cauca","3.412562,-76.349244","N"
"EFECTY PADILLA CENTRO","ACB124428","Cr 5 9 A-39","Cauca","3.223453,-76.313356","N"
"CONEXRED","ACB199482","Cr 11 13 67","Valle Del Cauca","3.41254,-76.34939","N"
"EFECTY CORREG  VILLAGORGONA - LA ALDEA","ACB320976","Cr 12 # 17a-70 La Aldea","Valle Del Cauca","3.415751,-76.349429","N"
"EFECTY PAÑALERA TU BEBE","ACB307788","Cr 15 # 10b-42","Valle Del Cauca","3.415669,-76.349493","N"
"EFECTY CALLE 4","ACB113208","Cl 4 # 3-46","Tolima","4.5667,-74.953535","N"
"MULTIPAGAS","ACB197282","Calle 13 # 8-68","Cundinamarca","4.581087,-74.897611","N"
"EFECTY PIEDRAS PARQUE PRINCIPAL","ACB123504","Cr 4 # 2-24","Tolima","4.5395,-74.881989","N"
"CONEXRED","ACB300110","Carrera 7 Este 43a 23 Sur","Cundinamarca","4.587074,-75.068432","N"
"MULTIPAGAS","ACB196939","Av. Calle 40 # 13-13","Cundinamarca","4.600837,-74.812228","N"
"EFECTY EXPRESS DIMONEX VENADILLO","ACB274161","Cl 5 # 5-29 Barrio Santa Bar","Tolima","4.719232,-74.927533","N"
"EFECTY CALLE 4","ACB112142","Cl 4 # 4-03","Tolima","4.720115,-74.926634","N"
"MULTIPAGAS","ACB197480","Calle 1 # 4-50","Cundinamarca","4.583614,-74.796397","N"
"MULTIPAGAS","ACB197578","Calle 12 # 13-85","Cundinamarca","4.60216,-74.794944","N"
"MULTIPAGAS","ACB196951","Carrera 9 # 12-39","Cundinamarca","4.601464,-74.758825","N"
"EFECTY","ACB355550","Mz C Cs 9 Urb La Esperanza","Tolima","4.478349,-75.135321","N"
"EFECTY PROTECHO SALADO","ACB304983","Mz 15 Casa 6 Urb Protecho El Salado","Tolima","4.452917,-75.132272","N"
"MULTIPAGAS","ACB197842","Calle 53 25-31","Cundinamarca","4.643302,-74.749474","N"
"EFECTY EL NUEVO SALADO","ACB190032","Cr 14 # 142-60","Tolima","4.449785,-75.148407","N"
"EFECTY BARRIO SAN TROPEL","ACB273874","Cr 14 N 134-05","Tolima","4.449138,-75.15329","N"
"EFECTY URB. MONTECARLO","ACB304752","Cr 14 N 151-46","Tolima","4.448711,-75.155495","N"
"EFECTY EXPRESS DIMONEX BRR TIERRA FIRME","ACB195729","Mz I Casa 20 Barrio Tierra Firme","Tolima","4.452811,-75.165692","N"
"EFECTY EXPRESS EFECTY BARRIO SANTA ANA","ACB176942","Mz 21 Casa 7 Barrio Santa Ana","Tolima","4.444143,-75.164355","N"
"EFECTY BARRIO VASCONIA","ACB156977","Mz D Casa 10 Barrio Vasconia","Tolima","4.436767,-75.164775","N"
"EFECTY DIMONEX BARRIO TOPACIO","ACB271443","Mz 27 Cs 29 Urb Topacio","Tolima","4.440966,-75.167805","N"
"EFECTY BARRIO LAS AMERICAS","ACB134296","Smz. 1 Mz. 3 Casa 18 Barrio Las Americas","Tolima","4.407451,-75.145198","N"
"EFECTY BARRIO TOLIMA GRANDE","ACB160190","Br Tolima Grande Mz N Cs 4","Tolima","4.440827,-75.171077","N"
"EFECTY BARRIO LA GAVIOTA","ACB156692","Cl 96 # 23-15 Barrio La Gaviota","Tolima","4.457597,-75.181673","N"
"EFECTY BARRIO PICALEÑA .","ACB172388","Cr 45 Sur # 148-14 Barrio Picaleña","Tolima","4.396669,-75.140481","N"
"EFECTY","ACB351819","Carrera 24 Nro 20 11 Barrio Miramar","Tolima","4.44969,-75.17794","N"
"EFECTY URB LA ESMERALDA","ACB325773","Mz M Ca 1 Urb La Esmeralda","Tolima","4.436302,-75.172165","N"
"EFECTY JARDIN SANTANDER","ACB301672","Mz 8 Cs 29 Jardin Santander","Tolima","4.438701,-75.174383","N"
"EFECTY URBANIZACION LA ESPERANZA","ACB324639","Mz C Cs 9 Urb La Esperanza","Tolima","4.44843,-75.180211","N"
"EFECTY DIMONEX ARBOLEDA CAMPESTRE","ACB325751","Cl 160 N # 21 Sur-70 L-4","Tolima","4.390208,-75.138634","N"
"EFECTY","ACB321252","Manzana 6 Casa 10","Tolima","4.409177,-75.15572","N"
"EFECTY IBAGUE BARRIO EL JARDIN","ACB124417","Cr 5 # 94 A-10 Barrio El Jardin","Tolima","4.441551,-75.17869","N"
"EFECTY","ACB355176","Manzana F Casa 5 Barrio Milagro De Dios","Tolima","4.441195,-75.179925","N"
"EFECTY","ACB359422","Cr19b Sur 124 74 Brr Bello Horizonte","Tolima","4.408677,-75.159198","N"
"EFECTY BRR CIUDADELA SIMON BOLIVAR ET II","ACB132030","Cl 94a # 2 A-00 Sur Mz 11 Cs 9 Et Ii","Tolima","4.435269,-75.177482","N"
"EFECTY BARRIO BELLO HORIZONTE","ACB179978","Mz C Casa 10 Barrio Bello Horizonte","Tolima","4.406633,-75.161544","N"
"EFECTY PORTAL DEL VERGEL","ACB116629","Av Ambala # 77- 151 Local 103","Tolima","4.44759,-75.188505","N"
"EFECTY BARRIO EL PEDREGAL","ACB176173","Mz C Casa 10 Barrio El Pedregal","Tolima","4.443361,-75.187952","N"
"ACCIONES Y VALORES HOMECENTER","ACB061091","Av Mirolindo Kr 5 No 83 100","Tolima","4.439385,-75.186399","N"
"AYV EXITO GALERIA IBAGUE","ACB066953","Cra 5 No 80   60 Lc 116","Tolima","4.438949,-75.187649","N"
"EFECTY EXITO LAS PALMERAS CR 5A CL 80","ACB078723","Blq C3 Local 1 Las Palmeras","Tolima","4.438377,-75.188654","N"
"CONEXRED","ACB300066","Calle 79 6 A 50  Sur Urbanizacion Coopdi","Tolima","4.437214,-75.188795","N"
"CONEXRED","ACB274523","Avenida 7  1 50  Local 2  09 Barrio Caro","Norte De Santander","4.462567,-75.202165","N"
"EFECTY BARRIO VALPARAISO","ACB130764","Cr 3b N 69-22 Mz 1 Casa 4","Tolima","4.437206,-75.190109","N"
"EFECTY DIMONEX VALPARAISO","ACB273906","Cr 1a # 70-46","Tolima","4.435191,-75.189145","N"
"EFECTY","ACB160244","Cr 3 No  78   135 Barrio Jardin Atolsure","Tolima","4.436662,-75.18998","N"
"EFECTY CRA 5 CALLE 69 LA ALAMEDA","ACB136276","Cl 69 5-33 Lc 8 Club Residencial Alameda","Tolima","4.440105,-75.191886","N"
"EFECTY BARRIO HACIENDA VILLA LUZ","ACB190911","Mz A Casa 2 Hacienda Villa Luz","Tolima","4.433164,-75.188532","N"
"EFECTY PORTALES DEL NORTE","ACB272279","Mz C Casa 22 Portales Del Norte","Tolima","4.445576,-75.196231","N"
"EFECTY BARRIO JORDAN ETAPA 7","ACB194388","Mz 53 Casa 20 Barrio Jordan Et. 7","Tolima","4.44445,-75.196152","N"
"EFECTY","ACB352227","Cra 23 N 66 54","Tolima","4.451656,-75.200895","N"
"EFECTY BARRIO JORDAN ETAPA 3","ACB274194","Cr 5 N 66 A-102 Barrio Jordn Etapa 3","Tolima","4.437576,-75.194264","N"
"EFECTY LOS MANDARINOS","ACB321285","Mz B Casa 12 Los Mandarinos","Tolima","4.454588,-75.203629","N"
"EFECTY EXPRESS BARRIO JORDAN ETAPA 8","ACB304938","Mz 60 Casa 8 Et. 8","Tolima","4.439622,-75.19635","N"
"EFECTY MEGALIFE JORDAN 3","ACB324035","Mz 37 Cs 13 L-03 Brr Jordan Iii Etapa","Tolima","4.435728,-75.194508","N"
"EFECTY AV. AMBALA CALLE 63","ACB114551","Cr 20 # 63-31 Local 3 Portal De Ambala","Tolima","4.447917,-75.201316","N"
"EFECTY PARRALES","ACB078712","Urb Los Parrales Mz D Cs 4","Tolima","4.44141,-75.20013","N"
"GIROS Y FINANZAS SAO C.C. LA ESTACIÓN","ACB025802","Cr 19 # 60-180 L-135 Int. Sao","Tolima","4.446108,-75.204738","N"
"EFECTY CENTRO COMERCIAL ARCACENTRO","ACB078680","C.c. Arkacentro Local E2 A 10","Tolima","4.437377,-75.200663","N"
"GIROS Y FINANZAS METRO","ACB024571","Cr 5 Cl 62 Y 64 C.c. Multicentro","Tolima","4.436899,-75.200859","N"
"MULTIPAGAS","ACB303674","Cra 5  60 123","Tolima","4.436864,-75.201342","N"
"AyV PAGAFACIL ACQUA IBAGUE","ACB368507","Cr 9  57 24","Tolima","4.441223,-75.204535","N"
"EFECTY CRESS CALLE 60","ACB078679","Cl 60 # 2a-75 La Floresta","Tolima","4.433991,-75.201627","N"
"EFECTY CARRERA 6 LIMONAR","ACB124615","Cr 6 # 59-29 Barrio Limonar","Tolima","4.436651,-75.203395","N"
"EFECTY AMBALEMA","ACB114188","Cl 8 # 5-15","Tolima","4.780968,-74.765879","N"
"EFECTY BARRIO CALARCA CALLE 46.","ACB279287","Cl 46 # 10a-48 Piso 1","Tolima","4.443592,-75.208982","N"
"EFECTY","ACB155130","Avenida Guabinal No 26  66","Tolima","4.441225,-75.208468","N"
"EFECTY BARRIO CORDOBA IBAGUE","ACB170232","Mz A Casa 17 Barrio Cordoba","Tolima","4.446724,-75.21206","N"
"MULTIPAGAS","ACB303663","Calle 60 12 224","Tolima","4.426228,-75.201693","N"
"EFECTY BARRIO PIEDRAPINTADA","ACB160772","Cr 6 N 44-84 Local 2 Piedra Pintada","Tolima","4.435812,-75.209738","N"
"EFECTY AV. GUABINAL CALLE 43","ACB321306","Av Guabinal Cr 8 #43-66 Barrio Calarca","Tolima","4.441433,-75.213211","N"
"EFECTY CRA 5 EDIFICIO QUINTA AVENIDA","ACB139147","Cr 5 # 38-56 L-2 Edif Quinta Avenida","Tolima","4.436406,-75.214205","N"
"MULTIPAGAS","ACB197370","Carrera 5 No. 38-49","Tolima","4.437414,-75.215889","N"
"EFECTY","ACB352195","Carrera 5  38   56 Local 10","Tolima","4.437402,-75.216063","N"
"CONEXRED","ACB303531","Carrera 6  36 36","Tolima","4.439415,-75.217533","N"
"CONEXRED","ACB303926","Calle 37 4i 75","Sucre","4.438302,-75.217626","N"
"EFECTY CADIZ - CARULLA CALLE 35","ACB116069","Cr 5 # 35-40","Tolima","4.438277,-75.218611","N"
"EFECTY BRR SAN SIMON PARTE ALTA","ACB177008","Cl 32 N 5 A-45 P 1","Tolima","4.440145,-75.220099","N"
"EFECTY MINUTO DE DIOS","ACB156768","Av 12 # 12-00","Tolima","4.860769,-74.912668","N"
"CONEXRED","ACB309735","Calle 39a  3  67","Tolima","4.430915,-75.216332","N"
"EFECTY MULTISERVICIOS COOPER","ACB301661","Cr 6 # 30-55","Tolima","4.440521,-75.221632","N"
"EFECTY GIRARDOT ESTADIO","ACB152720","Cl 19 Cr 24 Via Nariño","Cundinamarca","4.30552,-74.813086","N"
"EFECTY LA GRANJA CALLE 28","ACB114638","Cr 11 Np 28-34","Tolima","4.443399,-75.223684","N"
"EFECTY GIRARDOT SANTA ISABEL","ACB170847","Mz 23 Casa 9 Piso 1","Cundinamarca","4.315823,-74.794151","N"
"ACCIONES Y VALORES CC LA QUINTA","ACB060991","Kr 5 No 29 32 Lc 102","Tolima","4.439609,-75.222942","N"
"AyV PF GIRARDOT LA COLINA","ACB067163","Carrera 24 No 9   33 Lc 101","Cundinamarca","4.30181,-74.816965","N"
"EFECTY IBAGUE CARULLA CALLE 28","ACB122020","Cr 5 # 28-65 Lc 1","Tolima","4.43999,-75.223656","N"
"EFECTY HOSPITAL FEDERICO LLERAS","ACB160222","Cl 33 A # 4 A-103 Barrio Francia","Tolima","4.435566,-75.221875","N"
"EFECTY CALLE 9","ACB116070","Cl 9 # 2-43","Tolima","4.863454,-74.907505","N"
"EFECTY CRA 4 ESTADIO CALLE 33","ACB137552","Cr 4 Estadio # 33-35","Tolima","4.432143,-75.221549","N"
"EFECTY BARRIO HIPODROMO","ACB128181","Cr 4 C # 26-29 Barrio Hipodromo","Tolima","4.438963,-75.226335","N"
"EFECTY CRA 6 CALLE 22 ESQUINA","ACB165766","Cr 6 # 22-123","Tolima","4.442523,-75.228775","N"
"AYV LA 14 GIRARDOT","ACB066722","Carrera 7 N 33   111 Lc 1  151 Int La 14","Cundinamarca","4.307707,-74.798073","N"
"GIROS Y FINANZAS ÉXITO CC ALTAVISTA USME","ACB026188","Cr 1# 65 D Sur 58l-103b Int. Éxito","Cundinamarca","4.304008,-74.804086","N"
"EFECTY LA FRANCIA CRA. 4","ACB131875","Cl 28 # 4-08 Local 3 Barrio La Francia","Tolima","4.435302,-75.226008","N"
"EFECTY BARRIO LA ESTACION","ACB323210","Cr 17 # 18-84 Local 101 B. La Estacion","Cundinamarca","4.299802,-74.809322","N"
"EFECTY BARRIO ANCON.","ACB164381","Cl 17 # 10-24","Tolima","4.449305,-75.233632","N"
"EFECTY CRA. 4 ESTADIO CALLE 24","ACB174380","Cr 4 Estadio N 24-02","Tolima","4.437546,-75.229552","N"
"EFECTY BARRIO RICAURTE PARTE ALTA 2","ACB279298","Cl 20 # 11-24","Tolima","4.442128,-75.231983","N"
"EFECTY BARRIO SAN PEDRO","ACB272851","Cr 2 N 23-18 Barrio San Pedro","Tolima","4.436313,-75.231491","N"
"EFECTY CARRERA 11 EFECTY PRINCIPAL","ACB078558","Cl 18 # 11-02","Cundinamarca","4.297168,-74.806494","N"
"EFECTY RED PLATINUM IBAGUE CRA 5","ACB150278","Cr 5 # 17-62","Tolima","4.442636,-75.234674","N"
"EFECTY SANTANDER","ACB325739","Cr 7 A # 22-05","Cundinamarca","4.299241,-74.801385","N"
"EFECTY CARRERA 10","ACB122008","Cr 10 # 18 -72 Local 102","Cundinamarca","4.296661,-74.805496","N"
"EFECTY BARRIO RODRIGUEZ ANDRADE","ACB272301","Mz C Casa 20 Br. Rodriguez Andrade","Tolima","4.429698,-75.229441","N"
"ACCIONES Y VALORES PF OFICINA GIRARDOT","ACB065062","Cra 10 No 17 01 B Centro","Cundinamarca","4.295822,-74.806245","N"
"EFECTY BARRIO BELENCITO","ACB273885","Cr 9 N 11-86","Tolima","4.448276,-75.238424","N"
"MULTIPAGAS","ACB303652","Cra 8  20a   73 B  Granada","Cundinamarca","4.297775,-74.802356","N"
"BANCAMIA IBAGUE CENTRO","ACB064995","Av 15 No 4 51","Tolima","4.443424,-75.237404","N"
"EFECTY GIRARDOT CENTRO 16","ACB078569","Cl 16 # 9-07","Cundinamarca","4.294568,-74.806302","N"
"EFECTY DIMONEX LAS FERIAS","ACB325762","Cr 3sur N 25-53 Barrio Las Ferias","Tolima","4.431362,-75.232488","N"
"EFECTY OLIMPICA GIRARDOT","ACB130159","Cr 9 Cl 14 Esquina","Cundinamarca","4.293614,-74.806651","N"
"EFECTY SERVIENTREGA LOS PANCHES UNO","ACB078756","Cr 3 # 15-41 Local 1","Tolima","4.441648,-75.23766","N"
"GIROS Y FINANZAS GIRARDOT","ACB020962","Cl. 14 Cr 9 Esq. Int. Almacén Olímpica","Cundinamarca","4.293319,-74.806646","N"
"EFECTY FLAMINGO IBAGUE","ACB168516","Cl 16 # 2-78 Cr 3 # 16- 42-48-52","Tolima","4.440935,-75.237612","N"
"EFECTY EXPRESS EFECTY COPICLICK","ACB305072","Cr 5 # 12-10 Local 101","Tolima","4.444848,-75.239587","N"
"MULTIPAGAS","ACB197402","Carrera 3 No. 14-18","Tolima","4.442522,-75.238973","N"
"EFECTY CENTRO PARQUE MURILLO","ACB078701","Cl 11 # 4-14","Tolima","4.444936,-75.240697","N"
"EFECTY BELEN CARRERA 10","ACB156515","Cr 10 N. 5-50 Barrio Belen","Tolima","4.450705,-75.243126","N"
"GIROS Y FINANZAS CENTRO","ACB020236","Cr 3 # 11a-37 Piso 2 L-17 Edif. Kokorico","Tolima","4.445226,-75.240895","N"
"EFECTY","ACB352216","Calle 13 2 91 Local S 4","Tolima","4.442908,-75.239955","N"
"ACCIONES Y VALORES OFICINA COMBEIMA","ACB065347","Cr 3 12 54 Lc 202 Interior Cc","Tolima","4.443363,-75.2403","N"
"EFECTY COMBEIMA 233","ACB325784","C.c. Combeima Centro Local 233","Tolima","4.443341,-75.240581","N"
"CONEXRED","ACB273588","Sm 9 Mz 7 Ca 7 Barrio Las Americas","Tolima","4.4493,-75.243148","N"
"EFECTY EXPRESS EFECTY C.C. LA 13","ACB272509","Cl 13 # 2-16 Local 108 A Barrio Centro","Tolima","4.442184,-75.240367","N"
"EFECTY GIRARDOT ALTO DE LA CRUZ CALLE 16","ACB163346","Cl 16 # 5-01","Cundinamarca","4.292545,-74.803079","N"
"EFECTY EXPRESS EFECTY CC SAN MIGUEL","ACB279319","Cr 2 N # 11-70 Lc 01 Cc San Miguel","Tolima","4.443063,-75.241878","N"
"EFECTY IBAGUE PARQUE PLAZA BOLIVAR","ACB078745","Cr 3 # 8-85","Tolima","4.44544,-75.243291","N"
"EFECTY BRR LA POLA SUPERMERC CENTRALES","ACB160332","Cl 6 # 4-29 Barrio La Pola","Tolima","4.447839,-75.245107","N"
"EFECTY BARRIO COMBEIMA","ACB308042","Cr 2 Sur # 11-74 Combeima","Tolima","4.440605,-75.243588","N"
"CONEXRED","ACB300736","Carrera 9 Sur No  23 11 Barrio Kennedy","Tolima","4.429501,-75.241148","N"
"EFECTY BARRIO KENNEDY.","ACB321274","Cr 9 Sur # 23-58 Barrio Kennedy","Tolima","4.429283,-75.241199","N"
"CONEXRED","ACB303520","Manzana 13 Calle 18 P 1 Barrio Pradera S","Tolima","4.437304,-75.245143","N"
"EFECTY BARRIO RICAURTE CALLE 17","ACB279308","Cr 11 Sur N 17-44","Tolima","4.433456,-75.243753","N"
"EFECTY BARRIO RICAURTE CALLE 20","ACB300352","Cl 20 N 14-32 Sur","Tolima","4.429208,-75.246394","N"
"EFECTY ENTRERIOS","ACB325795","Mz A Casa 30 Urb Entrerios","Tolima","4.422895,-75.249605","N"
"EFECTY EXPRESS EFECTY BARRIO VENECIA","ACB305412","Mz K Casa 10 Barrio Venecia","Tolima","4.422895,-75.249605","N"
"EFECTY GAITAN CL 37 AV AMBALA ESQ LOCAL","ACB123791","Av 37 # 10 43","Tolima","4.422895,-75.249605","N"
"EFECTY REFUGIO ETAPA 1","ACB306590","Cl 24 Sur Casa 32 Etapa 1 Refugio","Tolima","4.422895,-75.249605","N"
"EFECTY BARRIO JORDAN ETAPA 1","ACB122460","Mz 4 Casa 13 Local 1","Tolima","4.422895,-75.249605","N"
"EFECTY BRR CIUDAD SIMON BOLIVAR ETAPA I","ACB167944","Mz 20 Cs 4 Ciudadela Simon Bolivar Et I","Tolima","4.422895,-75.249605","N"
"EFECTY DIMONEX COMFENALCO","ACB168769","Mz 22 Casa 45","Tolima","4.422895,-75.249605","N"
"EFECTY PASAJE COMERCIAL LA 14","ACB323177","C.c Pasaje Comercial La 14 Local 208","Tolima","4.422895,-75.249605","N"
"EFECTY SUPERMERCADO MERCACENTRO NO 10","ACB152500","Cr 16 Sur # 96-68 Barrio El Poblado","Tolima","4.422895,-75.249605","N"
"EFECTY EXPRESS EFECTY BARRIO ALBANIA 2","ACB321296","Mz C Casa 28 Etapa Ii","Tolima","4.422895,-75.249605","N"
"EFECTY BARRIO CAÑAVERAL","ACB323595","Centro Social Las Palmas Local 1","Tolima","4.422895,-75.249605","N"
"EFECTY BARRIO 20 DE JULIO","ACB150850","Av 13 # 7-17 Barrio Veinte Julio","Tolima","4.422895,-75.249605","N"
"EFECTY BARRIO LA FLORESTA","ACB169452","Urb La Floresta Mz G Cs 1","Tolima","4.422895,-75.249605","N"
"EFECTY DIMONEX URBANIZACION LOS TUNJOS","ACB165931","Spmz 6 Mz 1 Casa 13 Etapa 1","Tolima","4.422895,-75.249605","N"
"EFECTY BRR SALADO CONJ RESIDE MONTERREY","ACB171695","Conj Cerrado Monterrey Local 3","Tolima","4.422895,-75.249605","N"
"EFECTY SAN ISIDRO","ACB321263","Cr 23 Sur # 14-80 San Isidro","Tolima","4.427125,-75.255836","N"
"EFECTY CALLE 4","ACB115914","Cl 4 # 9-17 Centro","Cundinamarca","4.460341,-74.635565","N"
"EFECTY SAN AGUSTIN GALERIA","ACB117598","Cl 14 # 9 09","Cundinamarca","4.376561,-74.670132","N"
"EFECTY EXPRESS DIMONEX BARRIO BOQUERON","ACB194993","Cr 36 N 20-45 Barrio Boqueron","Tolima","4.41473,-75.261051","N"
"EFECTY BARRIO BOQUERON","ACB159639","Cr 38 Sur # 19 A-22 Barrio Boqueron","Tolima","4.413606,-75.26521","N"
"EFECTY CENTRO CRA.5","ACB117587","Cr 5 # 7-66","Cundinamarca","4.516572,-74.595279","N"
"EFECTY CALLE 4 FRENTE AL HOSPITAL","ACB120864","Cl 4 # 2-18","Tolima","4.921847,-75.057654","N"
"EFECTY EXPRESS EFECTY BARRIO LAS ACACIAS","ACB323276","Mz 3 Casa 1 Barrio Las Acacias","Tolima","4.920918,-75.06313","N"
"MULTIPAGAS","ACB199129","Cra 5   4 27","Tolima","4.922358,-75.059706","N"
"EFECTY CENTRO CALLE 4","ACB110919","Cl 4 # 9-42","Tolima","4.922386,-75.063427","N"
"EFECTY DIMONEX CENTRO LIBANO","ACB321373","Cl 4 # 11-51","Tolima","4.922416,-75.065467","N"
"EFECTY MURILLO","ACB154238","Cr 9 # 4-03","Tolima","4.874504,-75.172243","N"
"EFECTY ANAPOIMA CRA 5","ACB271508","Cr 5 # 7-16","Cundinamarca","4.553177,-74.534868","N"
"EFECTY ANAPOIMA PARQUE CENTRAL","ACB151730","Cr 2 # 4 -60","Cundinamarca","4.550061,-74.534532","N"
"EFECTY CENTRO AV PRINCIPAL","ACB078778","Cl 9 # 4-06","Tolima","4.152648,-74.8851","N"
"EFECTY CHICORAL - CENTRO","ACB113219","Cr 5 # 5-14 Chicoral B Centro","Tolima","4.15334,-74.880875","N"
"EFECTY NILO ESCUELA DE SOLDADOS","ACB156296","Km 3 Via Nilo Pueblo Nuevo","Cundinamarca","4.307384,-74.620509","N"
"EFECTY MELGAR ESCUELA DE SUB OFICIALES","ACB121810","Escuela De Suboficiales Inocencio Chinca","Cundinamarca","4.307384,-74.620509","N"
"EFECTY ESPINAL BARRIO SAN RAFAEL","ACB273072","Cr 6 # 4-32","Tolima","4.15256,-74.879633","N"
"EFECTY PARQUE MITOLOGICO","ACB118841","Cl 17 # 3-62","Tolima","4.150468,-74.892234","N"
"EFECTY FISCALIA","ACB302848","Cr 5 # 11-27","Tolima","4.150899,-74.886597","N"
"EFECTY CENTRO ESPRO CALLE 4","ACB117192","Cl 4 # 2-63","Cundinamarca","4.307057,-74.619597","N"
"EFECTY ESPINAL CARRERA 7 CON 7","ACB159860","Cr 7 # 7-06","Tolima","4.150823,-74.882234","N"
"EFECTY ESPINAL. CENTRO FUNDES","ACB306930","Cr 7 # 10-42","Tolima","4.149814,-74.884923","N"
"EFECTY ESPINAL GABRIEL GONZALEZ","ACB190087","Cl 6 # 11 -35 Local 2","Tolima","4.146992,-74.879747","N"
"EFECTY ESPINAL CABALLERO Y GONGORA II","ACB277724","Cr 11 # 11-00 Local 3","Tolima","4.145411,-74.88443","N"
"EFECTY SAN JUAN DE RIO SECO PARQUE PPAL","ACB114067","Cr 6 # 3-30","Cundinamarca","4.845193,-74.621863","N"
"EFECTY CARRERA 4","ACB112120","Cr 4 # 4-47","Tolima","4.241321,-75.24","N"
"EFECTY CENTRO CRA 4","ACB160288","Cl 5 # 4-70","Tolima","4.240566,-75.239886","N"
"EFECTY TOLEMAIDA FUDRA","ACB174160","Tolemaida Fudra","Cundinamarca","4.223413,-74.685003","N"
"EFECTY AMAGA","ACB114001","Cr 50 # 49-06","Antioquia","6.039297,-75.702909","N"
"REDY AMAGA","ACB363052","Calle 51 No 51   38","Antioquia","6.041053,-75.702937","N"
"AYV REDY AMAGA","ACB067426","Calle 51 No 51   38","Antioquia","6.041053,-75.702937","N"
"EFECTY VENECIA PARQUE PRINCIPAL","ACB156878","Cl 50 # 51-18","Antioquia","5.962964,-75.734288","N"
"EFECTY CALDAS FELIPE ECHAVARRIA CRA 48","ACB306545","Cr 48 # 138 Sur -06","Antioquia","6.08492,-75.634005","N"
"EFECTY CALDAS PAPELERIA RAPIFLAZ","ACB308361","Cl 130 Sur N 51-43 Local 109","Antioquia","6.091243,-75.637223","N"
"EFECTY CALDAS SERVIPUNTO","ACB156999","Cl 134 Sur # 48-09","Antioquia","6.08805,-75.634524","N"
"OFICINA PAGAFACIL VAQUITA CALDAS","ACB066216","Cll 130 No 50 - 45","Caldas","6.091388,-75.636418","N"
"A Y V PF OFICINA PARQUE CALDAS","ACB064368","Calle 130s 49 43","Antioquia","6.091535,-75.635635","N"
"BANCAMIA CALDAS","ACB061969","Calle 129s 48 35","Antioquia","6.092338,-75.634596","N"
"REDY CALDAS","ACB362974","Carrea 50 No 125 Sur 158","Antioquia","6.095956,-75.636317","N"
"AyV REDY CALDAS","ACB067349","Carrea 50 No 125 Sur 158","Antioquia","6.096114,-75.636372","N"
"EFECTY FREDONIA CALLE 50","ACB323209","Cl 50 # 48 -50","Antioquia","5.928333,-75.670819","N"
"EFECTY ESCU POLICIA LA ESTRELLA CL 81SUR","ACB301704","Cl 81 Sur # 66-180","Antioquia","6.159671,-75.649389","N"
"REDY LA ESTRELLA","ACB362963","Carrea 60 No 79 Sur 115 Parque Estrella","Antioquia","6.158853,-75.642852","N"
"AyV REDY LA ESTRELLA","ACB067338","Carrea 60 No 79 Sur 115 Parque Estrella","Antioquia","6.158909,-75.642773","N"
"EFECTY","ACB305225","Cra 60  77 Sur   71","Antioquia","6.159655,-75.642714","N"
"EFECTY MALL PLAZA SABANETA.","ACB176821","Cr 48 N 76 D Sur 34","Antioquia","6.152349,-75.623526","N"
"EXITO SABANETA","ACB065655","Cr 45 74 Sur 62 Cc Aves Maria","Antioquia","6.14879,-75.617694","N"
"MULTIPAGAS","ACB197062","Calle 74 Sur# 45-16","Antioquia","6.150023,-75.617553","N"
"EFECTY SABANETA CRA 46 CON 69 SUR","ACB171189","Cr 46 # 69 Sur 19","Antioquia","6.152739,-75.61617","N"
"REDY SABANETA","ACB363216","Calle 69 Sur No 45   70","Antioquia","6.152661,-75.615769","N"
"REDY SABANETA LA VAQUITA","ACB363205","Carrera 43a No 65 Sur   88","Antioquia","6.152051,-75.611445","N"
"EFECTY ITAGUI SAN FRANCISCO CALLE 27","ACB169155","Cl 27 N 68-15","Antioquia","6.171105,-75.641012","N"
"EFECTY PRADO BARICHARA","ACB163720","Cr 67 N 52 Sur 03 Correg San Antonio","Antioquia","6.175914,-75.648273","N"
"AYV PF ARAYANES","ACB067262","Carrera 50 A No 36 90 Local 103","Antioquia","6.167394,-75.619637","N"
"EFECTY GLORIETA PILSEN","ACB110371","Cr 50a # 36 84","Antioquia","6.167441,-75.619657","N"
"EFECTY SAN ANTONIO DE PRADO.","ACB166976","Cr 79 N 42 Sur 18","Antioquia","6.1845,-75.655972","N"
"ACCIONES Y VALORES","ACB063202","Kr 48 No 50 Sur 128 Lc 99017 Sotano","Antioquia","6.160512,-75.60465","N"
"AyV PF ITAGUI PLAZA","ACB067701","Carrera 52 No 52   63 Lc 102","Antioquia","6.17448,-75.625669","N"
"GIROS Y FINANZAS C.C. MAYORCA MEGA PLAZA","ACB026111","Cl 51 Sur # 48-57 L-2167 Piso 2 Etapa 1","Antioquia","6.16064,-75.60465","N"
"A Y V PF OFICINA EXITO ITAGUI","ACB064313","Kr 50 A No 40 25","Antioquia","6.169577,-75.61713","N"
"ACCIONES Y VALORES EXITO ITAGU","ACB061507","Carrera 50a 41 42 Lc. 114b","Antioquia","6.168998,-75.61613","N"
"CONEXRED","ACB270167","Diagonal 40 42 08 Brr Las Mercedes","Antioquia","6.16894,-75.61544","N"
"AYV MAYORCA ETAPA 1","ACB066546","Cll 51 Sur No 48 57","Antioquia","6.161793,-75.605007","N"
"MULTIPAGAS","ACB271717","Calle 51 S 48 57","Antioquia","6.162155,-75.604985","N"
"EFECTY","ACB352744","Carrera 48 A 50 Sur   106","Antioquia","6.162161,-75.604824","N"
"EFECTY ENVIGADO SEÑORIAL CALLE 48 E SUR","ACB306413","Cl 48 E Sur # 42bb 39","Antioquia","6.158155,-75.59801","N"
"PF EURO ITAGUI","ACB065907","Cl 49 No 50 53 Itaguei","Antioquia","6.171419,-75.609472","N"
"EFECTY","ACB352755","Carrera 49 51 47","Antioquia","6.171624,-75.608176","N"
"COOPERATIVA FINANCIERA DE ANTIOQUIA","ACB172706","Carrera 52 50 19","Antioquia","6.173333,-75.610278","N"
"A Y V PF OFICINA PARQUE DE ITAGUI","ACB064335","Kr 50 No 51 27 Lc 9915","Antioquia","6.172847,-75.609534","N"
"GIROS Y FINANZAS C.C. ITAGÜÍ","ACB020609","Cr 50 # 51-49 L-242-243","Antioquia","6.172449,-75.608381","N"
"GIROS Y FINANZAS C.C .OVIEDO","ACB025880","Cr 43a # 6 Sur-15 L-165","Antioquia","6.198797,-75.574591","Y"
"GIROS Y FINANZAS METRO","ACB021282","Cl 50 # 52-21 L-6 Int. Metro","Antioquia","6.173485,-75.608839","N"
"EFECTY","ACB358245","Tv 6 N 2a 57","Antioquia","6.162223,-75.594052","N"
"CONEXRED","ACB192935","Kr 58 B  47 C 7 Brr Rosario Itagui","Antioquia","6.178224,-75.61229","N"
"EFECTY ENVIGADO DORADO PAPELERIA BELINA","ACB321120","Cr 41 # 40g Sur 08","Antioquia","6.16487,-75.590156","N"
"Oficina PagafAcil Universidad Envigado","ACB066018","Cll 40 Sur No 27d - 03","Antioquia","6.158281,-75.580796","N"
"EFECTY HELICONIA PARQUE PRINCIPAL.","ACB177163","Cr 21 Cl 19","Antioquia","6.206186,-75.735237","N"
"ACCIONES Y VALORES PF OFICINA ENVIGADO","ACB064346","Calle 38s 42 19","Antioquia","6.169006,-75.587923","N"
"EFECTY ENVIGADO PARQUE PPAL.","ACB300505","Cl 38 Sur # 42-27","Antioquia","6.169524,-75.587519","N"
"EFECTY ITAGUI SECTOR LAS ESMERALDAS","ACB164633","Cl 64 B # 44 C -76","Antioquia","6.178038,-75.597652","N"
"COOPERATIVA FINANCIERA DE ANTIOQUIA","ACB172629","Kr 40   37 S  60","Antioquia","6.168611,-75.585556","N"
"AYV VIVA ENVIGADO","ACB066535","Cra 48 No 32 B Sur No 139 Lc 309","Antioquia","6.17529,-75.592127","N"
"ACCIONES Y VALORES EXITO ENVIGADO","ACB064027","Kr 48 No 32b S  139 Lc 120","Antioquia","6.175067,-75.591816","N"
"EFECTY PRINCIPAL","ACB115585","Cr 41 # 36 Sur 06","Antioquia","6.170341,-75.585731","N"
"ACCIONES Y VALORES CC CASTICENTRO","ACB060847","Kr 42 No 35 Sur 55 Lc 102","Antioquia","6.171202,-75.586436","N"
"GIROS Y FINANZAS ALAMEDA","ACB025176","Cr 42 # 35 Sur-35 Local 117-119","Antioquia","6.171396,-75.586291","N"
"GIROS Y FINANZAS C.C. VIVA","ACB026199","Cr 48 # 32b Sur 139 L-233","Antioquia","6.176578,-75.591899","N"
"EFECTY SERVIENTREGA CRA 43","ACB110481","Cr 43a # 33b Sur-04","Antioquia","6.173084,-75.586787","N"
"EFECTY ENVIGADO TRANSVERSAL 36","ACB191879","Tv 36 Sur N 29-48","Antioquia","6.167778,-75.579186","N"
"ACCIONES Y VALORES PF OFICINA CITY PLAZA","ACB064490","Cl 36 D S No 27a 105 Cc City Plaza L 118","Antioquia","6.163343,-75.573081","N"
"MULTIPAGAS","ACB197754","Cra 43 32a Sur 27","Antioquia","6.174848,-75.58532","N"
"EFECTY ENVIGADO SEBASTIANA DG 31","ACB326983","Dg 31 Tv 34ee Sur 13","Antioquia","6.170512,-75.579693","N"
"EFECTY","ACB355330","Dg 31 Tv 34ee Sur 13","Antioquia","6.170623,-75.579595","N"
"EFECTY CENTRO COMERCIAL PLATINO PLAZA","ACB122372","Cr 52d # 76-67 L1174","Antioquia","6.187968,-75.597098","N"
"ACCIONES Y VALORES CC PLATINO PLAZA","ACB060836","Kr 52 D No 76 67 Lc 1227","Antioquia","6.18794,-75.596972","N"
"EFECTY","ACB357606","Vereda El Ajizal","Antioquia","6.19366,-75.605767","N"
"EFECTY SANTA MARIA CRA 52 CON 80","ACB321328","Cr 52 # 80-53","Antioquia","6.188888,-75.593563","N"
"EFECTY","ACB352766","Calle 81  52 Dd   12  Local 153","Antioquia","6.190047,-75.595","N"
"ACCIONES Y VALORES CC UNICENTRO","ACB060825","Kr 66 B 34 A 76 Lc 245 2do Pis","Antioquia","6.240754,-75.587134","Y"
"REDY DMODA","ACB363184","Calle 87 No 55   129 Local 117","Antioquia","6.190985,-75.593645","N"
"OFICINA PAGAFACIL JUMBO LAS VEGAS","ACB066272","Crrera 48 N 25 Sr 136 Av Ls Vgs Envigado","Antioquia","6.186319,-75.582567","N"
"EFECTY GUAYABAL LA COLINITA","ACB163654","Cr 53 N 9 B Sur 15","Antioquia","6.200353,-75.590546","N"
"MULTIPAGAS","ACB196511","Calle 20 # 21-08","Antioquia","6.05755,-75.503041","N"
"EFECTY BELEN RINCON.","ACB163830","Cl 2 # 79-09","Antioquia","6.21168,-75.6025","N"
"ACCIONES Y VALORES PF OFICINA GUAYABAL","ACB064599","Cl 7 Sur No 51 A  120 Av Guayabal","Antioquia","6.20268,-75.587439","N"
"EFECTY","ACB352777","Cll 8 Sur 50ff 15","Antioquia","6.200991,-75.584654","N"
"GIROS Y FINANZAS C.C. CAMINO REAL","ACB020490","Cr 47 # 52-86 L-123","Antioquia","6.249903,-75.565113","Y"
"EFECTY","ACB352788","Calle 6 Sur 52 92 Local 21","Antioquia","6.205026,-75.587812","N"
"OFICINA PAGAFACIL EAFIT","ACB066283","Carrera 49 No 7 Sur 50","Antioquia","6.199548,-75.57934","N"
"COOPERATIVA FINANCIERA DE ANTIOQUIA","ACB172586","Kr 19  19   22","Antioquia","6.046389,-75.906944","N"
"EFECTY CARRERA 53 CRISTO REY.","ACB301814","Cr 53 # 2a Sur-17","Antioquia","6.206437,-75.587097","N"
"ACCIONES Y VALORES OFICINA POMONA OVIEDO","ACB063136","Kr 43c No 6 Sur 6 Lc 108a","Antioquia","6.197617,-75.574905","N"
"C C ARKADIA","ACB067118","Carrera 70 No 1 19 Lc 9829","Antioquia","6.21136,-75.594704","N"
"AYV CC ARKADIA","ACB066238","Cll 49 Ayacucho No 25 19","Antioquia","6.21136,-75.594704","N"
"OFICINA PAGAFACIL VAQUITA BALSOS","ACB066205","Calle 9 Sur N 29 D   76","Antioquia","6.1919,-75.566623","N"
"EFECTY","ACB352799","Carrera 70 1 128","Antioquia","6.212109,-75.593952","N"
"EFECTY SECTOR CRISTO REY CALLE 2 SUR.","ACB323551","Cl 2 Sur # 50 F 61","Antioquia","6.205301,-75.5831","N"
"MULTIPAGAS","ACB196917","Calle 6 Sur Carrera 43a 227","Antioquia","6.198955,-75.573941","N"
"EFECTY MALL COMERCIAL LA MOTA **","ACB163544","Dg 75 B # 2a-143","Antioquia","6.214907,-75.59735","N"
"MULTIPAGAS","ACB196566","Calle 5#75b-09","Antioquia","6.215343,-75.597939","N"
"EFECTY MEDELLIN C.C. OVIEDO LC 154","ACB308394","Cr 43a # 6 Sur 15 Loc 154","Antioquia","6.199139,-75.573862","N"
"EFECTY","ACB351446","Cra 52  1   43","Antioquia","6.20768,-75.58553","N"
"REDY ALLUS PUERTO SECO","ACB363173","Calle 8b No 65 191 C Emp Puerto Seco P 6","Antioquia","6.215433,-75.588029","N"
"ACCIONES Y VALORES PF OFICINA VISITACION","ACB064522","Kr 32 No 1 B Sur  79 Lc 129","Antioquia","6.199208,-75.565116","N"
"GIROS Y FINANZAS TERMINAL NORTE","ACB025143","Cr 64c # 78-580 L-9904 Piso 2","Antioquia","6.216458,-75.588735","N"
"AYV PF SAN FERNANDO PLAZA","ACB066777","Carrera 43a   1-50 Local 358","Antioquia","6.204207,-75.571111","N"
"EFECTY CALLE SALGAR","ACB120271","Cl Salgar # 50-19","Antioquia","5.872423,-75.567677","N"
"CONEXRED","ACB324310","Carrera Santander  48   24","Antioquia","5.874057,-75.56531","N"
"EFECTY TERMINAL DEL SUR","ACB139181","Cr 65 N 8b-91 Local 013","Antioquia","6.217292,-75.588742","N"
"EFECTY BELEN LAS PLAYAS CRA 71","ACB326994","Cr 71 # 14-33","Antioquia","6.22077,-75.593684","N"
"GIROS Y FINANZAS TERMINAL DEL SUR","ACB020500","Cr 65 # 8b-091 L-152 Plazoleta Central","Antioquia","6.216662,-75.58671","N"
"MULTIPAGAS","ACB196555","Carrera 65# 8b-91","Antioquia","6.216587,-75.586571","N"
"EFECTY SERVIENTREGA POBLADO PATIO BONITO","ACB079076","Cr 47 # 7-76","Antioquia","6.20972,-75.576255","N"
"EFECTY","ACB355341","Cra 71 14  33","Antioquia","6.221137,-75.5937","N"
"EFECTY MAG PAPELERIA BELEN","ACB163731","Cl 20 # 76-33 Local 107","Antioquia","6.224775,-75.597421","N"
"MULTIPAGAS","ACB197798","Cra 81 25-35","Antioquia","6.227435,-75.60182","N"
"PF EL TESORO","ACB065929","Carrera 25 A  1 A Sur 45 Cc El Tesoro","Antioquia","6.197715,-75.558383","N"
"GIROS Y FINANZAS ÉXITO POBLADO","ACB025693","Cl 10 # 43-135 L-216","Antioquia","6.212094,-75.574743","N"
"EFECTY FARMAPRO","ACB301803","Cl 10 # 43dd-41","Antioquia","6.21142,-75.573035","N"
"EFECTY CENTRO COMERCIAL MONTERREY","ACB076831","Cr 48 # 10-45 Local 82","Antioquia","6.214287,-75.576357","N"
"EFECTY C.C. LOS MOLINOS","ACB300495","Cl 30a # 82a-26","Antioquia","6.231927,-75.604399","N"
"MULTIPAGAS","ACB196928","Carrera 43a # 10-30","Antioquia","6.210648,-75.569936","N"
"AYV PF MOLINOS","ACB065985","Calle 30a No 82a   26 Cc Los Molinos","Antioquia","6.232101,-75.603847","N"
"ACCIONES Y VALORES HOMECENTER CC MOLINOS","ACB061288","Cr 82 No 30a Lc 1105 Homecenter","Antioquia","6.2324,-75.604255","N"
"A Y V HOMECENTER AV LOS INDUSTRIALES","ACB060452","Av Los Industriales 14 132","Antioquia","6.216058,-75.576597","N"
"EFECTY CENTRO COMERCIAL MALL DEL ESTE","ACB176393","Cr 25 N 3-45 Local 154","Antioquia","6.199961,-75.555816","N"
"EFECTY","ACB352810","Cra 77 28 22","Antioquia","6.229305,-75.596999","N"
"GIROS Y FINANZAS C.C. LOS MOLINOS","ACB025648","Cl 30a # 82a-26 L-2135","Antioquia","6.233173,-75.604093","N"
"AyV PAGAFACIL AMSTERDAM PLAZA","ACB368606","Cr 25  4   165 Lc 9930","Antioquia","6.201571,-75.556635","N"
"COOPERATIVA FINANCIERA DE ANTIOQUIA","ACB172641","Kr 77  28   124 Medellin","Antioquia","6.230278,-75.596667","N"
"GIROS Y FINANZAS ÉXITO BELÉN","ACB021084","Cr 77 # 28124","Antioquia","6.230495,-75.596533","N"
"ACCIONES Y VALORES PF OFICINA PRINCIPAL","ACB064544","Kr 76 No 30a 40","Antioquia","6.23126,-75.596126","N"
"EFECTY BELEN GRANADA CRA 74","ACB327005","Cr 74 # 29-74","Antioquia","6.230659,-75.594482","N"
"EFECTY SERVIENTREGA INDUSTRIALES","ACB079186","Cr 48 # 18-41","Antioquia","6.219923,-75.576124","N"
"EFECTY","ACB355352","Cra 74 29  74","Antioquia","6.231131,-75.594372","N"
"EFECTY","ACB352809","Carrera 48  18 41 Inter 201","Antioquia","6.219993,-75.576099","N"
"REDY BELEN LA 33","ACB363139","Av 33 No 83 A   36","Antioquia","6.238674,-75.607011","N"
"EFECTY AV. BOLIVARIANA","ACB169364","Dg 74b # 32-10","Antioquia","6.23361,-75.595346","N"
"EFECTY BELEN ROSALES CRA 70","ACB191374","Cr 70 N 30 A 63 Piso 1","Antioquia","6.232582,-75.591637","N"
"EFECTY","ACB351402","Calle 39a  118   03","Antioquia","6.25046,-75.62904","N"
"CONEXRED","ACB199778","Cl 39 A  110 07","Antioquia","6.250821,-75.623614","N"
"MULTIPAGAS","ACB197194","Calle 33a # 72-107","Antioquia","6.239555,-75.596245","N"
"EFECTY SAN JAVIER 20 DE JULIO","ACB308448","Cl 39 # 108-72","Antioquia","6.251351,-75.621315","N"
"MULTIPAGAS","ACB197138","Carrera 76 # 34a-27","Antioquia","6.242177,-75.596919","N"
"PF PUNTO CLAVE","ACB065918","Cl 27 46 70 Punto Clave Ph","Antioquia","6.229255,-75.574094","N"
"PAGAFACIL VIVA LAURELES","ACB066162","Carrera 81 37  100","Antioquia","6.245953,-75.60224","N"
"ACCIONES Y VALORES EXITO LAURELES","ACB063916","Kr 81 No 37 100 Lc 4","Antioquia","6.245628,-75.601483","N"
"MULTIPAGAS","ACB197116","Calle 29 #43g-10","Antioquia","6.228536,-75.570871","N"
"EFECTY LAURELES EFECTY PRINCIPAL","ACB079175","Cr 81 # 37d-113","Antioquia","6.24694,-75.602687","N"
"ACCIONES Y VALORES CC PREMIUM PLAZA","ACB061761","Cr 43a No 30 25 Cc Premium Pla","Antioquia","6.229237,-75.570541","N"
"GIROS Y FINANZAS C.C. PREMIUM PLAZA","ACB025846","Cr 43a # 30-25 L-2296","Antioquia","6.229237,-75.570541","N"
"ACCIONES Y VALORES PF OFICINA LAURELES","ACB064302","Calle 40 80d 69","Antioquia","6.247057,-75.601602","N"
"ACCIONES Y VALORES PF OFICINA NUTIBARA","ACB064609","Tr 39 B No Cir 3 34 Lc 3 Edif Horizontes","Antioquia","6.242955,-75.593245","N"
"EFECTY SERVIENTREGA UNICENTRO MEDELLI","ACB079207","Cl 34 # 66 A 10","Antioquia","6.239938,-75.587498","N"
"MULTIPAGAS","ACB197051","Carrera 66 D #34 A-76","Antioquia","6.239782,-75.586431","N"
"GIROS Y FINANZAS C.C. UNICENTRO","ACB025781","Cr 66 # 34a76 L-336 Piso 2","Antioquia","6.24078,-75.587114","N"
"ACCIONES Y VALORES PF OFICINA AMERICA","ACB064610","Carrera 86 43 42","Antioquia","6.250604,-75.605795","N"
"Oficina PagafAcil America II","ACB066029","Cra 84 No 43 - 56","Antioquia","6.250369,-75.604813","N"
"EFECTY","ACB352821","Carrera 43 A 30 104","Antioquia","6.230828,-75.569753","N"
"COOPERATIVA FINANCIERA DE ANTIOQUIA","ACB172607","Kr  43 A  31   159","Antioquia","6.233071,-75.570359","N"
"PAGAFÁCIL SAN ANTONIO DE PRADO II","ACB065765","Carrera 79a 42 24 Int 101","Antioquia","6.249039,-75.59824","N"
"MULTIPAGAS","ACB271751","Circular 1 70 01","Antioquia","6.24451,-75.589292","N"
"MULTIPAGAS","ACB197853","Calle 44 80-61","Antioquia","6.250104,-75.600066","N"
"EFECTY SAN JAVIER","ACB117707","Cl 45 # 98-23 Estacion Metro","Antioquia","6.256699,-75.614094","N"
"EFECTY SAN JAVIER N 2 CL 47A CON 100C","ACB308415","Cl 47 A N 100c-43","Antioquia","6.257868,-75.616355","N"
"EFECTY SERVIENTREGA SAN JUAN","ACB079010","Cl 44 # 79-19","Antioquia","6.249922,-75.597881","N"
"EFECTY EXPRESS DIMONEX EL SOCO SANJAVIER","ACB324497","Cr 102 # 47c-20","Antioquia","6.258721,-75.617143","N"
"ACCIONES Y VALORES PF OFICINA ALMACENTRO","ACB064500","Cra 43 A No 34  45 Lc 106b","Antioquia","6.235295,-75.570879","N"
"EFECTY SERVIENTREGA SAN DIEGO","ACB079009","Cr 43 # 33-57 Loc 184","Antioquia","6.234205,-75.569079","N"
"GIROS Y FINANZAS C.C. SAN DIEGO","ACB025879","Cl 34 # 43-66 L-2295","Antioquia","6.235599,-75.569576","N"
"MULTIPAGAS","ACB197633","Circular 5 Con Carrera 70-12","Antioquia","6.247635,-75.58947","N"
"EFECTY BARRIO EL VELODROMO CALLE 45","ACB194212","Cl 45 N 77-91","Antioquia","6.251056,-75.596031","N"
"EFECTY","ACB355417","Cra 102  47c   20","Antioquia","6.26158,-75.616909","N"
"EFECTY LOMAS DE SAN JAVIER","ACB327016","Cr 125 # 53b-135","Antioquia","6.244182,-75.580182","N"
"EFECTY EXPRESS FLORESTA LA PRADERA","ACB308459","Cl 48d # 94-35","Antioquia","6.259598,-75.609884","N"
"EFECTY LORETO PUERTO VIRTUAL","ACB161245","Cl 35 N 32 A 01","Antioquia","6.232173,-75.559533","N"
"EFECTY EXPRESS DIMONEX CR 36 EL SALVADOR","ACB301793","Cr 36 # 36-40","Antioquia","6.235302,-75.562959","N"
"ACCIONES Y VALORES HOMECENTER SAN JUAN","ACB060968","Cl 44 No 65 100 Lc 01 Piso Ti","Antioquia","6.249407,-75.583865","N"
"EFECTY BARRIO ALCAZARES CRA 87","ACB300318","Cr 87 N 48 A 36","Antioquia","6.260068,-75.604688","N"
"GIROS Y FINANZAS JUMBO TEJICONDOR","ACB021040","Cl 47d # 65-115 L-29","Antioquia","6.251646,-75.585281","N"
"REDY METROCENTRO","ACB363128","Cra 52 No 42 60 Lc 121 Lc Metrocentro 1","Antioquia","6.243823,-75.571775","N"
"ACCIONES Y VALORES PF OFICINA CL NUEVA","ACB064588","Kr 51 No 41 144 Lc 115 Cc Metrocentro","Antioquia","6.243397,-75.571088","N"
"EFECTY","ACB355363","Carrera 125 53b  135","Antioquia","6.270718,-75.630618","N"
"EFECTY EXPRESS EFECTY CL 40 EL SALVADOR","ACB308404","Cl 40 # 35a-05","Antioquia","6.237086,-75.560944","N"
"EFECTY SERVIENTREGA ESTA DEL FERROCARRIL","ACB078987","Cr 52 # 43-31 Estacion Ferrocaril L-113","Antioquia","6.244474,-75.571763","N"
"COOPERATIVA FINANCIERA DE ANTIOQUIA","ACB172421","Kr 52  43   31","Antioquia","6.244722,-75.571667","N"
"CONEXRED","ACB355022","Transversal 42  39a 16","Antioquia","6.239063,-75.562787","N"
"CONEXRED","ACB324684","Transversal 42  39a 16","Antioquia","6.239063,-75.562787","N"
"A Y V PF OFICINA PLAZA MAYORISTA","ACB064324","Carrera 83a 48bb 47","Antioquia","6.261277,-75.602099","N"
"EFECTY","ACB301836","Carrera 36a 40   100","Antioquia","6.238347,-75.560969","N"
"EFECTY CENTRO COMERCIAL OBELISCO","ACB119413","Cr 74 # 48-37 Local 118","Antioquia","6.256958,-75.591952","N"
"EFECTY PARQUE LA MILAGROSA MERC OLIMPICA","ACB124044","Cr 30 # 41-35","Antioquia","6.235718,-75.555709","N"
"EFECTY SERVIENTREGA CALLE ALHAMBRA","ACB079120","Cr 52a#45-02","Antioquia","6.246313,-75.571412","N"
"AYV PF EXITO COLOMBIA","ACB064379","Calle 48d No 66   35","Antioquia","6.253453,-75.583559","N"
"EFECTY BARRIO GERONA","ACB323704","Cr 33 A N 42-7","Antioquia","6.237702,-75.558164","N"
"EFECTY","ACB351479","Cra 15b  35   8","Antioquia","6.22826,-75.54542","N"
"EFECTY OLIMPICA VILLANUEVA","ACB130236","Cl 47 # 57-40","Antioquia","6.248904,-75.574379","N"
"MULTIPAGAS","ACB197271","Carrera 74 #48b-29","Antioquia","6.258262,-75.591404","N"
"OFICINA PAGAFACIL EXITO COLOMBIA II","ACB066117","Calle 48d 66 15","Antioquia","6.254677,-75.58319","N"
"MULTIPAGAS","ACB197040","Carrera 53 # 46-35","Antioquia","6.248216,-75.571584","N"
"A Y V PF OFICINA BARRIO TRISTE","ACB064566","Carrera 59 48 73","Antioquia","6.251085,-75.576271","N"
"EFECTY SERVIENTREGA FERROCARRIL","ACB078943","Cr 57 # 48-95","Antioquia","6.250677,-75.575253","N"
"ACCIONES Y VALORES","ACB061563","Cl. 49b Cr 67 Exito Colombia","Antioquia","6.25532,-75.58301","N"
"EFECTY CALAZANS LA 80 CON COLOMBIA","ACB172036","Cl 49 F #80-13","Antioquia","6.26262,-75.597115","N"
"MULTIPAGAS","ACB197127","Carrera 80 #49a-112","Antioquia","6.262632,-75.596933","N"
"EFECTY TORRES DE BOMBONA","ACB123823","Cl 47 42 60","Antioquia","6.244202,-75.56368","N"
"EFECTY CENTRO COMERCIAL 3 VIAS","ACB194597","Cr 53 N 48-47 Local 106-107","Antioquia","6.249024,-75.571134","N"
"EFECTY EXPRESS DIMONEX CLL 49 CENTRO","ACB304301","Cc Molino Viejo Cl 49 # 56-15 Loc 109","Antioquia","6.250714,-75.573818","N"
"EFECTY C.C. EL PUNTO DE LA ORIENTAL","ACB126749","Cr 46 # 47-66 C.c. Punto De Orient","Antioquia","6.246398,-75.566413","N"
"ACCIONES Y VALORES EXITO SAN ANTONIO","ACB061420","Calle 48 46 115","Antioquia","6.246845,-75.566914","N"
"GIROS Y FINANZAS C.C. PTO DE LA ORIENTAL","ACB025736","Cr 46 # 4766 L-2108","Antioquia","6.246596,-75.566461","N"
"CONEXRED","ACB274941","Carrera 50  48 04 Barrio Centro","Antioquia","6.247982,-75.568388","N"
"EFECTY CURRULAO ANTIOQUIA","ACB117169","Cr 50 # 48-25","Antioquia","6.248092,-75.568521","N"
"EFECTY CALLE 50 CUARTA BRIGADA","ACB170331","Cl 50 N 76-137","Antioquia","6.261389,-75.592512","N"
"EFECTY CIR SAN IGNACIO","ACB079164","Cl 48 # 44-30","Antioquia","6.246048,-75.56509","N"
"EFECTY SERVIENTREGA AVENIDA COLOMBIA","ACB078932","Cl 50 N 65-91","Antioquia","6.256108,-75.581565","N"
"MULTIPAGAS","ACB197260","Carrera 50 # 48-68","Antioquia","6.248384,-75.568182","N"
"A Y V PF OFICINA AV COLOMBIA","ACB064621","Kr 55a No 49a 7 Lc 104 Edif Los Monjes","Antioquia","6.251342,-75.572811","N"
"CONEXRED","ACB275030","Calle 50  54 53 Barrio Centro","Antioquia","6.251221,-75.571768","N"
"REDY METRO ITAGUI","ACB363195","Calle 50 No 40   01  205  Ita1 32","Antioquia","6.252911,-75.574223","N"
"EFECTY","ACB351347","Cl 51  83a   05","Antioquia","6.26665,-75.60104","N"
"MULTIPAGAS","ACB197039","Calle 50 # 52 - 32","Antioquia","6.250361,-75.569814","N"
"REDY PLAZA DE FLORES","ACB363151","Calle 49 No 39   87","Antioquia","6.244734,-75.560811","N"
"EFECTY MEDELLIN TRANVIA PLAZA","ACB194421","Cl 49 N 40-11 L-265 C.c. Tranvia Paza","Antioquia","6.245002,-75.561172","N"
"EFECTY","ACB352832","Kr 51  50   22","Antioquia","6.249838,-75.568566","N"
"AYV PF VALKOR MAYORCA","ACB066810","Carrera 48 No 50 Sur 128  Piso 5","Antioquia","6.248991,-75.566751","N"
"MULTIPAGAS","ACB197248","Calle 50 # 48-03","Antioquia","6.248868,-75.566554","N"
"EFECTY OLIMPICA SAN CRISTOBAL","ACB133129","Cl 63 # 128-53","Antioquia","6.279085,-75.634244","N"
"AYV REDY SAN CRISTOBAL","ACB067437","Calle 163 No 128   85","Antioquia","6.279224,-75.634477","N"
"REDY SAN CRISTOBAL","ACB363063","Calle 163 No 128   85","Antioquia","6.279224,-75.634477","N"
"EFECTY COLORES","ACB174511","Cr 80 # 52-02","Antioquia","6.265249,-75.596152","N"
"EFECTY EXPRESS EFECTY BARRIO SANTO TOMAS","ACB301650","Cr 54 # 51-20","Antioquia","6.251843,-75.57083","N"
"PAGAFACIL LA CENTRAL BUENOS AIRES","ACB066458","Calle 49 Entre Cra 25 Y 19 Local 122","Antioquia","6.243316,-75.557603","N"
"EFECTY SERVIENTREGA BUENOS AIRES CL 49","ACB116553","Cl 49 # 36-40","Antioquia","6.243236,-75.557338","N"
"EFECTY EXPRESS BUENOS AIRES LUFSARUX","ACB301782","Cr 33 # 48- 93","Antioquia","6.241815,-75.555245","N"
"EFECTY SERVIENTREGA PARQUE BERRIO","ACB079119","Cr 50 N. 51-13","Antioquia","6.250333,-75.567658","N"
"EFECTY SERVIENTREGA VERACRUZ UNO","ACB079021","Cr 52 # 51a -29","Antioquia","6.251497,-75.569209","N"
"EFECTY CENT SECTOR CORDOBA CON COLOMBIA","ACB176403","Cr 42 # 50 -11","Antioquia","6.247003,-75.562089","N"
"AYV PF COLTABACO","ACB064555","Carera 51 No 51  47 Cc Veracruz","Antioquia","6.250938,-75.568195","N"
"ACCIONES Y VALORES EDIFICIO COLTEJER","ACB060649","Cl 52 47 42 Lc 104 2do Piso","Antioquia","6.249739,-75.565994","N"
"ACCIONES Y VALORES PF OFICINA COLTEJER","ACB064577","Cl 52 No 48 47 Lc 104","Antioquia","6.249923,-75.566212","N"
"EFECTY LA PLAYA EDIFICIO COLTEGER","ACB151158","Cl 52 # 47-78 Lc 102","Antioquia","6.249723,-75.565755","N"
"EFECTY VIA PRINCIPAL BUENOS AIRES CL 49","ACB306479","Cl 49 # 29 -46","Antioquia","6.240572,-75.552254","N"
"EFECTY","ACB300484","Cll 52 43  124","Antioquia","6.248529,-75.563658","N"
"MULTIPAGAS","ACB197084","Calle 52# 45-60","Antioquia","6.249057,-75.563991","N"
"EFECTY","ACB358267","Calle 31  29  20","Antioquia","6.239226,-75.549241","N"
"COOPERATIVA FINANCIERA DE ANTIOQUIA","ACB172542","Kr 47  52 89 Local 125","Antioquia","6.250278,-75.565","N"
"CONEXRED","ACB274985","Carrera 50  52 86 Barrio Centro","Antioquia","6.251606,-75.566896","N"
"Oficina PagafAcil Coltejer II","ACB065974","Kr 49 52 107 Cc El Union Local 105","Antioquia","6.251095,-75.566014","N"
"EFECTY EXPRESS EFECTY CALLE 62 ROBLEDO","ACB305324","Cl 62c # 106 B-15","Antioquia","6.276058,-75.617305","N"
"GIROS Y FINANZAS C.C LA CENTRAL","ACB026210","Cl 49 # 21-38  Local 0142 Int. Centro","Antioquia","6.238645,-75.547523","N"
"EFECTY PLAZA MINORISTA LOCAL 16","ACB273984","Cl 55 A Cr 57-80 Local 16","Antioquia","6.256864,-75.57373","N"
"AYV PF BOSTON","ACB066568","Carrera 39 No 52 02","Antioquia","6.247478,-75.558468","N"
"EFECTY","ACB352843","Carrera 80 54 35","Antioquia","6.268656,-75.595665","N"
"REDY PARQUE BOLIVAR","ACB363140","Calle 54 No 47   105 Lc 127","Antioquia","6.252196,-75.564991","N"
"EFECTY CAICEDO 3 ESQUINAS 1","ACB306172","Cr 9 # 52-18","Antioquia","6.232825,-75.537205","N"
"EFECTY BARRIO BOSTON","ACB176382","Cl 55 N 36 A 27","Antioquia","6.247387,-75.556074","N"
"MULTIPAGAS","ACB271728","Carrera 53d 76 67","Antioquia","6.260824,-75.575109","N"
"GIROS Y FINANZAS C.C. VILLANUEVA","ACB020050","Cr 50 # 57-72 L-241","Antioquia","6.255221,-75.564227","N"
"MULTIPAGAS","ACB197028","Carrera 49 # 57-51","Antioquia","6.255008,-75.563721","N"
"ACCIONES Y VALORES EXITO ROBLEDO","ACB061464","Carrera 80 64 61 2do Piso","Antioquia","6.272355,-75.593557","N"
"EFECTY ROBLEDO LA MONTAÑA CALLE 65","ACB167065","Cl 65 N 105 A 125 Int 109","Antioquia","6.282296,-75.618136","N"
"COOPERATIVA FINANCIERA DE ANTIOQUIA","ACB172674","Carrera 80 64 61","Antioquia","6.272778,-75.593611","N"
"EFECTY PASAJE COMERCIAL SAN GERMAN","ACB163818","Cl 65 # 78-29","Antioquia","6.273023,-75.59248","N"
"EFECTY CRA 5 ANTIOQUIA","ACB113132","Cr 5 # 7-37","Antioquia","5.790879,-75.786287","N"
"EFECTY PARQUE ROBLEDO","ACB172047","Cl 65 # 86 -55","Antioquia","6.27615,-75.596857","N"
"EFECTY EXPRESS EFECTY VILLATINA CRA 17","ACB308426","Cr 17 B Cl 56 E 55","Antioquia","6.242438,-75.540002","N"
"REDY EXITO PRADO","ACB363162","Calle 62 No 51 D   29","Antioquia","6.260656,-75.566307","N"
"EFECTY","ACB351259","Calle 59  29   2","Antioquia","6.25026,-75.54927","N"
"EFECTY DIMONEX LA CAMPIÑA CR 64B","ACB324541","Cr 94b # 64a-10","Antioquia","6.281026,-75.604699","N"
"EFECTY","ACB355462","Cra 94b  64a   10","Antioquia","6.2811,-75.604578","N"
"GIROS Y FINANZAS C.C AVENTURA","ACB026265","Cr 52 # 65-91 Local 260 Interior Centro","Antioquia","6.264099,-75.567333","N"
"A Y V OFICINA FLORIDA PARQUE COMERCIAL","ACB064159","Cl 71 65 150 Lc 2113 Parque Comercial","Antioquia","6.270788,-75.57749","N"
"Oficina PagafAcil Euro Florida","ACB065996","Cl 71 No 65 150 Cc Florida Parque 1425","Antioquia","6.271421,-75.577409","N"
"CONEXRED","ACB309625","Calle 20  23  60","Antioquia","6.032148,-75.434131","N"
"EFECTY VILLA HERMOSA","ACB119248","Cl 66 # 39a-11","Antioquia","6.258254,-75.551846","N"
"CONEXRED","ACB307458","Calle 76eb 83a 14","Antioquia","6.280147,-75.591059","N"
"EFECTY SERVIENTREGA CALLE 20","ACB110964","Cl 19 # 22-15","Antioquia","6.030649,-75.433346","N"
"EFECTY CENTRO COMERCIAL BOSQUE PLAZA","ACB304839","Cl 73 N 51 D 71 Local 2071","Antioquia","6.268917,-75.564992","N"
"CONEXRED","ACB276284","Calle 19  20  25 Barrio Parque","Antioquia","6.030163,-75.431694","N"
"MULTIPAGAS","ACB197677","Cra 20 18-54","Antioquia","6.029775,-75.431563","N"
"EFECTY EXPRESS DIMONEX TERRITOR ROBLEDO","ACB177130","Cl 70 G N 95-66 Interior 991","Antioquia","6.287498,-75.599768","N"
"EFECTY","ACB273522","Calle 77 Cc 87 65","Antioquia","6.283975,-75.590692","N"
"EFECTY EXPRESS BARRIO CORDOBA CR 68","ACB304895","Cr 68 # 79c-19","Antioquia","6.277404,-75.576717","N"
"EFECTY LA CEJA BARRIO SAN CAYETANO CR 20","ACB301694","Cr 20 # 24-34","Antioquia","6.034747,-75.429403","N"
"EFECTY LA CEJA TERMINAL TRANSPORTE","ACB163676","Cr 17 # 21-46 Loc 112","Antioquia","6.031442,-75.428332","N"
"ACCIONES Y VALORES","ACB065413","Cl 72 No 44 101 Lc. 105","Antioquia","6.267264,-75.554805","N"
"MULTIPAGAS","ACB196489","Carrera 45 N°72 - 31","Antioquia","6.267594,-75.555232","N"
"EFECTY CAMPO VALDES PARQUE PRINCIPAL","ACB272961","Cr 49 N 76-44","Antioquia","6.270119,-75.558586","N"
"EFECTY","ACB278813","Cra 91b 78a   6","Antioquia","6.287934,-75.592375","N"
"EFECTY","ACB277207","Cra 45  73   56","Antioquia","6.269039,-75.554789","N"
"AYV PF TERMINAL NORTE II","ACB066030","Carera 64c No 78   580","Antioquia","6.279155,-75.571855","N"
"A Y V PF OFICINA TERMINAL NORTE","ACB064511","Kr 64 C No 78  580 Lc 9990","Antioquia","6.279088,-75.570915","N"
"COOPERATIVA FINANCIERA DE ANTIOQUIA","ACB172861","Kr 64c  78 344 Local 9905 Cc Piso 2","Antioquia","6.279722,-75.571111","N"
"EFECTY SERVIENTREGA TERMINAL NORTE","ACB079065","Cr 64c # 78-660 Loc 661","Antioquia","6.279959,-75.56981","N"
"CONEXRED","ACB309911","Carrera 57  82a  35","Antioquia","6.277141,-75.564531","N"
"EFECTY VILLA SOFIA GOMEZ G","ACB194454","Cr 92 B # 83-45","Antioquia","6.291153,-75.591375","N"
"MULTIPAGAS","ACB198986","Carrera 13  26 A 56","Antioquia","6.033576,-75.422259","N"
"EFECTY BRR MANRIQUE EL RAIZAL CR 34 MED","ACB321405","Cr 34 # 75c-59","Antioquia","6.268671,-75.545804","N"
"EFECTY BARRIO VERSALLES CRA 29","ACB277977","Cr 29 # 71a-43","Antioquia","6.266446,-75.54243","N"
"EFECTY CENTRO COMERCIAL VERACRUZ","ACB272444","Cr 51 N 51 Local 33-23","Antioquia","6.278748,-75.561935","N"
"ACCIONES Y VALORES","ACB065381","Carrera 13 No 26b 56 Lc 248","Antioquia","6.035221,-75.421572","N"
"EFECTY CAMPO VALDES CRA 48A","ACB323957","Cr 48a # 83-03","Antioquia","6.275896,-75.556622","N"
"EFECTY ARANJUEZ BERMEJAL LOS ALAMOS MED","ACB301825","Cr 52 # 87-87","Antioquia","6.279978,-75.563602","N"
"A Y V PF OFICINA SAN ANTONIO DE PRADO","ACB064467","Carrera 42 80 50","Antioquia","6.272817,-75.550887","N"
"CONEXRED","ACB192386","Kr 45  82 40 Brr Manrique","Antioquia","6.274809,-75.553863","N"
"EFECTY DISTRIBUIDORA MAXIMUS MANRIQUE","ACB163917","Cl 80 # 36-08","Antioquia","6.271403,-75.546374","N"
"AYV PF MAYORISTA II","ACB066766","Calle 85 N 48-01 Local 17 Bloque Naranja","Antioquia","6.277514,-75.555666","N"
"EFECTY MANRIQUE BARRIO SANTA INES MED","ACB273225","Cr 41 # 82-24","Antioquia","6.273859,-75.549688","N"
"EFECTY CAMPO VALDES LAS ESMERALDAS","ACB155152","Cr 46 # 85 03","Antioquia","6.277374,-75.554365","N"
"EFECTY EXPRESS EFECTY VARIEDADES LA 27","ACB174490","Cr 27 C N 77-80","Antioquia","6.269773,-75.541617","N"
"EFECTY MEDELLIN ARANJUEZ CL 92","ACB277461","Cl 92 # 50a-42","Antioquia","6.283429,-75.5588","N"
"EFECTY CELUPIÑA","ACB156780","Cl 31 N 30-76","Antioquia","5.963544,-75.97876","N"
"BANCAMIA CASTILLA","ACB062003","Kr 68 No 96 21","Antioquia","6.291341,-75.572","N"
"COOPERATIVA FINANCIERA DE ANTIOQUIA","ACB172784","Kr  31  28   33","Antioquia","5.963056,-75.979444","N"
"EFECTY MANRIQUE LA CRUZ CARRERA 24","ACB308460","Cr 24 # 75c-138","Antioquia","6.270945,-75.536954","N"
"EFECTY ARANJUEZ CLL 95 CRA 52","ACB156757","Cl 95 # 52-37","Antioquia","6.287333,-75.563073","N"
"MULTIPAGAS","ACB271706","Carrera 43a 7s 170","Antioquia","6.293493,-75.574447","N"
"EFECTY BARRIO CASTILLA","ACB120491","Cl 97 # 68-10","Antioquia","6.292347,-75.571761","N"
"COOPERATIVA FINANCIERA DE ANTIOQUIA","ACB172454","Calle 93 49 18","Antioquia","6.284444,-75.556944","N"
"EFECTY 12 DE OCTUBRE CRA 80","ACB164709","Cr 80 N 98-14","Antioquia","6.296868,-75.580496","N"
"EFECTY EXPRESS EFECTY LA ESPERANZA","ACB278802","Cl 98 # 74 B-2","Antioquia","6.295797,-75.577556","N"
"EFECTY BARRIO ARANJUEZ","ACB153710","Cl 94 # 50-19","Antioquia","6.285792,-75.558056","N"
"EFECTY PICACHITO CRA 85","ACB163708","Cr 85 A # 98-16","Antioquia","6.299564,-75.584806","N"
"EXITO ARANJUEZ","ACB065666","Carrera 94 48 13","Antioquia","6.285636,-75.55584","N"
"EFECTY EXPRESS COMUNICACIONES ARANJUEZ","ACB304620","Cr 49 # 95-09","Antioquia","6.287155,-75.556065","N"
"EFECTY 12 OCTUBRE INTERMEDIA","ACB271520","Cr 78a # 101bb- 04","Antioquia","6.30056,-75.578846","N"
"EFECTY","ACB163368","Calle 20 N 20 39","Antioquia","6.113188,-75.984627","N"
"EFECTY CENTRO VIRTUAL MANRIQUE GUADALUPE","ACB156911","Cr 42 B # 94-04","Antioquia","6.28553,-75.549929","N"
"EFECTY MEDELLIN TODO PRECIOS SAN PABLO","ACB306446","Cr 37 # 96 -77","Antioquia","6.28723,-75.54685","N"
"EFECTY DIMONEX PEDREGAL CLL 104","ACB304532","Cl 104 # 74-32","Antioquia","6.301816,-75.572889","N"
"MULTIPAGAS","ACB197567","Carrera 74 # 104-04","Antioquia","6.301719,-75.572573","N"
"EFECTY EBEJICO CALLE 18","ACB113891","Cl 18 # 18-23","Antioquia","6.326092,-75.76801","N"
"EFECTY EXPRESS DIMONEX EBEJICO","ACB195774","Cr 17 N 20-15","Antioquia","6.326498,-75.767505","N"
"EFECTY","ACB351260","Carrera 63a  104   96","Antioquia","6.29957,-75.55963","N"
"EFECTY","ACB356243","Cra 23  97   08","Antioquia","6.286925,-75.538087","N"
"EFECTY","ACB351183","Cra 23  97   08","Antioquia","6.286925,-75.538087","N"
"EFECTY EXPRESS BARRIO GRANIZAL MED","ACB272972","Cr 38a # 104-22","Antioquia","6.292631,-75.547144","N"
"EFECTY BARRIO GRATAMIRA","ACB155536","Cr 67 N 105 A 18","Antioquia","6.303694,-75.566597","N"
"EFECTY MOVIL OUTLET ANDALUCIA MEDELLIN","ACB308471","Cr 46 # 107-42","Antioquia","6.295869,-75.551247","N"
"EFECTY STA CRUZ BRR ANDALUCIA CL 107 MED","ACB277230","Cl 107 # 51-54 Int 101","Antioquia","6.299111,-75.556327","N"
"EFECTY BARRIO PARIS PRINCIPAL LA 72","ACB168385","Cr 72 N 20 D 63","Antioquia","6.310969,-75.578743","N"
"EFECTY","ACB352854","Carrera 42 B 107   54","Antioquia","6.295089,-75.547791","N"
"EFECTY","ACB351172","Cra 76  20f  14","Antioquia","6.313164,-75.581312","N"
"EFECTY","ACB356232","Cra 76  20f  14","Antioquia","6.313164,-75.581312","N"
"CONEXRED","ACB279935","Calle 112 A 76 C 19 Barrio Santander","Antioquia","6.309526,-75.572258","N"
"EFECTY BARRIO SANTANDER","ACB179671","Cr 76 C # 112 A-02","Antioquia","6.309517,-75.572096","N"
"EFECTY BRR SANTO DOMINGO BLV DEL SANTO","ACB167603","Cr 31 A N 102 B-181","Antioquia","6.293481,-75.541618","N"
"EFECTY","ACB358278","Calle 49  25 86 Local 102","Antioquia","6.29357,-75.539886","N"
"EFECTY EXPRESS EFECTY POPULAR 1 CR 42 B","ACB323650","Cr 42 N 110 B 56","Antioquia","6.298366,-75.546555","N"
"AYV PF AEROPUERTO JOSE MARIA CORDOBA","ACB067130","Aeropto Int Jose M Cordova 1er P Lc 40","Antioquia","6.171244,-75.427668","N"
"EFECTY BARRIO NUEVO BELLO","ACB304927","Cr 60 # 22-12 Int 201","Antioquia","6.311875,-75.569847","N"
"EFECTY STA CRUZ BRR PABLO IV CR 50 MRD","ACB302541","Cr 50 A N 118-19","Antioquia","6.304023,-75.55308","N"
"CONEXRED","ACB300417","Avenida 30  30  33 Barrio El Crucero","Antioquia","5.746876,-75.606064","N"
"EFECTY","ACB351369","Carrera Bolivar  9   65","Antioquia","6.30341,-75.85398","N"
"EFECTY","ACB358289","Cra 27b  102c  136","Antioquia","6.305147,-75.553055","N"
"EFECTY","ACB191219","Kr 50b  121   09","Antioquia","6.305203,-75.553114","N"
"EFECTY EL PLAYON CL 123 MEDELLIN","ACB306655","Cl 123 # 51d -27 Int 101","Antioquia","6.306678,-75.555211","N"
"EFECTY BARRIO LA ISLA CALLE 123 MED","ACB321416","Cl 123 # 49b-55","Antioquia","6.305218,-75.551261","N"
"EFECTY","ACB356221","Calle 20d  43b   39","Antioquia","6.308035,-75.553967","N"
"EFECTY","ACB351161","Calle 20d  43b   39","Antioquia","6.308035,-75.553967","N"
"EFECTY MALL LA PINTADA","ACB301726","Mall La Pintada","Antioquia","5.743391,-75.60593","N"
"EFECTY","ACB278231","Cra 58  25   04","Antioquia","6.315096,-75.563561","N"
"EFECTY BARRIO ZAMORA SECTOR SANTA RITA","ACB302639","Cr 40a # 20e-21","Antioquia","6.307473,-75.545773","N"
"EFECTY BELLO MALL MADERA","ACB194630","Cl 26 B 49-104 Local 107","Antioquia","6.315105,-75.557905","N"
"COOPERATIVA FINANCIERA DE ANTIOQUIA","ACB172696","Kr 51  49   51","Antioquia","5.799722,-75.907778","N"
"PAGAFÁCIL METRO BELLO","ACB065754","Kr 50 27 B 71 Lc 2022","Antioquia","6.316799,-75.55727","N"
"CONEXRED","ACB303960","Carrera 44 26  71","Antioquia","6.315033,-75.552344","N"
"EFECTY OBRERO ELECTRO VIRTUAL CL 34","ACB324530","Cl 34 # 55-67","Antioquia","6.321502,-75.560724","N"
"EFECTY","ACB355451","Cl 34  55   67","Antioquia","6.321639,-75.560763","N"
"EFECTY ZONA INTERACTIVA LA GABRIELA","ACB305038","Cl 31# 44 24","Antioquia","6.319414,-75.55205","N"
"CONEXRED","ACB193651","Cl 47  54 87 Brr Santa Ana","Antioquia","6.33157,-75.563024","N"
"REDY PORVENIR","ACB363238","Calle 47 No 76   02 Barr El Porvenir","Antioquia","6.150558,-75.392151","N"
"EFECTY BELLO BARRIO CENTRAL","ACB155482","Cl 50 # 51-03","Antioquia","6.333982,-75.559681","N"
"EFECTY PARQUE PRINCIPAL","ACB115662","Cl 49 # 49-53 Piso 2","Antioquia","6.333589,-75.558009","N"
"AYV PF EL CARMELO BELLO","ACB066645","Carrera 63 Con Calle 54 2 Interior 102","Antioquia","6.338281,-75.567967","N"
"EFECTY BARRIO EL PORVENIR.","ACB194135","Cr 70 N # 40-57 Brr El Porvenir Lt 37","Antioquia","6.148228,-75.39034","N"
"COOPERATIVA FINANCIERA DE ANTIOQUIA","ACB172498","Carrera 50 50 29","Antioquia","6.334167,-75.558611","N"
"CONEXRED","ACB309955","Carrera 68 56a 13","Antioquia","6.340792,-75.573175","N"
"CONEXRED","ACB324309","Carrera 68 56a 54","Antioquia","6.341003,-75.573051","N"
"GIROS Y FINANZAS BELLO PARQUE","ACB020270","Cr 50 # 50-15 L-255","Antioquia","6.334572,-75.558616","N"
"GIROS Y FINANZAS C.C. METRO BELLO","ACB024504","Cr 50 # 27b-51 L-238","Antioquia","6.334572,-75.558616","N"
"PF PARQUE BELLO II","ACB065897","Calle 51  50   80 Bello","Antioquia","6.335159,-75.559763","N"
"CONEXRED","ACB320019","Carrera 68  56a 61","Antioquia","6.341127,-75.573089","N"
"PAGAFACIL PARQUE DE BELLO","ACB064357","Cra 49 N 50 12 Local 115","Antioquia","6.334803,-75.557804","N"
"ACCIONES Y VALORES EXITO BELLO CENTRO","ACB063235","Kr 49 No 50 12 Cc Bellocentro","Antioquia","6.334957,-75.55792","N"
"AyV PF RINCON DEL BOSQUE","ACB067668","Calle 57 No 69   27","Antioquia","6.343805,-75.577065","N"
"AYV PF OBRA 200","ACB067503","Calle 58 N 59   66","Antioquia","6.341763,-75.565276","N"
"EFECTY BELLO BARRIO LAS VEGAS","ACB272455","Dg 44 # 37c-19","Antioquia","6.330999,-75.543133","N"
"MULTIPAGAS","ACB271762","Carrera 65 41b 65","Antioquia","6.149846,-75.385946","N"
"AYV CENTRO BELLO","ACB067471","Calle 63 No 62b   13","Antioquia","6.345502,-75.566485","N"
"REDY BELLO","ACB363106","Calle 63 No 62b   13","Antioquia","6.345502,-75.566485","N"
"EFECTY","ACB351237","Dg 56  44  65","Antioquia","6.339974,-75.552315","N"
"BANCAMIA NIQUIA","ACB062553","Diagonal 55 42a 18","Antioquia","6.339026,-75.54841","N"
"ACCIONES Y VALORES PF OFICINA NIQUIA","ACB064456","Dg 50 A N 38 20 Lc 101","Antioquia","6.338138,-75.545136","N"
"EFECTY","ACB358311","Av 42  61  30","Antioquia","6.348146,-75.566183","N"
"GIROS Y FINANZAS C. C. SAN NICOLAS","ACB026155","Cl 43 # 54-139 L-1333","Antioquia","6.147104,-75.378311","N"
"MULTIPAGAS","ACB271652","Carrera 50 55 44","Antioquia","6.346306,-75.559038","N"
"EFECTY","ACB352865","Dg 55 37 41 Lc 151 Cc Niquia","Antioquia","6.339608,-75.544989","N"
"GIROS Y FINANZAS C.C. PUERTA DEL NORTE","ACB025000","Dg 51 # 35-217 L-125 Torre 1","Antioquia","6.338967,-75.543225","N"
"GIROS Y FINANZAS CC PUERTA DEL NORTE","ACB025682","Dg 51 No 35 217 Local 125 Torre 1","Antioquia","6.338973,-75.543223","N"
"A Y V HOMECENTER PUERTA DEL NORTE","ACB061277","Diagonal 55 No 37 41 Local 172 173","Antioquia","6.339877,-75.544946","N"
"EFECTY MALL LLANO GRANDE KM7","ACB308372","Km 7 Sec 3 Puertas Vereda Llano Grande","Antioquia","6.142928,-75.376478","N"
"EFECTY","ACB352733","Zona Franca Industrial Rionegro","Antioquia","6.142928,-75.376477","N"
"ACCIONES Y VALORES EXITO RIONEGRO","ACB061442","Calle 43 56a 203 2do Piso","Antioquia","6.148515,-75.378221","N"
"EFECTY","ACB358290","Cra 50b  121  04","Antioquia","6.34109,-75.546001","N"
"EFECTY","ACB358300","Dg 57  38  31 Local 152 Bloque 37 Mz 2","Antioquia","6.343497,-75.548818","N"
"EFECTY CC PUERTA DEL NORTE TORRE 1","ACB300516","Dg 55 # 34-67","Antioquia","6.340417,-75.542361","N"
"EFECTY","ACB358322","Cll 69 Cr 60 274","Antioquia","6.351318,-75.561453","N"
"GIROS Y FINANZAS RIONEGRO","ACB020357","Cl 49 # 50-59 L-106 C.c. Banco Ganadero","Antioquia","6.153002,-75.374577","N"
"EFECTY","ACB358575","Calle 42  85b 01","Antioquia","6.155433,-75.375266","N"
"CONEXRED","ACB276295","Carrera 51  50  18 Barrio Parque","Antioquia","6.154127,-75.3743","N"
"EFECTY SERVIENTREGA PARQUE RIONEGRO","ACB116717","Cr 50 # 45-30","Antioquia","6.150608,-75.373006","N"
"EFECTY PAPELERIA GAMMA PARQUE PRINCIPAL","ACB165690","Cr 51 # 50-30","Antioquia","6.154265,-75.374298","N"
"AyV PAGAFACIL VALKOR RIONEGRO","ACB368574","Cl 50  50   62","Antioquia","6.153887,-75.373858","N"
"COOPERATIVA FINANCIERA DE ANTIOQUIA","ACB172773","Kr 51  51   03","Antioquia","6.154722,-75.373889","N"
"EFECTY BARRIO SANTA ANA.","ACB194948","Cl 41 N 47-16","Antioquia","6.148976,-75.368318","N"
"MULTIPAGAS","ACB196533","Carrera 50 # 49-24","Antioquia","6.163098,-75.369537","N"
"EFECTY GUARNE CALLE DEL BOLSILLO","ACB172058","Cr 50 # 49 -54","Antioquia","6.279621,-75.44209","N"
"COOPERATIVA FINANCIERA DE ANTIOQUIA","ACB172597","Carrera 51 49 05","Antioquia","6.345556,-75.508333","N"
"EFECTY CENTRO COMERCIAL EL CASTILLO","ACB166723","Cl 50 N 51-15 Local 111","Antioquia","6.346065,-75.508831","N"
"EFECTY CENTRO COMERCIAL MANHATTAN","ACB128707","Cl 49 # 49-41 Lc 102","Antioquia","6.346034,-75.507307","N"
"EFECTY","ACB133404","Calle 30  32   27","Antioquia","6.082231,-75.336456","N"
"EFECTY EL CARMEN CRA 31","ACB301485","Cr 31 # 24-81 Local 101","Antioquia","6.081891,-75.33528","N"
"EFECTY CRA 50","ACB112713","Cr 50 # 50-38","Antioquia","5.79164,-75.427005","N"
"COOPERATIVA FINANCIERA DE ANTIOQUIA","ACB172575","Kr  50   49   03","Antioquia","5.849722,-76.021111","N"
"EFECTY CIUDAD BOLIVAR PARQUE PRINCIPAL","ACB111295","Cl 49 # 50-48","Antioquia","5.849937,-76.021446","N"
"EFECTY TAMESIS CALLE 13","ACB194520","Cl 13 N 14-56","Antioquia","5.664988,-75.716154","N"
"EFECTY TAMESIS VARIEDADES GANE","ACB302354","Cr 11 N 12-53","Antioquia","5.664174,-75.713749","N"
"MULTIPAGAS","ACB197875","Cra 11 # 20-73","Antioquia","5.660623,-75.713493","N"
"EFECTY MARINILLA CARRERA 31","ACB191033","Cr 31 N 24-49","Antioquia","6.169896,-75.337287","N"
"MULTIPAGAS","ACB196829","Carrera 31 # 30-61","Caldas","6.173913,-75.335953","N"
"BANCAMIA MARINILLA","ACB062454","Carrera 30 28 104","Antioquia","6.172636,-75.334872","N"
"EFECTY MARINILLA CENTRO PRINCIPAL","ACB110975","Cr 30 B 32- 39","Antioquia","6.174861,-75.334198","N"
"REDY BETANIA","ACB363227","Carrera 20 No 19   32","Antioquia","5.747531,-75.979581","N"
"COOPERATIVA FINANCIERA DE ANTIOQUIA","ACB172795","Kr  11   18   132 Ed  La Alcaldia","Antioquia","6.4425,-75.727778","N"
"COOPERATIVA FINANCIERA DE ANTIOQUIA","ACB172432","Andes   Jardin","Antioquia","5.655833,-75.8775","N"
"BANCAMIA ANDES","ACB061815","Cl 49 No 50  60","Antioquia","5.655193,-75.878116","N"
"EFECTY ANDES PARQUE PRINCIPAL","ACB115936","Cr 50 48-52","Antioquia","5.654049,-75.877002","N"
"EFECTY","ACB351457","Calle 7  17   34","Antioquia","6.37847,-75.44726","N"
"COOPERATIVA FINANCIERA DE ANTIOQUIA","ACB172685","Kr 15  6   19","Antioquia","6.377222,-75.445556","N"
"CONEXRED","ACB276273","Calle 6  15  24 Barrio Parque","Antioquia","6.377569,-75.445681","N"
"MULTIPAGAS","ACB197743","Calle 6 15-44","Antioquia","6.377713,-75.445802","N"
"EFECTY GIRARDOTA PARQUE PRINCIPAL","ACB114452","Cr 15 # 5 B-45","Antioquia","6.377525,-75.445308","N"
"EFECTY EXPRESS SAN VICENTE AV 20 DE JUL","ACB272280","Av 20 De Julio Cruce Con Cl Arbelaez 26a","Antioquia","6.280808,-75.333536","N"
"EFECTY EXPRESS SAN VICENTE P. PPAL CL 31","ACB308437","Cl 31 # 29 -10 Lc 116","Antioquia","6.285764,-75.33424","N"
"EFECTY SAN VICENTE KILOMETRO 6","ACB278660","Km 6 Via San Vicente","Antioquia","6.285764,-75.33424","N"
"EFECTY EL SANTUARIO CALLE 49","ACB156966","Cl 49 # 44-43 Sc Hospital","Antioquia","6.139581,-75.265994","N"
"EFECTY CARRERA 49","ACB155426","Cr 49 # 49-41","Antioquia","6.138743,-75.265534","N"
"EFECTY TELECOMUNICACIONES ANTIOQUIA","ACB113264","Cr 22 # 19-80 Bajos Hotel Riachon","Antioquia","6.90753,-75.076134","N"
"EFECTY PARQUE PRINCIPAL","ACB113725","Parque Principal # 28-27","Antioquia","7.075595,-75.148261","N"
"EFECTY GUADALUPE CR 50","ACB114023","Cr 50 # 51-29","Antioquia","6.815427,-75.240548","N"
"CONEXRED","ACB303564","Carrera 49  501","Antioquia","6.770899,-74.798432","N"
"CONEXRED","ACB309384","Carrera 11 10 81","Antioquia","6.979857,-75.296955","N"
"EFECTY ZONA PLAY GOMEZ PLATA","ACB163764","Cr 50 Norte 51-58","Antioquia","6.681966,-75.219076","N"
"EFECTY LA RONDA","ACB115486","Dg 19 # 18 B-52 Plaza Principal","Antioquia","6.593451,-75.014614","N"
"EFECTY CAROLINA DEL PRINCIPE","ACB114034","Cl 50 # 48-80","Antioquia","6.723866,-75.280801","N"
"EFECTY ANGOSTURA CALLE REAL","ACB179824","Cr 10 # 9-85","Antioquia","6.88516,-75.33539","N"
"EFECTY REMEDIOS PLAZA PRINCIPAL","ACB113660","Cl 10 # 10-06","Antioquia","7.02826,-74.693735","N"
"EFECTY REMEDIOS VEREDA CARRIZAL","ACB308493","Correg Carrizal","Antioquia","7.027713,-74.692965","N"
"EFECTY LA CRUZADA FOTOC Y PAPELERIA YULI","ACB162301","Correg La Cruzada","Antioquia","7.027713,-74.692965","N"
"EFECTY SEGOVIA CRA 52 A","ACB194322","Cr 52 A 46-150","Antioquia","7.075184,-74.701943","N"
"CONEXRED","ACB275733","Carrera 49  49  14 Barrio Centro","Antioquia","7.080455,-74.700454","N"
"COOPERATIVA FINANCIERA DE ANTIOQUIA","ACB172849","Kr  49  49 64 70","Antioquia","7.081111,-74.700278","N"
"CONEXRED","ACB275722","Calle 50  48  90 Barrio Centro","Antioquia","7.081219,-74.700134","N"
"EFECTY CALLE COLON","ACB112614","La Av Ferrocarril # 16-72","Antioquia","6.539735,-75.087972","N"
"EFECTY CALLE BOLIVAR CISNEROS.","ACB308482","Cl Bolivar Contiguo A La Casa Cural","Antioquia","6.5392,-75.086885","N"
"COOPERATIVA FINANCIERA DE ANTIOQUIA","ACB172564","Kr  20  18   05","Antioquia","6.538333,-75.088889","N"
"AYV PF YARUMAL","ACB067305","Calle 2a No 1 70","Antioquia","6.962256,-75.416478","N"
"COOPERATIVA FINANCIERA DE ANTIOQUIA","ACB172883","Cl 19    19   25","Antioquia","6.963056,-75.416389","N"
"EFECTY YARUMAL MAS Y MAS","ACB117862","Cl 18 # 22-31","Antioquia","6.960652,-75.417378","N"
"EFECTY CENTRO SERVIENTREGA","ACB110997","Cr 20 # 21-02","Antioquia","6.963478,-75.418141","N"
"EFECTY CRA 30","ACB116003","Cr 30 # 29-75","Antioquia","6.552671,-74.787918","N"
"EFECTY EXPRESS EFECTY SAN ROQUE CL REAL","ACB305753","Cl 19 # 20 -56","Antioquia","6.48488,-75.019972","N"
"EFECTY PARQUE PRINCIPAL","ACB119402","Cr 20 # 19-20","Antioquia","6.484831,-75.019706","N"
"COOPERATIVA FINANCIERA DE ANTIOQUIA","ACB172805","Kr  8  9 03 05","Antioquia","6.495833,-74.825","N"
"COOPERATIVA FINANCIERA DE ANTIOQUIA","ACB172762","Cl 10  9   60","Antioquia","6.961111,-74.571944","N"
"EFECTY PARQUE PRINCIPAL","ACB119754","Cl 16 # 17-14","Antioquia","6.473696,-75.164371","N"
"EFECTY AMBALEMA","ACB114188","Cl 8 # 5-15","Tolima","4.780968,-74.765879","N"
"MULTIPAGAS","ACB197842","Calle 53 25-31","Cundinamarca","4.643302,-74.749474","N"
"EFECTY SAN JUAN DE RIO SECO PARQUE PPAL","ACB114067","Cr 6 # 3-30","Cundinamarca","4.845193,-74.621863","N"
"EFECTY CALLE 9","ACB116070","Cl 9 # 2-43","Tolima","4.863454,-74.907505","N"
"EFECTY MINUTO DE DIOS","ACB156768","Av 12 # 12-00","Tolima","4.860769,-74.912668","N"
"EFECTY CALLE 4","ACB112142","Cl 4 # 4-03","Tolima","4.720115,-74.926634","N"
"EFECTY EXPRESS DIMONEX VENADILLO","ACB274161","Cl 5 # 5-29 Barrio Santa Bar","Tolima","4.719232,-74.927533","N"
"MULTIPAGAS","ACB196951","Carrera 9 # 12-39","Cundinamarca","4.601464,-74.758825","N"
"MULTIPAGAS","ACB197578","Calle 12 # 13-85","Cundinamarca","4.60216,-74.794944","N"
"MULTIPAGAS","ACB196939","Av. Calle 40 # 13-13","Cundinamarca","4.600837,-74.812228","N"
"MULTIPAGAS","ACB197480","Calle 1 # 4-50","Cundinamarca","4.583614,-74.796397","N"
"EFECTY CHAGUANI CENTRO","ACB168990","Cr 5 # 2 -71","Cundinamarca","4.949235,-74.595193","N"
"CONEXRED","ACB279814","Carrera 4 3 26 Barrio Centro","Cundinamarca","4.949897,-74.594557","N"
"MULTIPAGAS","ACB197282","Calle 13 # 8-68","Cundinamarca","4.581087,-74.897611","N"
"EFECTY PIEDRAS PARQUE PRINCIPAL","ACB123504","Cr 4 # 2-24","Tolima","4.5395,-74.881989","N"
"EFECTY CALLE 4","ACB113208","Cl 4 # 3-46","Tolima","4.5667,-74.953535","N"
"EFECTY ANOLAIMA CENTRO","ACB133910","Cl 4 # 4-21","Cundinamarca","4.761547,-74.465394","N"
"EFECTY CENTRO CRA.5","ACB117587","Cr 5 # 7-66","Cundinamarca","4.516572,-74.595279","N"
"EFECTY ANAPOIMA CRA 5","ACB271508","Cr 5 # 7-16","Cundinamarca","4.553177,-74.534868","N"
"EFECTY CALLE 4 FRENTE AL HOSPITAL","ACB120864","Cl 4 # 2-18","Tolima","4.921847,-75.057654","N"
"EFECTY ANAPOIMA PARQUE CENTRAL","ACB151730","Cr 2 # 4 -60","Cundinamarca","4.550061,-74.534532","N"
"MULTIPAGAS","ACB199129","Cra 5   4 27","Tolima","4.922358,-75.059706","N"
"EFECTY GUADUAS CRA 9","ACB174159","Cr 9 # 02-39","Cundinamarca","5.068367,-74.599826","N"
"EFECTY EXPRESS EFECTY BARRIO LAS ACACIAS","ACB323276","Mz 3 Casa 1 Barrio Las Acacias","Tolima","4.920918,-75.06313","N"
"EFECTY GUADUAS CARRERA 6","ACB116025","Cr 6 # 1-74","Cundinamarca","5.067582,-74.596875","N"
"EFECTY CENTRO CALLE 4","ACB110919","Cl 4 # 9-42","Tolima","4.922386,-75.063427","N"
"EFECTY CARRERA 3","ACB111602","Cr 3 # 2-46","Cundinamarca","4.72966,-74.436698","N"
"EFECTY DIMONEX CENTRO LIBANO","ACB321373","Cl 4 # 11-51","Tolima","4.922416,-75.065467","N"
"EFECTY LA MESA CALLE 7","ACB194025","Cr 21 # 7-27","Cundinamarca","4.631821,-74.463207","N"
"EFECTY LA MESA CL DEL COMERCIO CL 5","ACB125342","Cr 21 # 5-14","Cundinamarca","4.630596,-74.462394","N"
"CONEXRED","ACB300022","Calle 3 21 61","Cundinamarca","4.630685,-74.462204","N"
"EFECTY CENTRO COMERCIAL MITANIA","ACB308129","Cl 4a 21- 50","Cundinamarca","4.629793,-74.462401","N"
"CONEXRED","ACB198139","Cl 8   16 24 Brr Centro","Cundinamarca","4.634045,-74.459851","N"
"EFECTY PLAZA DE MERCADO LA MESA","ACB301715","Cl 4 # 21-39","Cundinamarca","4.629005,-74.461945","N"
"EFECTY CALLE 4","ACB115914","Cl 4 # 9-17 Centro","Cundinamarca","4.460341,-74.635565","N"
"EFECTY","ACB350906","Carrera 4  4   37 Ipm San Joaquin","Cundinamarca","4.636897,-74.44747","N"
"CONEXRED","ACB300110","Carrera 7 Este 43a 23 Sur","Cundinamarca","4.587074,-75.068432","N"
"EFECTY VILLETA MURILLO","ACB169308","Cr 9 # 5-02","Cundinamarca","5.010319,-74.473295","N"
"EFECTY VILLETA CRA 7 CON CUARTA","ACB167999","Cr 7 # 04-12","Cundinamarca","5.010488,-74.471103","N"
"BANCAMIA VILLETA","ACB063026","Carrera 6 02","Cundinamarca","5.011909,-74.470875","N"
"EFECTY VILLETA TERMINAL DE TRANSPORTES","ACB178593","Cl 7 # 5 -10","Cundinamarca","5.013038,-74.470748","N"
"EFECTY CENTRO CARRERA 3","ACB118258","Cr 3 # 4-07","Cundinamarca","4.96181,-74.433503","N"
"BANCAMIA MESITAS","ACB062476","Cl 10 No 6 09 El Colegio","Cundinamarca","4.584602,-74.445156","N"
"EFECTY EL COLEGIO PARQUE PPAL ESQUINA","ACB125353","Cr 7 # 9-10","Cundinamarca","4.583896,-74.445257","N"
"CONEXRED","ACB300121","Calle 67a Sur 18 P 26 Barrio Juan Pablo","Cundinamarca","4.616674,-74.419118","N"
"EFECTY PARQUE PRINCIPAL","ACB114407","Cr 5 # 6-03","Tolima","5.120757,-74.950869","N"
"EFECTY LA GRAN VIA TENA","ACB122581","Tv 4 D # 4-19","Cundinamarca","4.655569,-74.389576","N"
"CONEXRED","ACB320130","Calle 15  19b  04","Cundinamarca","4.81592,-74.362067","N"
"EFECTY SECTOR PARADEROS","ACB326224","Cr 2 N. 12-10","Cundinamarca","4.814769,-74.359803","N"
"EFECTY","ACB354526","Cra 2 N  12 10","Cundinamarca","4.8148,-74.359717","N"
"PAGAFACIL FACATATIVA II","ACB066348","Carrera 5 13 50 Centro Comercial","Cundinamarca","4.817631,-74.358191","N"
"EFECTY FACA LOS CEREZOS","ACB326235","Cl 15 # 8-35 Local 3","Cundinamarca","4.822347,-74.358479","N"
"EFECTY CENTRO EFECTY PRINCIPAL","ACB121898","Cr 2 # 7-89","Cundinamarca","4.810909,-74.356367","N"
"ACCIONES Y VALORES PF OFICINA FACATATIVA","ACB064797","Kr 2 No 6  96","Cundinamarca","4.810345,-74.35557","N"
"EFECTY FACATATIVA FISCALIA CRA 8","ACB164831","Cr 8 # 12-46","Cundinamarca","4.819363,-74.355828","N"
"EFECTY FACATATIVA BARRIO LLANO DEL TUNJO","ACB304664","Cl 15 # 17-15 To 1 Lc 2","Cundinamarca","4.825895,-74.356294","N"
"EFECTY CALLE 8 SECTOR PLAZA DE MERCADO","ACB301506","Cl 8 # 4a-51","Cundinamarca","4.81343,-74.355135","N"
"EFECTY BARRIO LA PAZ CALLE 5","ACB309009","Cl 5 Sur 1-67","Cundinamarca","4.808185,-74.354707","N"
"EFECTY FACATATIVA PARQUE PRINCIPAL","ACB122822","Cr 2 # 5-23","Cundinamarca","4.809258,-74.354445","N"
"CONEXRED","ACB199525","Cl 6 3 07","Cundinamarca","4.810447,-74.354117","N"
"MULTIPAGAS","ACB278044","Calle 7b N 5 87","Cundinamarca","4.813442,-74.354295","N"
"AYV BANCAMIA FACATATIVA","ACB062191","Carrera 6 No 4   82","Cundinamarca","4.811638,-74.353081","N"
"CONEXRED","ACB324651","Calle 15  19 162","Cundinamarca","4.829174,-74.354293","N"
"CONEXRED","ACB354999","Calle 15  19 162","Cundinamarca","4.829174,-74.354293","N"
"CONEXRED","ACB278989","Calle 2  1  05 Barrio Centro","Cundinamarca","4.806246,-74.352056","N"
"EFECTY FACA BARRIO CHAPINERO","ACB308262","Cl 3 # 4-109 Loc 101","Cundinamarca","4.809921,-74.351219","N"
"EFECTY FACATATIVA COLISEO","ACB308273","Cr 7 # 5-37-95","Cundinamarca","4.812997,-74.351411","N"
"CONEXRED","ACB303388","Carrera 12  7a 50 Barrio San Brano","Cundinamarca","4.816614,-74.350087","N"
"EFECTY ESCUELA DE COMUNICACIONES","ACB115705","Cl 5 # 14 B 42","Cundinamarca","4.819883,-74.348224","N"
"EFECTY AVENIDA CENTENARIO","ACB323474","Cl 9 # 20-122 Av Centenario","Tolima","5.199526,-74.746879","N"
"EFECTY SAN AGUSTIN GALERIA","ACB117598","Cl 14 # 9 09","Cundinamarca","4.376561,-74.670132","N"
"EFECTY MURILLO","ACB154238","Cr 9 # 4-03","Tolima","4.874504,-75.172243","N"
"CONEXRED","ACB303377","Transversal 10  1a Este421","Cundinamarca","4.811414,-74.34363","N"
"EFECTY FACATATIVA PORTAL DE MARIA","ACB301496","Tv 11 # 5-04 Este Mz 5 Ca 30","Cundinamarca","4.811756,-74.340588","N"
"EFECTY AVENIDA SOTO","ACB079362","Av Soto Camero Local 9","Tolima","5.206622,-74.737402","N"
"EFECTY","ACB321658","Cl 6  6   86","Tolima","5.120586,-75.026159","N"
"EFECTY LA ESTACION","ACB277472","Cl 15 # 6-58 Barrio La Estacion","Tolima","5.191688,-74.890808","N"
"EFECTY VILLAHERMOSA CR4","ACB176151","Cr 4 # 10-45","Tolima","5.029635,-75.116126","N"
"BANCAMIA MARIQUITA","ACB062465","Calle 7a 2a 18","Tolima","5.196827,-74.897421","N"
"EFECTY PRINCIPAL","ACB110821","Cr 6 # 7-24","Tolima","5.199201,-74.893533","N"
"EFECTY CARRERA 4.","ACB169342","Cr 4 # 6-22","Tolima","5.199331,-74.896282","N"
"EFECTY SANTA LUCIA CRA. 2","ACB301760","Cr 2 N 6-17","Tolima","5.198834,-74.898737","N"
"EFECTY CENTRO CALLE 4.","ACB301771","Cl 4 N 3-14","Tolima","5.200717,-74.897794","N"
"EFECTY SAN ANTONIO DEL TEQUENDAMA CENTRO","ACB127706","Cl 2 # 2-50","Cundinamarca","4.615468,-74.351854","N"
"EFECTY ANAPOIMA PARQUE CENTRAL","ACB151730","Cr 2 # 4 -60","Cundinamarca","4.550061,-74.534532","N"
"EFECTY ANAPOIMA CRA 5","ACB271508","Cr 5 # 7-16","Cundinamarca","4.553177,-74.534868","N"
"EFECTY CENTRO CRA.5","ACB117587","Cr 5 # 7-66","Cundinamarca","4.516572,-74.595279","N"
"EFECTY EL COLEGIO PARQUE PPAL ESQUINA","ACB125353","Cr 7 # 9-10","Cundinamarca","4.583896,-74.445257","N"
"BANCAMIA MESITAS","ACB062476","Cl 10 No 6 09 El Colegio","Cundinamarca","4.584602,-74.445156","N"
"EFECTY PLAZA DE MERCADO LA MESA","ACB301715","Cl 4 # 21-39","Cundinamarca","4.629005,-74.461945","N"
"EFECTY CENTRO COMERCIAL MITANIA","ACB308129","Cl 4a 21- 50","Cundinamarca","4.629793,-74.462401","N"
"EFECTY LA MESA CL DEL COMERCIO CL 5","ACB125342","Cr 21 # 5-14","Cundinamarca","4.630596,-74.462394","N"
"CONEXRED","ACB300022","Calle 3 21 61","Cundinamarca","4.630685,-74.462204","N"
"EFECTY LA MESA CALLE 7","ACB194025","Cr 21 # 7-27","Cundinamarca","4.631821,-74.463207","N"
"CONEXRED","ACB198139","Cl 8   16 24 Brr Centro","Cundinamarca","4.634045,-74.459851","N"
"EFECTY","ACB350906","Carrera 4  4   37 Ipm San Joaquin","Cundinamarca","4.636897,-74.44747","N"
"EFECTY CALLE 4","ACB115914","Cl 4 # 9-17 Centro","Cundinamarca","4.460341,-74.635565","N"
"CONEXRED","ACB300121","Calle 67a Sur 18 P 26 Barrio Juan Pablo","Cundinamarca","4.616674,-74.419118","N"
"EFECTY LA GRAN VIA TENA","ACB122581","Tv 4 D # 4-19","Cundinamarca","4.655569,-74.389576","N"
"CONEXRED","ACB322484","Carrera 14  11 02","Cundinamarca","4.519759,-74.350876","N"
"EFECTY SAN ANTONIO DEL TEQUENDAMA CENTRO","ACB127706","Cl 2 # 2-50","Cundinamarca","4.615468,-74.351854","N"
"EFECTY CARRERA 3","ACB111602","Cr 3 # 2-46","Cundinamarca","4.72966,-74.436698","N"
"EFECTY CENTRO","ACB111547","Cl 10 # 4-54","Cundinamarca","4.404044,-74.386523","N"
"CONEXRED","ACB279001","Carrera  5  6 35","Cundinamarca","4.402632,-74.38602","N"
"CONEXRED","ACB303409","Carrera 4  5 41 Barrio Centro","Cundinamarca","4.349617,-74.452735","N"
"EFECTY SAN AGUSTIN GALERIA","ACB117598","Cl 14 # 9 09","Cundinamarca","4.376561,-74.670132","N"
"EFECTY ANOLAIMA CENTRO","ACB133910","Cl 4 # 4-21","Cundinamarca","4.761547,-74.465394","N"
"MULTIPAGAS","ACB196951","Carrera 9 # 12-39","Cundinamarca","4.601464,-74.758825","N"
"MULTIPAGAS","ACB197842","Calle 53 25-31","Cundinamarca","4.643302,-74.749474","N"
"EFECTY NILO ESCUELA DE SOLDADOS","ACB156296","Km 3 Via Nilo Pueblo Nuevo","Cundinamarca","4.307384,-74.620509","N"
"EFECTY MELGAR ESCUELA DE SUB OFICIALES","ACB121810","Escuela De Suboficiales Inocencio Chinca","Cundinamarca","4.307384,-74.620509","N"
"EFECTY CENTRO ESPRO CALLE 4","ACB117192","Cl 4 # 2-63","Cundinamarca","4.307057,-74.619597","N"
"EFECTY FRENT AL TERM DE TRANSPORTES","ACB301616","Cr 27 # 3 36","Cundinamarca","4.344925,-74.376713","N"
"EFECTY FUSAGASUGA MAIZ AMARILLO","ACB170858","Cr 64 # 20 -10","Cundinamarca","4.329412,-74.399142","N"
"EFECTY ESCUELA DE POLICIA FEMENINA","ACB168066","Cl 19 # 50-25","Cundinamarca","4.331011,-74.393485","N"
"CONEXRED","ACB355000","Carrera 6 4 50","Cundinamarca","4.352087,-74.361996","N"
"CONEXRED","ACB324662","Carrera 6 4 50","Cundinamarca","4.352087,-74.361996","N"
"MULTIPAGAS","ACB197480","Calle 1 # 4-50","Cundinamarca","4.583614,-74.796397","N"
"AYV PF FUSAGASUGA","ACB065084","Calle 8 No 6   13","Cundinamarca","4.352359,-74.359502","N"
"CONEXRED","ACB270673","Calle 2 11a 30","Cundinamarca","4.346712,-74.365344","N"
"CONEXRED","ACB300231","Carrera 9 26 78","Cundinamarca","4.347186,-74.364133","N"
"MULTIPAGAS","ACB197578","Calle 12 # 13-85","Cundinamarca","4.60216,-74.794944","N"
"CONEXRED","ACB322583","Carrera 6  23b 01","Cundinamarca","4.347349,-74.361712","N"
"EFECTY FUSAGASUGA BARRIO VERGEL","ACB301605","Cl 26 B # 3 F-34","Cundinamarca","4.340643,-74.369653","N"
"EFECTY CALLE 7 PRINCIPAL","ACB079373","Cl 7 # 7-56","Cundinamarca","4.343422,-74.362805","N"
"BANCAMIA FUSAGASUGA","ACB062256","Cl 7 No 5 49","Cundinamarca","4.344501,-74.361429","N"
"CONEXRED","ACB275041","Carrera 7  7 10 Barrio Centro","Cundinamarca","4.343276,-74.362242","N"
"EFECTY FUSAGASUGA CATEDRAL","ACB178823","Cr 6 # 6 -24","Cundinamarca","4.343727,-74.361552","N"
"CONEXRED","ACB320196","Carrera 6  7  49","Cundinamarca","4.343334,-74.361703","N"
"EFECTY","ACB352184","Calle 25 37 87","Cundinamarca","4.328698,-74.380771","N"
"CONEXRED","ACB199503","Cr 5 7 51","Cundinamarca","4.343152,-74.360877","N"
"EFECTY ESTADIO","ACB121216","Av 6 # 16-86","Cundinamarca","4.339243,-74.365446","N"
"EFECTY CARRERA 7 SUCURSAL","ACB079384","Cr 7 # 10-26","Cundinamarca","4.340824,-74.362192","N"
"AYV PF CC AVENIDA FUSAGASUGA","ACB067525","Calle 8 N 24   84 Lc 133b Cc Av Fusagasu","Cundinamarca","4.343377,-74.358539","N"
"GIROS Y FINANZAS C.C. MANILA","ACB026243","C.c. Manila Trans 12 N # 22-42 Local 115","Cundinamarca","4.333321,-74.37038","N"
"EFECTY EXITO MANILA","ACB116498","Tv 12 Con Cl 22","Cundinamarca","4.332437,-74.370228","N"
"CONEXRED","ACB278956","Calle 23  1 B 04 Barrio Santa Barbara","Cundinamarca","4.331237,-74.370939","N"
"CONEXRED","ACB199514","Cl 23 1 03","Cundinamarca","4.33038,-74.370861","N"
"CONEXRED","ACB192287","Carrera 7 17 25","Cundinamarca","4.33395,-74.364223","N"
"EFECTY FUSAGASUGA CENTRO CRA 6","ACB162136","Cl 20 # 4-78","Cundinamarca","4.329265,-74.36449","N"
"EFECTY","ACB152368","Carrera 8 6 40","Cundinamarca","4.487268,-74.263199","N"
"EFECTY FUSAGASUGA SANTA BARBARA.","ACB168055","Cr 3 # 22-04 Pi 1","Cundinamarca","4.326893,-74.364535","N"
"CONEXRED","ACB304026","Transversal 2c 22 21","Cesar","4.32696,-74.364323","N"
"EFECTY FUSAGASUGA LA MACARENA","ACB123856","Cl 25 # 4 A-04","Cundinamarca","4.325295,-74.366247","N"
"MULTIPAGAS","ACB196939","Av. Calle 40 # 13-13","Cundinamarca","4.600837,-74.812228","N"
"EFECTY CARRERA 7","ACB111921","Cr 7 # 9 B-24","Cundinamarca","4.491628,-74.258954","N"
"EFECTY SIBATE EDS TERPEL","ACB116706","Cr 7 # 10-95 L-4 Estacion De Serv Terpel","Cundinamarca","4.492881,-74.258673","N"
"EFECTY SOACHA QUINTAS DE SANTA ANA","ACB177064","Cr 24 A Sur # 1 A 29","Cundinamarca","4.574122,-74.246052","N"
"EFECTY CIUDAD LATINA DIAGONAL 2","ACB302310","Dg 2 # 20-15","Cundinamarca","4.576196,-74.242847","N"
"EFECTY SOACHA VILLA ESPERANZA","ACB156207","Cl 1 # 17 B-02","Cundinamarca","4.574427,-74.241404","N"
"CONEXRED","ACB320075","Calle 29 Sur  13a  38","Cundinamarca","4.569271,-74.239402","N"
"EFECTY SOACHA COMPARTIR PARADERO","ACB162280","Cl 18 Sur # 13 G-26","Cundinamarca","4.573061,-74.237365","N"
"EFECTY SOACHA DUCALES CALLE 11","ACB308064","Cl 11 Sur # 12 B-15","Cundinamarca","4.564444,-74.236461","N"
"EFECTY SOACHA COLEGIO JUAN PABLO II","ACB174104","Cr 7 # 13 B-04 Sur","Cundinamarca","4.563741,-74.233932","N"
"CONEXRED","ACB309593","Transversal 11c Sur  6b  80","Cundinamarca","4.561649,-74.232481","N"
"EFECTY SOACHA NEMESIS","ACB139707","Cr 9 # 9 28 Sur","Cundinamarca","4.564519,-74.231829","N"
"EFECTY SOACHA DUCALES TRANSVERSAL 11","ACB302309","Tv 11 A 7-23 Sur","Cundinamarca","4.56827,-74.230658","N"
"EFECTY SOACHA COMPARTIR CALLE 7 A SUR","ACB162763","Cl 7a Sur # 12-85","Cundinamarca","4.5702,-74.230387","N"
"EFECTY","ACB350939","Carrera 22  5   45","Cundinamarca","4.725714,-74.284156","N"
"EFECTY SAN JUAN DE RIO SECO PARQUE PPAL","ACB114067","Cr 6 # 3-30","Cundinamarca","4.845193,-74.621863","N"
"EFECTY QUINTANARES ENTRADA","ACB122646","Cr 7 # 4-42","Cundinamarca","4.58218,-74.225462","N"
"CONEXRED","ACB303146","Calle 6 Sur  24","Cundinamarca","4.733376,-74.284289","N"
"EFECTY SOACHA AUTOSUR CRA 4","ACB175996","Cr 4 # 5 -46","Cundinamarca","4.575298,-74.223873","N"
"EFECTY SOACHA EL ALTICO","ACB170881","Cl 6# 3-b 12","Cundinamarca","4.574939,-74.223303","N"
"EFECTY SOACHA HOGARES COMPENSAR","ACB307205","Tv 18 H # 7 62","Cundinamarca","4.58863,-74.224268","N"
"EFECTY SOACHA INSPECCION EL CHARQUITO","ACB194542","Cr 1 # 3-164","Cundinamarca","4.571334,-74.222451","N"
"EFECTY SOACHA SATELITE","ACB160518","Dg 9 # 6-119","Cundinamarca","4.580451,-74.221732","N"
"EFECTY","ACB358223","Cra 93 No 128b 25","Cundinamarca","4.730456,-74.276895","N"
"EFECTY MADRID SOCIEGO CENTRO DE SALUD","ACB169870","Cr 22 # 1-51","Cundinamarca","4.732932,-74.278595","N"
"CONEXRED","ACB278989","Calle 2  1  05 Barrio Centro","Cundinamarca","4.806246,-74.352056","N"
"EFECTY BARRIO LA PAZ CALLE 5","ACB309009","Cl 5 Sur 1-67","Cundinamarca","4.808185,-74.354707","N"
"EFECTY PARQUE PRINCIPAL","ACB111569","Cl 12 # 7-29","Cundinamarca","4.581713,-74.220177","N"
"CONEXRED","ACB198294","Cl 12   7  09 Brr Centro","Cundinamarca","4.581633,-74.220053","N"
"EFECTY","ACB352261","Calle 12 3b 42","Cundinamarca","4.578309,-74.2191","N"
"EFECTY FACATATIVA PARQUE PRINCIPAL","ACB122822","Cr 2 # 5-23","Cundinamarca","4.809258,-74.354445","N"
"ACCIONES Y VALORES PF OFICINA FACATATIVA","ACB064797","Kr 2 No 6  96","Cundinamarca","4.810345,-74.35557","N"
"EFECTY CENTRO EFECTY PRINCIPAL","ACB121898","Cr 2 # 7-89","Cundinamarca","4.810909,-74.356367","N"
"EFECTY CENTRO CARRERA 7","ACB121283","Cl 14 # 7-21","Cundinamarca","4.582202,-74.218287","N"
"CONEXRED","ACB199525","Cl 6 3 07","Cundinamarca","4.810447,-74.354117","N"
"CONEXRED","ACB320130","Calle 15  19b  04","Cundinamarca","4.81592,-74.362067","N"
"EFECTY SECTOR PARADEROS","ACB326224","Cr 2 N. 12-10","Cundinamarca","4.814769,-74.359803","N"
"EFECTY","ACB354526","Cra 2 N  12 10","Cundinamarca","4.8148,-74.359717","N"
"EFECTY FACA BARRIO CHAPINERO","ACB308262","Cl 3 # 4-109 Loc 101","Cundinamarca","4.809921,-74.351219","N"
"CONEXRED","ACB273126","Calle 13  36c 61  Ad 1 Barrio Amapola","Cundinamarca","4.5779,-74.216538","N"
"EFECTY SOACHA FRENTE A MAYORISTA","ACB304488","Cl 15 # 3 A 35 Piso 2","Cundinamarca","4.579413,-74.216453","N"
"AYV BANCAMIA FACATATIVA","ACB062191","Carrera 6 No 4   82","Cundinamarca","4.811638,-74.353081","N"
"EFECTY CALLE 8 SECTOR PLAZA DE MERCADO","ACB301506","Cl 8 # 4a-51","Cundinamarca","4.81343,-74.355135","N"
"MULTIPAGAS","ACB278044","Calle 7b N 5 87","Cundinamarca","4.813442,-74.354295","N"
"EFECTY CENTRO COMERCIAL PRADO VERDE","ACB169847","Tv 40 # 18-77 Lc 142","Cundinamarca","4.569284,-74.214452","N"
"EFECTY SOACHA CARRERA 23","ACB306260","Cl 45c 23a 85","Cundinamarca","4.569284,-74.214452","N"
"EFECTY CIUDAD VERDE CC MIRAFLORES","ACB274808","Tv 32 # 24 -60-70 Local 1","Cundinamarca","4.569284,-74.214452","N"
"EFECTY SOACHA TIBANICA","ACB123461","Cl 34 Nª 1a-82 Casa 222","Cundinamarca","4.569284,-74.214452","N"
"EFECTY SOACHA ENTRADA SAN MATEO UNISUR","ACB170870","Av 30 # 2 A 14","Cundinamarca","4.569284,-74.214452","N"
"EFECTY SOACHA VILLA CLARA","ACB167856","Cl 18 # 11a-20","Cundinamarca","4.586432,-74.215737","N"
"EFECTY SOACHA CRA 7 FISCALIA","ACB131699","Cr 7 # 17-94","Cundinamarca","4.58251,-74.215059","N"
"EFECTY FACATATIVA COLISEO","ACB308273","Cr 7 # 5-37-95","Cundinamarca","4.812997,-74.351411","N"
"PAGAFACIL FACATATIVA II","ACB066348","Carrera 5 13 50 Centro Comercial","Cundinamarca","4.817631,-74.358191","N"
"EFECTY SOACHA CC MIRAFLORES ISLA","ACB274819","Tv 32 # 24- 60-70","Cundinamarca","4.607142,-74.217446","N"
"EFECTY SOACHA SANTA MARIA I","ACB162147","Cr 1 B Este # 17-04","Cundinamarca","4.577458,-74.212556","N"
"A Y V CC PLAZA DE LAS AMERICAS","ACB060605","Tv 71 D No 26  94 Sur Lc 3503 3er Piso","Cundinamarca","4.618481,-74.135796","Y"
"GIROS Y FINANZAS C.C. PLAZA LAS AMÉRICAS","ACB024890","Cr 71d # 6-94 Sur L-1917","Cundinamarca","4.618512,-74.135403","Y"
"EFECTY FACATATIVA FISCALIA CRA 8","ACB164831","Cr 8 # 12-46","Cundinamarca","4.819363,-74.355828","N"
"CONEXRED","ACB303377","Transversal 10  1a Este421","Cundinamarca","4.811414,-74.34363","N"
"CONEXRED","ACB303388","Carrera 12  7a 50 Barrio San Brano","Cundinamarca","4.816614,-74.350087","N"
"EFECTY FACA LOS CEREZOS","ACB326235","Cl 15 # 8-35 Local 3","Cundinamarca","4.822347,-74.358479","N"
"EFECTY AMBALEMA","ACB114188","Cl 8 # 5-15","Tolima","4.780968,-74.765879","N"
"EFECTY FACATATIVA PORTAL DE MARIA","ACB301496","Tv 11 # 5-04 Este Mz 5 Ca 30","Cundinamarca","4.811756,-74.340588","N"
"CONEXRED","ACB300198","Calle 7 8 16 Local 21 Centro Comercial L","Cundinamarca","4.734338,-74.264104","N"
"EFECTY MADRID AV PRINCIPAL CALLE 7","ACB120567","Cl 7 # 4-49","Cundinamarca","4.731804,-74.262042","N"
"MULTIPAGAS","ACB303685","Calle 7  4   62","Cundinamarca","4.732405,-74.261784","N"
"EFECTY ESCUELA DE COMUNICACIONES","ACB115705","Cl 5 # 14 B 42","Cundinamarca","4.819883,-74.348224","N"
"CONEXRED","ACB322341","Calle 8  6  36","Cundinamarca","4.734016,-74.262433","N"
"EFECTY BOSA SAN DIEGO","ACB152698","Cl 85a Sur # 78-79 Int 135","Cundinamarca","4.612138,-74.211178","N"
"EFECTY MADRID PLAZA MADRID","ACB168220","Cl 7 # 1-03 Lc 102","Cundinamarca","4.730252,-74.259509","N"
"CONEXRED","ACB271618","Carrera 4 No 28 10 Local 022 Barrio San","Cundinamarca","4.585068,-74.206871","N"
"EFECTY FACATATIVA BARRIO LLANO DEL TUNJO","ACB304664","Cl 15 # 17-15 To 1 Lc 2","Cundinamarca","4.825895,-74.356294","N"
"GIROS Y FINANZAS VENTURA TERREROS","ACB020698","Cr 3 # 29 A-02 C.c. Unisur Soacha","Cundinamarca","4.584125,-74.206225","N"
"CONEXRED","ACB198546","Kr 102   70 76 Brr Alamos Norte","Cundinamarca","4.610158,-74.20999","N"
"EFECTY DIMONEX MADRID CEDRITOS","ACB322945","Cr 6 D 9 11","Cundinamarca","4.734606,-74.261586","N"
"GIROS Y FINANZAS C.C. CENTRO MAYOR","ACB025615","Cl 38a Sur # 34d51 L-1039 P-1 Entrada 1","Cundinamarca","4.592576,-74.123775","Y"
"EFECTY SAN MATEO PLAZA CRA 3","ACB130445","Cr 3 Este # 29 B-58","Cundinamarca","4.581664,-74.204967","N"
"EXITO ANTARES SOACHA","ACB065589","Transversal 7c  30e 118 Soacha","Cundinamarca","4.587723,-74.205407","N"
"AYV CC MERCURIO","ACB066865","Calle 65 Sur Numero 78 H 54 Local 110","Cundinamarca","4.589039,-74.204969","N"
"EFECTY MADRID CL 12 FRENTE AL HOSPITAL","ACB123625","Cl 12 Nª 5-85","Cundinamarca","4.734833,-74.259564","N"
"CONEXRED","ACB324651","Calle 15  19 162","Cundinamarca","4.829174,-74.354293","N"
"CONEXRED","ACB354999","Calle 15  19 162","Cundinamarca","4.829174,-74.354293","N"
"EFECTY MADRID LA ESPERANZA","ACB156526","Cl 15 # 2 A-44","Cundinamarca","4.733473,-74.25589","N"
"EFECTY PASCA CENTRO","ACB174126","Cl 7 # 7 -17","Cundinamarca","4.308661,-74.302264","N"
"EFECTY SAN MATEO AVDA 30","ACB111558","Av Cl 30 # 8 B 12 Este","Cundinamarca","4.577953,-74.200587","N"
"EFECTY HOSPITAL IGLESIA SAN MATEO","ACB122679","Cr 9 Este # 30-61 Ex 2","Cundinamarca","4.577995,-74.200048","N"
"EFECTY BOSA ESPERANZA CR 80 J SUR","ACB301100","Cr 80 J # 75-53 Sur","Cundinamarca","4.609935,-74.203633","N"
"CONEXRED","ACB300220","Kilometro 14 Autopista Medellin Barrio P","Cundinamarca","4.735146,-74.253947","N"
"EFECTY MADRID SAN PABLO","ACB301748","Cr 2 Este # 19-59","Cundinamarca","4.731446,-74.251497","N"
"EFECTY SOACHA AV TERREROS","ACB171749","Dg 35 # 12 -01","Cundinamarca","4.589721,-74.200058","N"
"EFECTY BOSA MANZANARES II","ACB323737","Cr 80 J # 74 D 03 Sur","Cundinamarca","4.609428,-74.202698","N"
"EFECTY SOACHA SAN MATEO SUMAPAZ","ACB175985","Cr 7 E # 32 C 21","Cundinamarca","4.580733,-74.198118","N"
"CONEXRED","ACB322550","Calle 78 Sur  9021","Cundinamarca","4.624904,-74.205164","N"
"EFECTY MADRID SAN PEDRO","ACB177086","Cl 21 # 3 -27","Cundinamarca","4.735195,-74.252005","N"
"EFECTY","ACB355527","Cra 78 C  73   46 Sur","Cundinamarca","4.604068,-74.199427","N"
"EFECTY BOSA CARLOS ALBAN","ACB324606","Cr 78 C # 73-46 Sur","Cundinamarca","4.604032,-74.199397","N"
"EFECTY BOSA METROVIVIENDA","ACB152182","Cr 98 B # 73-15 Sur Lote 9 Casa 248","Cundinamarca","4.632408,-74.20519","N"
"EFECTY","ACB350940","Cra 6 16   20 Brr Los Angeles","Cundinamarca","4.740264,-74.253642","N"
"EFECTY BOSA. NARANJOS T","ACB178153","Tv 79 D # 73 A 19 Sur","Cundinamarca","4.606594,-74.198927","N"
"CONEXRED","ACB279430","Trasve 79 D Sur 73 16 Barr Bosa Carbonel","Cundinamarca","4.606933,-74.198966","N"
"EFECTY","ACB350928","Calle 5 5  95 T:8 Loc: 5","Cundinamarca","4.71245,-74.235347","N"
"EFECTY SOACHA LEON XIII - 2","ACB274260","Cl 42 # 7 -05","Cundinamarca","4.59141,-74.196042","N"
"EFECTY SOACHA OLIVOS I SECTOR","ACB139851","Cr 24 # 45f 68","Cundinamarca","4.599283,-74.196902","N"
"CONEXRED","ACB303739","Carrera 93d  72  47","Cundinamarca","4.628692,-74.202601","N"
"EFECTY BOSA LAURELES III.","ACB325971","Cl 73 Sur # 80 J-08","Cundinamarca","4.6082,-74.197949","N"
"AYV PF PARQUE MOSQUERA","ACB067295","Calle 2a No 1 70","Cundinamarca","4.704294,-74.230035","N"
"EFECTY","ACB358003","Calle 72 B Sur  80 I   71","Cundinamarca","4.607748,-74.197279","N"
"CONEXRED","ACB270651","Calle 72 B Sur  80i 71","Cundinamarca","4.607812,-74.197248","N"
"CONEXRED","ACB320042","Diagonal 72 Sur  88 17","Cundinamarca","4.621987,-74.199643","N"
"EFECTY PRINCIPAL CARRERA 3","ACB111459","Cl 3 # 1-20","Cundinamarca","4.70472,-74.229075","N"
"EFECTY BOSA LAURELES CRA 81 SUR","ACB174049","Cr 81 # 72 A-27 Sur","Cundinamarca","4.610507,-74.197067","N"
"EFECTY","ACB302321","Calle 47  8   07","Cundinamarca","4.592898,-74.194246","N"
"CONEXRED","ACB273610","Calle71 Sur 10251barriociudadelaelrecreo","Cundinamarca","4.630489,-74.201205","N"
"EFECTY BOSA VILLAS DEL PROGRESO","ACB320635","Cl 71 Sur # 89 A-09","Cundinamarca","4.626083,-74.19945","N"
"EFECTY BOSA C.C. METRO RECREO.","ACB075984","Cr 97c # 69a-08 Sur Local 103","Cundinamarca","4.633001,-74.200901","N"
"EFECTY BOSA HUMBERTO VALENCIA","ACB174038","Cl 72 A # 82-03 Sur","Cundinamarca","4.612609,-74.196117","N"
"EFECTY EXPRESS PAGOS SOACHA MALIBU","ACB322011","Cl 5 Bis # 4b-09","Cundinamarca","4.585935,-74.190962","N"
"EFECTY SOACHA JULIO RINCON","ACB178779","Tv 9 Este 44 -30","Cundinamarca","4.583695,-74.190606","N"
"EFECTY BOSA LAS MARGARITAS","ACB177877","Cr 92 # 69-10 Sur","Cundinamarca","4.629189,-74.197809","N"
"EFECTY PIEDRAS PARQUE PRINCIPAL","ACB123504","Cr 4 # 2-24","Tolima","4.5395,-74.881989","N"
"EFECTY LEON XIII COLEGIO COLOMBO LATINO","ACB173961","Cl 53 # 10 -33","Cundinamarca","4.596136,-74.191167","N"
"EFECTY","ACB357837","Calle 69 88i  03 Sur","Cundinamarca","4.625572,-74.1964","N"
"EFECTY","ACB356078","Cra 12  8b 02","Cundinamarca","4.714372,-74.229908","N"
"EFECTY","ACB351017","Cra 12  8b 02","Cundinamarca","4.714372,-74.229908","N"
"EFECTY SAN BERNANDINO CR 100 A","ACB279089","Cr 100 A # 61-15 Sur Mz 6 Casa 173","Cundinamarca","4.63836,-74.198774","N"
"EFECTY BOSA REGISTRADURIA II","ACB308185","Cr 78 C # 69 B-90 Sur","Cundinamarca","4.602184,-74.191047","N"
"EFECTY BOSA DESPENSA I","ACB276592","Cl 69 A Bis A # 77 J-73 Sur","Cundinamarca","4.60042,-74.190153","N"
"EFECTY GIRARDOT SANTA ISABEL","ACB170847","Mz 23 Casa 9 Piso 1","Cundinamarca","4.315823,-74.794151","N"
"EFECTY BOSA ATALAYAS III","ACB301078","Cr 96 # 61 A-11 Sur","Cundinamarca","4.633994,-74.196823","N"
"EFECTY SOACHA LA DESPENSA","ACB177217","Cl 12 # 9-50","Cundinamarca","4.595047,-74.189284","N"
"GIROS Y FINANZAS SALITRE","ACB020456","Av Cl 24 # 69-71 L-1 Av La Esperanza 9","Cundinamarca","4.655186,-74.112082","Y"
"BANCAMIA BOSA","ACB061925","Transversal 78l No 69c 02 Sur","Cundinamarca","4.60348,-74.19002","N"
"EFECTY FERNANDO MAZUERA","ACB307106","Cl 68 A Sur # 80 H-32","Cundinamarca","4.607037,-74.190569","N"
"EFECTY MOSQUERA VIRREYES","ACB170979","Cl 10 # 6 -86 Pso 2","Cundinamarca","4.712935,-74.226507","N"
"EFECTY BOSA SAN PABLO","ACB174016","Cr 77 J Bis # 68 Sur -03","Cundinamarca","4.599084,-74.188601","N"
"CONEXRED","ACB199493","Cr 36a 12 71 Local 36 A","Cundinamarca","4.584352,-74.186171","N"
"EFECTY CARREFOUR BOSA","ACB072871","Cr 92 # 60-90 Sur Local 22","Cundinamarca","4.630817,-74.193962","N"
"CONEXRED","ACB273577","Calle57sur102a22 Barrio Bosa El Recuerdo","Cundinamarca","4.640998,-74.196046","N"
"EFECTY BOSA NOVA","ACB177679","Cr 87 C # 62 B-21 Sur","Cundinamarca","4.622392,-74.191204","N"
"CONEXRED","ACB270947","Calle 13 4 A 30 Brr Serrezuelita","Cundinamarca","4.71601,-74.225737","N"
"EFECTY MOSQUERA EL TREBOL","ACB170968","Cr 3 # 13-15","Cundinamarca","4.711571,-74.223145","N"
"EFECTY EXPRESS BOSA PRIMAVERAL SUR","ACB308118","Cl 59 C Sur # 89 Bis A-52","Cundinamarca","4.628381,-74.192153","N"
"EFECTY SOACHA CALLE 42","ACB323870","Cl 42 8-36","Cundinamarca","4.580332,-74.183726","N"
"EFECTY EXPRESS EFECTY LIBERTAD SUR","ACB322769","Cl 59 C Sur # 87 J-22 Local 2","Cundinamarca","4.624632,-74.190484","N"
"EFECTY TROPEZON CL 62 SUR II","ACB301001","Cl 62 Sur# 86 B-60","Cundinamarca","4.62031,-74.1893","N"
"EFECTY BOSA PORTADA II","ACB278242","Cl 58 A Sur # 88 H-38","Cundinamarca","4.628083,-74.190477","N"
"EFECTY VILLA MARIA TRANSVERSAL 15","ACB169935","Tv 15a # 8 -65","Cundinamarca","4.715914,-74.22346","N"
"EFECTY EXPRESS BOSA LIBERTAD CLL 59 SUR","ACB326037","Cl 59 C Sur # 87 C -14","Cundinamarca","4.623089,-74.189089","N"
"EFECTY BOSA LA PAZ","ACB320482","Cr 82 F # 62-09 Sur","Cundinamarca","4.615919,-74.187555","N"
"EFECTY BOSA LA AMISTAD","ACB178131","Cl 65 F Sur # 78-04","Cundinamarca","4.600398,-74.18485","N"
"ACCIONES Y VALORES OFICINA ECOPLAZA","ACB065370","Kr 3 No 15 A 57 C C Eco Plaza Lc 148","Cundinamarca","4.712805,-74.221427","N"
"EFECTY BOSA CALDAS","ACB075632","Cl 56 H Sur # 93 C-98","Cundinamarca","4.634901,-74.191509","N"
"EFECTY BOSA EL PARAISO","ACB154315","Cl 58 C Sur # 87 F-15","Cundinamarca","4.623946,-74.188234","N"
"EFECTY MOSQUERA CC SERREZUELITA","ACB151026","Cr 5 Este # 18 -50 Local 102","Cundinamarca","4.707977,-74.217653","N"
"EFECTY BOSA LA CABAÑA","ACB153699","Ak 89 B # 56 H-04 Sur","Cundinamarca","4.630911,-74.18944","N"
"EFECTY MOSQUERA VILLANUEVA CENTRO","ACB322967","Cl 20 # 4 A 19","Cundinamarca","4.713832,-74.220519","N"
"GIROS Y FINANZAS BOGOTA CCIAL GRAN PLAZA","ACX026342","Calle 65 Sur No. 78 H 51","Cundinamarca","4.604812,-74.184151","N"
"PAGAFACIL BOSA","ACB065622","Cl 65 Sur No 78 L 64 Bosa","Cundinamarca","4.606051,-74.184137","N"
"GIROS Y FINANZAS C.C. GRAN ESTACIÓN","ACB025703","Av. Cl. 26 # 6247 L-246 Piso 2","Cundinamarca","4.647651,-74.101619","Y"
"EFECTY C.C. VILLA NUEVA CALLE 13","ACB115529","Cr 3 # 19-60","Cundinamarca","4.712842,-74.219544","N"
"EFECTY BOSA HOLANDA","ACB072936","Cl 57 Sur # 87 I-18","Cundinamarca","4.626044,-74.187343","N"
"AYV EXITO BOSA 2","ACB066854","Calle 65 Sur Numero 78 H 54 Local 110","Cundinamarca","4.604771,-74.183254","N"
"CONEXRED","ACB322671","Calle 54c Sur  100 24","Cundinamarca","4.642663,-74.191302","N"
"EFECTY DIMONEX LAS HUERTAS CL 61 SUR","ACB308086","Cl 61 C # 77 A-11 Sur","Cundinamarca","4.590008,-74.180981","N"
"ACCIONES Y VALORES EXITO BOSA","ACB061530","Cl 65 Sur No 78h 54 Exito Bosa","Cundinamarca","4.605155,-74.183025","N"
"EFECTY EL CORZO CR 93 SUR","ACB324112","Cr 93 C # 54 F-48 Sur","Cundinamarca","4.634728,-74.188751","N"
"AYV LA 14 GIRARDOT","ACB066722","Carrera 7 N 33   111 Lc 1  151 Int La 14","Cundinamarca","4.307707,-74.798073","N"
"EFECTY BOSA GUARILOCHE","ACB173972","Cl 65 Sur # 78-04","Cundinamarca","4.600919,-74.181731","N"
"EFECTY EXPRESS EFECTY MOSQUERA EL RUBI 1","ACB304873","Cl 19 B # 12 E 13 Brr Rubi","Cundinamarca","4.703825,-74.213372","N"
"EFECTY PORVENIR SUR","ACB301045","Cr 93 C # 54 D-24 Sur","Cundinamarca","4.634963,-74.188193","N"
"EFECTY BOSA BRASIL CR 86 SUR","ACB139763","Cr 86a # 57b 39 Sur","Cundinamarca","4.621155,-74.184956","N"
"EFECTY","ACB307096","Cra 100  50 B   45 Sur","Cundinamarca","4.64322,-74.189878","N"
"MULTIPAGAS","ACB199536","Calle 55 # 7-07","Cundinamarca","4.571472,-74.177682","N"
"CONEXRED","ACB300044","Carrera 13 7 A 39 Barrio Serresuelita","Cundinamarca","4.714658,-74.217127","N"
"EFECTY BOSA PORVENIR CALLE 54 C SUR","ACB277339","Cl 54 C # 88 I-98 Sur","Cundinamarca","4.631346,-74.185897","N"
"CONEXRED","ACB198360","Kr 94 B   60 A 15  Sur Brr Atalayas","Cundinamarca","4.6367,-74.187135","N"
"EFECTY TOLEMAIDA FUDRA","ACB174160","Tolemaida Fudra","Cundinamarca","4.223413,-74.685003","N"
"EFECTY CIUDAD BOLIVAR CALLE 59 A SUR","ACB308075","Cl 59 A Sur # 75 L 40","Cundinamarca","4.59262,-74.17856","N"
"EFECTY BOSA DANUBIO CRA 87 SUR","ACB320503","Cr 87 # 55b-23 Sur","Cundinamarca","4.623772,-74.183546","N"
"EFECTY","ACB116355","Calle 8 No 19 10 L 7","Tolima","4.205527,-74.639361","N"
"EFECTY SECTOR WAYRA VARIANTE","ACB322990","Cl 9 N. 10-01 Lc 1 Brr La Cita","Cundinamarca","4.711647,-74.214065","N"
"EFECTY SERVIENTREGA CALLE 7","ACB110733","Cr 23 # 5-41 Local 1","Tolima","4.206077,-74.642435","N"
"EFECTY FUNZA BARRIO PORVENIR","ACB324596","Cl 9 # 5 -25","Cundinamarca","4.706045,-74.211056","N"
"EFECTY BOSA JOSE ANTONIO GALAN","ACB074147","Cl 58m # 79b-02","Cundinamarca","4.607972,-74.179559","N"
"EFECTY BOSA LA PAZ CRA 84","ACB154678","Cr 84 # 56 B-10 Sur","Cundinamarca","4.618931,-74.181485","N"
"EFECTY CHAGUYA PEATONAL","ACB306336","Av Cr 13-10 64 Loc 103","Cundinamarca","4.71495,-74.214729","N"
"EFECTY","ACB357925","Cra 75 C  62   04 Sur","Cundinamarca","4.590623,-74.176076","N"
"EFECTY CALLE 3","ACB120017","Av 3 # 4-22","Cundinamarca","4.191483,-74.485214","N"
"EFECTY FUNZA SERREZUELITA CARRERA 6","ACB156746","Cr 6 12 -19","Cundinamarca","4.708298,-74.210125","N"
"EFECTY BOSA BRASIL CR 88 C","ACB173983","Cr 88 C # 52-26 Sur Local 1","Cundinamarca","4.629991,-74.182174","N"
"EFECTY CENTRO COMERCIAL TREBOLI","ACB139170","Cr 95a # 49c-80 Sur Local 111","Cundinamarca","4.639083,-74.184019","N"
"EFECTY GALAN","ACB199943","Cl 8 # 25-25 Local 1","Tolima","4.20334,-74.641751","N"
"EFECTY BOSA PORVENIR CRA 89 CON 50 B","ACB308130","Cr 90 # 49d-93 Sur","Cundinamarca","4.634032,-74.182521","N"
"CONEXRED","ACB320174","Carrera 29 13 42","Cundinamarca","4.731403,-74.221785","N"
"EFECTY ESTANCIA KRA 75","ACB165700","Cr 75 # 57 R-50 Sur Lc 4","Cundinamarca","4.595341,-74.175238","N"
"PAGAFACIL MELGAR","ACB066382","Cll 7 No. 26 - 17","Tolima","4.203428,-74.643033","N"
"MULTIPAGAS","ACB197491","Carrera 4 # 28-10","Cundinamarca","4.762559,-74.24168","N"
"EFECTY BOSA BRASILIA CL 51 SUR","ACB302738","Cl 51 Sur # 87 K-16","Cundinamarca","4.629823,-74.18072","N"
"BANCAMIA FUNZA","ACB062245","Calle 13 77","Cundinamarca","4.7166,-74.212706","N"
"EFECTY DIAGONAL CONCHA ACUSTICA","ACB323496","Cl 13 # 17-38","Cundinamarca","4.718487,-74.213659","N"
"MULTIPAGAS","ACB197282","Calle 13 # 8-68","Cundinamarca","4.581087,-74.897611","N"
"CONEXRED","ACB303740","Calle 13  2  42","Cundinamarca","4.703436,-74.205646","N"
"GIROS Y FINANZAS ÉXITO CC ALTAVISTA USME","ACB026188","Cr 1# 65 D Sur 58l-103b Int. Éxito","Cundinamarca","4.304008,-74.804086","N"
"EFECTY VILLA PAOLA","ACB322978","Cl 15 # 24-39 Brr Villa Paola","Cundinamarca","4.72645,-74.217261","N"
"EFECTY","ACB352557","Cl 14  11   38","Cundinamarca","4.715124,-74.211081","N"
"EFECTY","ACB358180","Avenida Carrera 24 No 7 32 Sur Local 102","Cundinamarca","4.607804,-74.17532","N"
"EFECTY FUNZA EL LAGO","ACB171013","Cl 15 # 17 A-45","Cundinamarca","4.719808,-74.213188","N"
"EFECTY LA ESTANCIA","ACB074741","Cl 60 A Sur # 74-25","Cundinamarca","4.591837,-74.172973","N"
"EFECTY FUNZA CALLE 15","ACB136946","Cl 15 # 14-01","Cundinamarca","4.717472,-74.211761","N"
"EFECTY CARACOLI CIUDAD BOLIVAR","ACB076457","Cl 76 Sur # 73 C 18","Cundinamarca","4.574228,-74.170981","N"
"EFECTY DIMONEX BOSA SUR I","ACB306941","Cl 52a # 83-32 Sur","Cundinamarca","4.622884,-74.177429","N"
"EFECTY","ACB306062","Cra 18l No 66 19 Sur","Cundinamarca","4.623115,-74.177456","N"
"EFECTY SANTANDER","ACB325739","Cr 7 A # 22-05","Cundinamarca","4.299241,-74.801385","N"
"EFECTY BOSA LAS MARGARITAS","ACB076116","Cl 49 Sur # 89-27","Cundinamarca","4.633871,-74.179665","N"
"EFECTY BOSA BRASILIA SUR","ACB278264","Cr 85 # 51 D -06 Sur","Cundinamarca","4.623453,-74.177296","N"
"EFECTY FUNZA BARRIO LA FORTUNA","ACB174072","Cl 15 # 4-31","Cundinamarca","4.708193,-74.206157","N"
"CONEXRED","ACB322406","Diagonal 49 Sur  86a  77","Cundinamarca","4.62704,-74.177265","N"
"MULTIPAGAS","ACB303652","Cra 8  20a   73 B  Granada","Cundinamarca","4.297775,-74.802356","N"
"EFECTY TELECOMUNICACIONES CALLE 56A","ACB195400","Cl 56 A- 78k-33 Sur","Cundinamarca","4.61035,-74.172791","N"
"CONEXRED","ACB270804","Carrera 80 Sur 53 20","Cundinamarca","4.615419,-74.172913","N"
"EFECTY AV. 9 CALLE 14 VARIANTE PRINCIPAL","ACB114397","Av 9 # 14-87","Cundinamarca","4.716474,-74.20714","N"
"EFECTY FUNZA CENTRO","ACB126464","Av 13 # 12-57","Cundinamarca","4.716475,-74.20714","N"
"EFECTY","ACB352568","Via Siberia Funza 800 Metros","Cundinamarca","4.716475,-74.20714","N"
"EFECTY FUNZA PAR INDUSTRIAL PERU JAPON","ACB167890","Km 2 Via Siberia Funza Parque Indus Peru","Cundinamarca","4.716475,-74.20714","N"
"EFECTY CRA 73 CON 64 A","ACB190977","Cr 73 # 64 A-18 Sur","Cundinamarca","4.585401,-74.168314","N"
"EFECTY","ACB323748","Transv 50  76   76 Sur","Cundinamarca","4.572798,-74.166874","N"
"EFECTY COLSUBSIDIO ROMA SUR","ACB273731","Cl 53 Sur # 79 C-06 Lc 3","Cundinamarca","4.614617,-74.171712","N"
"EFECTY GIRARDOT ESTADIO","ACB152720","Cl 19 Cr 24 Via Nariño","Cundinamarca","4.30552,-74.813086","N"
"EFECTY BRITALIA CLL 49 SUR","ACB177932","Cl 49 Sur # 81 D-36","Cundinamarca","4.622327,-74.172653","N"
"EFECTY FUNZA CALLE 19","ACB133657","Cl 19 # 7b-66","Cundinamarca","4.714659,-74.204536","N"
"EFECTY SIERRA MORENA","ACB134340","Cl 70 Sur N. 72b-06","Cundinamarca","4.579166,-74.166207","N"
"EFECTY CATALINA SUR","ACB301067","Cr 77 L # 54 A -11 Sur","Cundinamarca","4.606637,-74.169491","N"
"EFECTY CARRERA 10","ACB122008","Cr 10 # 18 -72 Local 102","Cundinamarca","4.296661,-74.805496","N"
"EFECTY ARBORIZADORA CAI","ACB178306","Cr 43 # 74 A-03 Sur","Cundinamarca","4.568361,-74.165181","N"
"EFECTY CARRERA 11 EFECTY PRINCIPAL","ACB078558","Cl 18 # 11-02","Cundinamarca","4.297168,-74.806494","N"
"EFECTY BARRIO LA ESTACION","ACB323210","Cr 17 # 18-84 Local 101 B. La Estacion","Cundinamarca","4.299802,-74.809322","N"
"EFECTY BRITALIA LA LOMA","ACB301177","Cl 46 Sur # 82 D-06","Cundinamarca","4.625918,-74.172296","N"
"EFECTY PERDOMO","ACB072761","Cl 63 Sur # 71 F-86","Cundinamarca","4.588109,-74.166147","N"
"CONEXRED","ACB322473","Calle 73c Sur 45c2","Cundinamarca","4.571022,-74.164539","N"
"EFECTY GIRARDOT ALTO DE LA CRUZ CALLE 16","ACB163346","Cl 16 # 5-01","Cundinamarca","4.292545,-74.803079","N"
"ACCIONES Y VALORES PF OFICINA GIRARDOT","ACB065062","Cra 10 No 17 01 B Centro","Cundinamarca","4.295822,-74.806245","N"
"GIROS Y FINANZAS METRO AUTOPISTA SUR","ACB021194","Autopista Sur # 77a-18 L-26","Cundinamarca","4.597119,-74.166829","N"
"EFECTY OLARTE ENTRADA PORTAL","ACB153590","Cr 72 D # 57 A Sur-91","Cundinamarca","4.599625,-74.16711","N"
"EFECTY BRITALIA CAI","ACB075807","Cr 81 H 46-08 Sur","Cundinamarca","4.62403,-74.171293","N"
"EFECTY CATALINA NO.2","ACB074389","Tv 78 L # 50-70 Sur","Cundinamarca","4.613409,-74.169172","N"
"EFECTY PORTAL AMERICAS","ACB154360","Cr 85 A # 44-09 Sur Local 18","Cundinamarca","4.62737,-74.171834","N"
"EFECTY PARAISO CL 71 P SUR","ACB325850","Cl 71 P # 27 M-09 Sur","Cundinamarca","4.549308,-74.163371","N"
"EFECTY CENTRO","ACB115673","Cr 6 # 6-33 Centro","Tolima","4.178077,-74.533049","N"
"EFECTY GIRARDOT CENTRO 16","ACB078569","Cl 16 # 9-07","Cundinamarca","4.294568,-74.806302","N"
"CONEXRED","ACB279836","Calle 72 C 48 04 Barrio La Pradera","Cundinamarca","4.573734,-74.163135","N"
"EFECTY","ACB308141","Clle 42 A  91 B   13 Sur","Cundinamarca","4.640564,-74.173764","N"
"EFECTY BRITALIA","ACB074103","Cl 46 Sur # 80h-24","Cundinamarca","4.621653,-74.169364","N"
"EFECTY DIMONEX CALLE 42G","ACB194553","Cl 42g-sur -86g-22","Cundinamarca","4.631389,-74.17136","N"
"EFECTY OLIMPICA GIRARDOT","ACB130159","Cr 9 Cl 14 Esquina","Cundinamarca","4.293614,-74.806651","N"
"EFECTY PATIO BONITO PALMITAS CALLE 40","ACB162619","Cl 40 Sur # 98 C-23","Cundinamarca","4.648449,-74.175506","N"
"GIROS Y FINANZAS GIRARDOT","ACB020962","Cl. 14 Cr 9 Esq. Int. Almacén Olímpica","Cundinamarca","4.293319,-74.806646","N"
"EFECTY PATIO BONITO ALMENDROS I","ACB162608","Cl 40 Sur # 97 F-05","Cundinamarca","4.647537,-74.174892","N"
"EFECTY","ACB354285","Calle 49 Sur No 77v 53","Cundinamarca","4.609297,-74.166483","N"
"EFECTY SOCORRO CALLE 49 SUR","ACB325982","Cl 49 Sur # 77v-53","Cundinamarca","4.60937,-74.166253","N"
"EFECTY LOS ALMENDROS CL 40 SUR","ACB304576","Cl 40 Sur # 96-45","Cundinamarca","4.646059,-74.173887","N"
"EFECTY VILLA DE LA LOMA","ACB326048","Cr 82 A # 42h 25 Sur","Cundinamarca","4.627198,-74.169278","N"
"EFECTY","ACB354340","Cra 82 A No 42h 25 Sur","Cundinamarca","4.627182,-74.169171","N"
"EFECTY PASTRANITA CRA 78G","ACB276624","Cr 78g Bis C-48a-30 Sur","Cundinamarca","4.613348,-74.166119","N"
"EFECTY GIROS CRA 79","ACB192056","Cr 79 # 46a-82 Sur","Cundinamarca","4.616736,-74.166568","N"
"EFECTY","ACB320569","Kr 80 45 23 Sur","Cundinamarca","4.620234,-74.167103","N"
"COOPERATIVA FINANCIERA DE ANTIOQUIA","ACB172519","Kr  86  42b  51 Sur 2 Local 174","Cundinamarca","4.630278,-74.169167","N"
"EFECTY CARREFOUR PATIO BONITO L123","ACB074026","C.c. Milenio Plaza Local 123","Cundinamarca","4.630502,-74.169136","N"
"EFECTY CL 42 A SUR","ACB304455","Cl 42 A Sur #87c-16","Cundinamarca","4.633755,-74.169698","N"
"AyV PF GIRARDOT LA COLINA","ACB067163","Carrera 24 No 9   33 Lc 101","Cundinamarca","4.30181,-74.816965","N"
"EFECTY PARAISO CIUDAD BOLIVAR II","ACB176876","Cr 27 B # 71 I-14 Sur","Cundinamarca","4.550092,-74.159871","N"
"EFECTY ENTRADA PRINCIPAL PERDOMO I","ACB171738","Cl 63 Sur # 70a-40","Cundinamarca","4.589403,-74.161917","N"
"CONEXRED","ACB192308","Cr 86n 42b 51 Sur Local 178","Cundinamarca","4.629949,-74.168568","N"
"CONEXRED","ACB324277","Calle 26  14  05","Cundinamarca","4.712824,-74.197437","N"
"EFECTY SANTA ROCITA DE LAS VEGAS","ACB153842","Cl 70 Sur # 40b-21","Cundinamarca","4.566392,-74.159766","N"
"EFECTY FULL SERVICE CALLE 42","ACB173927","Cl 42 B Sur # 82 A-08","Cundinamarca","4.628303,-74.167443","N"
"CONEXRED","ACB302970","Calle 71bis  27b  18 Barrio Paraiso","Cundinamarca","4.553635,-74.158939","N"
"EFECTY VILLA DEL RIO AV VILLAVICENCIO","ACB178537","Cl 57 A Sur # 70 A-51","Cundinamarca","4.600027,-74.161816","N"
"CONEXRED","ACB273391","Calle 68 B  69 45   Sur  Mz 7 C 186","Cundinamarca","4.582973,-74.15943","N"
"MULTIPAGAS","ACB420779","Avenida Calle 43 Sur 78l 42","Cundinamarca","4.616689,-74.163589","N"
"EFECTY EXPRESS EFECTY CARRERA 97","ACB191329","Cr 97 F # 26-71 Sur Local 10 B","Cundinamarca","4.650221,-74.171315","N"
"EFECTY JERUSALEN CRA 46 SUR","ACB166855","Cr 46 Sur # 69 D-21","Cundinamarca","4.572943,-74.158019","N"
"EFECTY BOMBEROS","ACB320581","Cl 42 F Sur # 79-21","Cundinamarca","4.618687,-74.16348","N"
"EFECTY MADELENA DG 62 SUR","ACB277768","Dg 62 # 68 B-20 Sur","Cundinamarca","4.590675,-74.15899","N"
"EFECTY CANDELARIA LA NUEVA II","ACB150751","Cr 49 # 68d-29 Sur","Cundinamarca","4.577217,-74.157713","N"
"EFECTY PATIO CL 38 SUR","ACB278286","Cl 38 C # 88-69 Sur","Cundinamarca","4.637797,-74.166756","N"
"EFECTY LAGO TIMIZA KRA 74","ACB178142","Cr 74 # 44 B-22 Sur","Cundinamarca","4.608093,-74.160519","N"
"EFECTY CANDELARIA LA NUEVA CLL 68 SUR","ACB194036","Cl 68 A Sur N 49-35","Cundinamarca","4.578148,-74.156828","N"
"CONEXRED","ACB271629","Calle 38 Sur 88 13 Barrio Patio Bonito","Cundinamarca","4.638253,-74.165767","N"
"EFECTY MADELENA III","ACB272433","Cl 60 A Sur # 66-56","Cundinamarca","4.592543,-74.157337","N"
"EFECTY PATIO BONITO CENTRO CALLE 38 SUR","ACB072860","Cr 87i # 37a-16 Sur","Cundinamarca","4.63795,-74.165382","N"
"EFECTY RIVERAS DE OCCIDENTE","ACB132931","Cl 26 Sur N. 93-43","Cundinamarca","4.646882,-74.167394","N"
"EFECTY CALANDAIMA","ACB153150","Cl 34 Bis A Sur # 89 D-54","Cundinamarca","4.642897,-74.166269","N"
"EFECTY","ACB357002","Cl 68 Sur No 46 A 05","Cundinamarca","4.575216,-74.155216","N"
"EFECTY","ACB356793","Cl 68 Sur No 46 A 05","Cundinamarca","4.575216,-74.155216","N"
"AYV CIUDAD BOLIVAR","ACB066689","Calle 68 Sur N 47a  10 Lc 212","Cundinamarca","4.575837,-74.15515","N"
"EFECTY PATIO BONITO CALLE 38 A","ACB161102","Cl 38 A Sur # 86 C-98","Cundinamarca","4.635603,-74.164207","N"
"EFECTY","ACB136672","Calle 116 No 9 22","Magdalena","4.575395,-74.154989","N"
"EFECTY SUPER MANZANA 16 CL 42 SUR","ACB304653","Cl 42 Sur # 78 I-80","Cundinamarca","4.617954,-74.16008","N"
"EFECTY KRA 79 SUR KENNEDY","ACB173828","Cl 41 D Sur N. 78p 34","Cundinamarca","4.62062,-74.159876","N"
"CONEXRED","ACB279957","Calle 6 11 A 03 Barrio Planadas","Cundinamarca","4.692261,-74.180894","N"
"EFECTY","ACB301089","Carrera 80  40 C   06 Sur","Cundinamarca","4.624726,-74.160355","N"
"EFECTY","ACB352272","Carrera 51  59 C Sur   93","Cundinamarca","4.581159,-74.15389","N"
"EFECTY PATIO BONITO LA VIRGEN","ACB073443","Av Cr 86 # 36-20 Sur","Cundinamarca","4.634888,-74.162299","N"
"CONEXRED","ACB198403","Kr 93   128 A 24 Brr Suba Rincon","Cundinamarca","4.64796,-74.165562","N"
"EFECTY EXPRESS CALANDAIMA CL 26 SUR","ACB305148","Cl 26 Sur # 89 C-36 Blq 3 Casa 22","Cundinamarca","4.643218,-74.164238","N"
"EFECTY DIMONEX MADELENA SUR","ACB320404","Cl 67b Sur N. 65- 03","Cundinamarca","4.588328,-74.15402","N"
"EFECTY ISLA DEL SOL","ACB134713","Cr 64 B # 63-47 Sur","Cundinamarca","4.589973,-74.154167","N"
"EFECTY ISLA DEL SOL CRA 64","ACB274237","Cr 64 # 62 C 94 Sur","Cundinamarca","4.590188,-74.154073","N"
"EFECTY TIMIZA CRA 74 SUR","ACB326015","Cr 74 # 42-52 Sur","Cundinamarca","4.611359,-74.156827","N"
"EFECTY DIMONEX CORUÑA SUR.","ACB320592","Cl 59 Sur # 48 B -03","Cundinamarca","4.577983,-74.152767","N"
"EFECTY PATIO BONITO PRIMAVERA","ACB131886","Cl 2 # 91-10 Lc 13","Cundinamarca","4.646301,-74.164231","N"
"EFECTY LA ANDREA CRA 4 SUR","ACB305203","Cr 4 # 80 A-29 Sur","Cundinamarca","4.570498,-74.152183","N"
"EFECTY VILLA DEL RIO III","ACB325937","Cl 57 B Sur # 63-31","Cundinamarca","4.599829,-74.154949","N"
"EFECTY CANDELARIA LA NUEVA CR 38 SUR","ACB194146","Cr 38 N 63 -10 Sur","Cundinamarca","4.57121,-74.15187","N"
"MULTIPAGAS","ACB307250","Carrera 18l 70g Sur","Cundinamarca","4.550358,-74.150865","N"
"EFECTY PATIO BONITO CLLE 2","ACB177503","Cl 2 # 88 H-17 Lc 3","Cundinamarca","4.643482,-74.162067","N"
"MULTIPAGAS","ACB197819","Cra 93d 6d-50","Cundinamarca","4.65074,-74.163976","N"
"EFECTY BOITA II","ACB074422","Cl 45 Sur # 72 N-34","Cundinamarca","4.604844,-74.1543","N"
"EFECTY CANDELARIA LA NUEVA II","ACB166129","Cl 64 # 35-03 Sur","Cundinamarca","4.569586,-74.150718","N"
"EFECTY SAN FRANCISCO CR 20 SUR","ACB176986","Cr 20 D # 68 A-14 Sur","Cundinamarca","4.562925,-74.150357","N"
"A Y V CC PASEO VILLA DEL RIO","ACB067712","Dg 57c Su No 62 60 Local 1 10d","Cundinamarca","4.599057,-74.152953","N"
"CONEXRED","ACB309724","Diagonal 71b Sur  18i  73","Cundinamarca","4.546988,-74.149381","N"
"GIROS Y FINANZAS C C  DORADO PLAZA","ACB020995","Avenida Ciudad De Cali Con Calle 26 50","Cundinamarca","4.637635,-74.159606","N"
"CONEXRED","ACB322516","Carrera 13  59 38","Cundinamarca","4.636013,-74.158454","N"
"EFECTY SAN FRANCISCO CARRERA 20 D SUR","ACB272950","Cr 20 D # 66-76 Sur","Cundinamarca","4.563409,-74.14874","N"
"EFECTY CIUDAD BOLIVAR DG 60 SUR","ACB306194","Dg 60 Sur # 32-28","Cundinamarca","4.571413,-74.148807","N"
"EFECTY SAN FRANCISCO CRA 91 SUR","ACB178164","Cr 19 D # 67-09 Sur","Cundinamarca","4.560352,-74.148307","N"
"EFECTY MARIA PAZ","ACB177909","Cl 5 A Sur # 82-10","Cundinamarca","4.636737,-74.157658","N"
"EFECTY TRANSMILENIO TINTAL II","ACB273555","Cl 2 # 86-12","Cundinamarca","4.639279,-74.15825","N"
"EFECTY KENNEDY HOSPITAL","ACB072419","Cl 40 Sur # 73 D-62","Cundinamarca","4.617994,-74.152867","N"
"ACCIONES Y VALORES EXITO NUEVO KENNEDY","ACB065271","Kr 78k No 37a 53 Lc 0114 Interior Exito","Cundinamarca","4.62355,-74.153896","N"
"EFECTY ACACIA CL 65 SUR","ACB276657","Cl 65 Sur # 20 A 14","Cundinamarca","4.56275,-74.146542","N"
"EFECTY NUEVO MUZU","ACB178504","Cr 61 B # 51 A-39 Sur","Cundinamarca","4.588204,-74.148241","N"
"EFECTY TINTAL PRADOS DE CASTILLA II","ACB274314","Cr 90 # 6 A-47 Casa 51","Cundinamarca","4.648638,-74.159299","N"
"EFECTY NAGUARA","ACB163357","Dg 2b # 82-30 Local 40","Cundinamarca","4.638178,-74.156418","N"
"EFECTY LA ACACIA CRA 19 SUR","ACB272862","Cr 19 D # 64-99 Sur","Cundinamarca","4.561012,-74.146014","N"
"EFECTY CC CIUDAD TINTAL LOCAL 32","ACB151950","Cr 94 # 6 C-30 Lc 32","Cundinamarca","4.652741,-74.159861","N"
"EFECTY TUNDAMA CALLE 45","ACB171750","Cl 45 Sur 72 D-17","Cundinamarca","4.60177,-74.149194","N"
"EFECTY FRANCISCO JOSE DE CALDAS I","ACB171783","Cl 35 Bis Sur # 79-27 Lc 103","Cundinamarca","4.628157,-74.153723","N"
"EFECTY KENNEDY CENTRAL CR 78 G","ACB175930","Cl 38 Sur # 78 G-03","Cundinamarca","4.622616,-74.152557","N"
"EFECTY NUEVO MUZO DG 51 SUR","ACB300945","Dg 51 Sur # 60 F-47","Cundinamarca","4.589369,-74.147568","N"
"EFECTY SAN FRANCISCO CRA 20","ACB166130","Cr 20 B # 63-98 Sur","Cundinamarca","4.5634,-74.14563","N"
"EFECTY ESTACION TERPEL TIMIZA II","ACB191462","Cl 40 Sur # 73-12 Local 1","Cundinamarca","4.61422,-74.150812","N"
"EFECTY","ACB352371","Calle 37 Sur 78 H 28","Cundinamarca","4.623428,-74.152465","N"
"AYV CC TINTAL PLAZA","ACB067316","Cc Tintal Plaza","Cundinamarca","4.641181,-74.156283","N"
"EFECTY SANTAFE DEL TINTAL III","ACB306303","Cr 89 # 6a-95 Lc 3","Cundinamarca","4.647995,-74.157964","N"
"AYV PF CORABASTOS","ACB066733","Avenida 80 No 2 51 Bodega 41 Local 015","Cundinamarca","4.632466,-74.154052","N"
"EFECTY CORABASTOS","ACB073597","Av Cr 80  2 51 Sur Corabastos","Cundinamarca","4.632484,-74.154053","N"
"EFECTY TIMIZA CL 40 SUR","ACB279090","Cl 40 Sur # 72 N-63 Int 2","Cundinamarca","4.612231,-74.150081","N"
"EFECTY MOSQUERA EL RUBI","ACB170957","Cl 17 # 5-13","Cundinamarca","4.695236,-74.173441","N"
"GIROS Y FINANZAS C.C. TINTAL PLAZA","ACB026045","Av. Cr 86 # 6-37 L-151","Cundinamarca","4.642208,-74.156109","N"
"EFECTY CASA LINDA II","ACB170210","Cr 22 G # 60-48 Sur","Cundinamarca","4.56886,-74.144982","N"
"EFECTY","ACB306974","Cra 4  17   65","Cundinamarca","4.695914,-74.172806","N"
"EFECTY TINTAL PLAZA I","ACB170924","Cr 86 # 6-37 Lc 5","Cundinamarca","4.641899,-74.15525","N"
"CONEXRED","ACB322594","Diagonal 2  79c57","Cundinamarca","4.632112,-74.15283","N"
"EFECTY ACACIA SUR","ACB305863","Cr 20 C # 62-11 Sur","Cundinamarca","4.56446,-74.143978","N"
"EFECTY CASA LINDA KRA 22","ACB178351","Cr 22 G # 58 A-32 Sur","Cundinamarca","4.571,-74.144261","N"
"EFECTY DIMONEX LA ESTRELLA","ACB302651","Cr 18 A Bis # 73 Sur-38","Cundinamarca","4.544077,-74.143387","N"
"EFECTY OLIMPICA KENNEDY I","ACB130193","Cr 74 # 38-10 Sur","Cundinamarca","4.619778,-74.149824","N"
"EFECTY TIMIZA CRA 72","ACB074499","Cr 72k # 40-17 Sur","Cundinamarca","4.609004,-74.147943","N"
"BANCAMIA KENNEDY","ACB062344","Calle 36s 78a 28","Cundinamarca","4.622611,-74.149932","N"
"EFECTY EL CHICAL SUR","ACB278275","Cl 60 Sur # 22-62 Casa 3","Cundinamarca","4.568379,-74.1434","N"
"EFECTY VENECIA AVDA BOYACA","ACB075357","Av Boyaca # 51 B 12 Sur","Cundinamarca","4.588789,-74.144843","N"
"EFECTY PIO XII CRA 80 C","ACB175929","Cl 6 Bis # 80 C-73 Local 1","Cundinamarca","4.636407,-74.152623","N"
"EFECTY","ACB355165","Cra 73d 37 19 Sur","Cundinamarca","4.619361,-74.149042","N"
"EFECTY QUINTA CAMACHO CALLE 72","ACB326817","Cr 73d N.37-19 Sur","Cundinamarca","4.619607,-74.148858","N"
"BANCAMIA SAN FRANCISCO","ACB062795","Calle 61b 40","Cundinamarca","4.56197,-74.14262","N"
"EFECTY LA CHUCUA","ACB178120","Tv 72 F # 42 C-57 Sur La Chucua","Cundinamarca","4.603584,-74.146193","N"
"EFECTY PASEO DE SEVILLA","ACB272707","Cr 87 B #6 D- 10 Lc 114","Cundinamarca","4.644576,-74.154092","N"
"EFECTY DELICIAS","ACB074619","Av Boyaca # 44 C 12 Sur","Cundinamarca","4.596954,-74.145021","N"
"EFECTY KENNEDY CALLE 36 SUR","ACB151840","Cl 36 Sur # 74-11","Cundinamarca","4.621184,-74.148751","N"
"EFECTY LUCERO DEL SUR CR 17 SUR","ACB302662","Cr 17 M Sur N 69-05 Piso 1","Cundinamarca","4.549671,-74.141881","N"
"EFECTY CARIMAGUA","ACB076765","Cl 39 Bis 72k 10 Sur","Cundinamarca","4.610955,-74.146576","N"
"EFECTY","ACB357936","Calle 6 C 7a 45","Cundinamarca","4.641149,-74.15262","N"
"ACCIONES Y VALORES KENNEDY AV PRINCIPAL","ACB063158","Cr 78b No 33a 30 Sur Piso 2","Cundinamarca","4.624768,-74.148333","N"
"EFECTY","ACB177581","Calle 15 N  119a 07 Local 2","Cundinamarca","4.680899,-74.16365","N"
"MULTIPAGAS","ACB196500","Carrera 78b # 33a - 26 Sur","Cundinamarca","4.624741,-74.148137","N"
"EFECTY CARVAJAL CALLE 36 II","ACB300956","Cl 38 Sur 72 P -54","Cundinamarca","4.615648,-74.146438","N"
"MULTIPAGAS","ACB303706","Cra 78b 33 A 26 Sur","Cundinamarca","4.624805,-74.148115","N"
"EFECTY EL PROGRESO SUR I","ACB305764","Cl 43 A Sur # 72-16","Cundinamarca","4.601388,-74.144196","N"
"EFECTY","ACB352359","Carrera 73  37   10 Sur","Cundinamarca","4.617251,-74.146646","N"
"EFECTY CALLE 40 SUR","ACB325959","Cl 40 Sur # 72 F -38","Cundinamarca","4.604482,-74.144354","N"
"EFECTY","ACB300967","Cr 17 F  66 A   33 Sur","Cundinamarca","4.554345,-74.140173","N"
"EFECTY KENNEDY LEY I","ACB166349","Cl 26 Sur # 78 -27","Cundinamarca","4.624821,-74.147369","N"
"EFECTY ASD CRA. 17 SUR","ACB301012","Cr 17 A # 80 -22 Sur","Cundinamarca","4.536972,-74.140115","N"
"EFECTY VENECIA CRA 54 SUR","ACB277274","Cr 54 Sur # 51-36","Cundinamarca","4.59011,-74.14204","N"
"CONEXRED","ACB270958","Carrera 20d  67 25 Sur Brr San Francisco","Cundinamarca","4.565258,-74.139772","N"
"EFECTY BANDERAS CHICO","ACB320437","Cl 6b # 79-14","Cundinamarca","4.634313,-74.148634","N"
"EFECTY","ACB357068","Calle 44 Sur 68d 02","Cundinamarca","4.597016,-74.142196","N"
"EFECTY","ACB356858","Calle 44 Sur 68d 02","Cundinamarca","4.597016,-74.142196","N"
"EFECTY LAS QUINTAS II","ACB277735","Cr 17 F # 71 A -95 Sur Lc 79","Cundinamarca","4.545359,-74.139246","N"
"DON PAGO","ACB322264","Dg 49 Sur  53 71","Cundinamarca","4.592034,-74.141415","N"
"EFECTY LUCERO BAJO","ACB074268","Dg 64 A Bis Sur # 17b18","Cundinamarca","4.554538,-74.138609","N"
"EFECTY CARVAJAL CLLE 37 SUR","ACB152807","Cl 37 # 72 L-96 Sur","Cundinamarca","4.61583,-74.143893","N"
"CONEXRED","ACB279463","Carrera 75  24b 22","Cundinamarca","4.625839,-74.145533","N"
"EFECTY MEISSEN","ACB073311","Ac 60 Sur # 18 B-21","Cundinamarca","4.562129,-74.137989","N"
"EFECTY C.C. CARAVANA","ACB325993","Cr 72h # 38-39 Sur","Cundinamarca","4.610144,-74.142501","N"
"EFECTY","ACB355549","Diagonal 50 Sur  53 10","Cundinamarca","4.590975,-74.139938","N"
"EFECTY CASA DE TEJA","ACB162291","Tv 16 C # 75 B-48 Sur","Cundinamarca","4.541331,-74.137536","N"
"EFECTY SOTAVENTO CLL 73 SUR","ACB191208","Cl 73 A Sur # 16 F-28","Cundinamarca","4.544608,-74.137397","N"
"EFECTY CR 16 SUR MEXICO","ACB195037","Cr 17 Bis # 64- 00 Sur","Cundinamarca","4.555132,-74.137055","N"
"EFECTY SAN VICENTE CLLE 53 I SUR","ACB178328","Cr 25 # 53 A-33 Sur","Cundinamarca","4.577869,-74.138007","N"
"EFECTY PORTAL USME","ACB308053","Av Caracas # 63-00 Sur","Cundinamarca","4.556615,-74.13675","N"
"EFECTY DIMONEX VENECIA","ACB324628","Dg 50 Sur # 53-10","Cundinamarca","4.590699,-74.138839","N"
"EFECTY BANDERAS III","ACB302761","Av Cl 6 # 78-47","Cundinamarca","4.630898,-74.145084","N"
"BANCAMIA VENECIA","ACB063004","Transversal 44 No 50b 14 Sur","Cundinamarca","4.589656,-74.138597","N"
"MULTIPAGAS","ACB199547","Diagonal 48 Sur 53 09","Cundinamarca","4.592004,-74.13864","N"
"EFECTY SAN VICENTE FERRER KR 32 SUR","ACB325904","Cr 32 Sur # 52 B-05 Lc 2","Cundinamarca","4.583101,-74.137766","N"
"ACCIONES Y VALORES ALKOSTO VENECIA","ACB065172","Dg 45b S 51 90 Plazoleta Comida Piso 2","Cundinamarca","4.595696,-74.138809","N"
"EFECTY VENECIA DIG 47 II","ACB304543","Dg 47 Sur # 53-18","Cundinamarca","4.593012,-74.138435","N"
"EFECTY VALLADOLID II","ACB129863","Cl 8 B # 82-04","Cundinamarca","4.645793,-74.147844","N"
"EFECTY VENECIA DIAG 45 SUR II","ACB178472","Dg 45 Sur # 53-82","Cundinamarca","4.594465,-74.13836","N"
"CONEXRED","ACB279517","Calle 7 A Bis C  79 21 Barrio Castilla","Cundinamarca","4.638106,-74.145445","N"
"EFECTY SAN CARLOS CALLE 57 SUR.","ACB325861","Cl 57 Sur # 19 A-38","Cundinamarca","4.566469,-74.135552","N"
"EFECTY CASTILLA KRA 80","ACB160376","Ak 80 # 7 F-14","Cundinamarca","4.640287,-74.145687","N"
"EFECTY CARVAJAL BOYACA","ACB074411","Cr 69b # 37b-05 Sur","Cundinamarca","4.611764,-74.140035","N"
"EFECTY","ACB166954","Cra 37   50 - 45 Sur Fatima","Cundinamarca","4.588267,-74.136924","N"
"EFECTY FONTIBON COMPOSTELA CARRERA 104","ACB073300","Dg 15b # 104-46 Casa 21 Urb Compostela","Cundinamarca","4.671215,-74.154058","N"
"EFECTY CARVAJAL CALLE 37","ACB161322","Cr 68 M # 37 D-12 Sur","Cundinamarca","4.60847,-74.139036","N"
"EFECTY EXITO VIVA FONTIBON II","ACB320547","Dg 16 # 104-51 Local 107","Cundinamarca","4.670202,-74.153445","N"
"CADE FONTIBON","ACB322417","Diagonal 16  104 51","Cundinamarca","4.67068,-74.15348","N"
"EFECTY ZONA FRANCA ZF TOWERS","ACB274282","Cl 13 # 108 A-85 Mz 23 Lote 135a","Cundinamarca","4.674787,-74.154805","N"
"EFECTY KENNEDY CERVANTES","ACB156218","Av Primera De Mayo # 72-64 Sur","Cundinamarca","4.61907,-74.140396","N"
"EFECTY CONDADO DE CASTILLA","ACB073487","Cl 7 A Bis C # 78-41","Cundinamarca","4.636443,-74.143424","N"
"EFECTY CC EL EDEN","ACB277009","Av Boyaca # 15-98 L2 096 D","Cundinamarca","4.541334,-74.133784","N"
"EFECTY EXPRESS EFECTY FATIMA CL 50 SUR","ACB305555","Cl 50 # 33-02 Sur","Cundinamarca","4.585288,-74.134916","N"
"ACCIONES Y VALORES","ACB061419","Exito Fontibon","Cundinamarca","4.672724,-74.152669","N"
"EFECTY AMERICAS OCCIDENTAL III","ACB150508","Cl 3 # 72 C-13","Cundinamarca","4.625955,-74.140494","N"
"EFECTY ALQUERIA CARRERA 68 D SUR_","ACB272938","Cr 68 D # 38-13 Sur","Cundinamarca","4.603433,-74.136462","N"
"EFECTY SAN BENITO CLL 57 SUR II","ACB305478","Cr 17 A # 57-86 Sur","Cundinamarca","4.563517,-74.132278","N"
"EFECTY SAN PABLO CALLE 17 FONTIBON","ACB151257","Cl 17 D #118b-05","Cundinamarca","4.685797,-74.155807","N"
"EFECTY PLAZA DE LAS AMERICAS","ACB300527","Cr 71 D # 6-94 Sur","Cundinamarca","4.618196,-74.137221","N"
"EFECTY","ACB273456","Calle 16f 103c 20","Cundinamarca","4.672609,-74.150651","N"
"EFECTY LA ALQUERIA CALLE 42 SUR","ACB150740","Cl 42 Sur # 52 A-14 Alqueria","Cundinamarca","4.597242,-74.133968","N"
"EFECTY FLORALIA CALLE 34 SUR","ACB277515","Cl 34 Sur # 68 I 07","Cundinamarca","4.609767,-74.135566","N"
"EFECTY SAN CARLOS II","ACB272697","Dg 54 # 18 C-28 Sur","Cundinamarca","4.567432,-74.131262","N"
"EFECTY PLAZA DE LAS AMERICAS","ACB072970","Cl 8 Sur # 71 B 31 Entrada 5","Cundinamarca","4.617504,-74.136425","N"
"EXITO CASTILLA","ACB065721","Carrera 77 No 8a 95","Cundinamarca","4.640298,-74.141001","N"
"EFECTY","ACB308163","Carrera 111 A 16 J   25","Cundinamarca","4.679575,-74.152178","N"
"EFECTY FONTIBON SAN PEDRO II","ACB075412","Cr 97 # 16b-12","Cundinamarca","4.667244,-74.147971","N"
"EFECTY","ACB165117","Calle 10 79 7 To 3 Lc 2","Cundinamarca","4.64338,-74.141374","N"
"EFECTY CENTENARIO CR 100 II","ACB305719","Cr 100 # 16 D-27","Cundinamarca","4.670727,-74.148982","N"
"EFECTY TECHO ESTADIO","ACB152171","Cr 71 D # 2-65 Local 2","Cundinamarca","4.623986,-74.137022","N"
"EFECTY EL ROSAL ENTRADA OBANDO","ACB174115","Cl 10 # 14-03","Cundinamarca","4.852081,-74.267233","N"
"EFECTY FONTIBON BATAVIA","ACB326125","Cl 18 # 115 A-23","Cundinamarca","4.684234,-74.153293","N"
"EFECTY BOGOTA FATIMA EL CARMEN","ACB073498","Tv 33 # 47 B-06 Sur","Cundinamarca","4.585674,-74.131396","N"
"EFECTY AV PRIMERA DE MAYO 69","ACB176766","Av Primera Mayo # 69-39","Cundinamarca","4.61295,-74.134765","N"
"EFECTY SAN CARLOS CRA 17 SUR","ACB277450","Cr 17 # 55 Sur 07 Local 3","Cundinamarca","4.564681,-74.129966","N"
"CONEXRED","ACB309670","Calle 57 Sur  14  72","Cundinamarca","4.561348,-74.129538","N"
"ACCIONES Y VALORES CC CIUDAD TUNAL","ACB453812","Cr 24 C No 48 94 Sur Lc 2 155","Cundinamarca","4.577891,-74.130321","N"
"EFECTY CHAGUANI CENTRO","ACB168990","Cr 5 # 2 -71","Cundinamarca","4.949235,-74.595193","N"
"EFECTY CARREFOUR ALQUERIA","ACB074620","Ak 68 # 38 Sur-87","Cundinamarca","4.603565,-74.132823","N"
"EFECTY LAGOS DE CASTILLA CR 80","ACB171804","Cr 80 # 10 D-61","Cundinamarca","4.646835,-74.141125","N"
"EFECTY SAN CARLOS CRA 19 A","ACB277779","Cr 19 A # 51-01 Sur","Cundinamarca","4.569507,-74.129248","N"
"GIROS Y FINANZAS C.C. CIUDAD TUNAL","ACB020643","Cl. 47b Sur # 24b-33 L-2054-2069","Cundinamarca","4.578637,-74.12981","N"
"EFECTY FONTIBON HB","ACB073827","Cl 17n # 107 A-16","Cundinamarca","4.677784,-74.14977","N"
"ACCIONES Y VALORES EXITO TUNAL","ACB063114","Carrera 24b 33s 0102","Cundinamarca","4.57818,-74.12972","N"
"CONEXRED","ACB279814","Carrera 4 3 26 Barrio Centro","Cundinamarca","4.949897,-74.594557","N"
"EFECTY CASTILLA II.","ACB279100","Cl 9 # 75-02","Cundinamarca","4.641114,-74.139156","N"
"EFECTY FONTIBON EL CARMEN II","ACB170441","Cl 16 I # 103 A-14","Cundinamarca","4.673695,-74.148128","N"
"EFECTY FONTIBON FLANDES","ACB326961","Cl 18 # 111-25","Cundinamarca","4.681099,-74.15046","N"
"CONEXRED","ACB303993","Urb Villa Sofia Manzana D Casa 28","Cundinamarca","4.852528,-74.26476","N"
"EFECTY CAMARA Y COMERCIO SINALOA","ACB325960","Cr 68a # 33- 30 Sur","Cundinamarca","4.606533,-74.13206","N"
"EFECTY FLORALIA CRA 68 G","ACB175897","Cr 68 G Bis # 28-12 Sur","Cundinamarca","4.610752,-74.132374","N"
"EFECTY ALQUERIA CRA 52 C SUR","ACB325948","Cr 52c # 37a-16 Sur","Cundinamarca","4.60306,-74.131017","N"
"EFECTY CASTILLA BAVARIA II","ACB274677","Av Boyaca # 8-47","Cundinamarca","4.637092,-74.137023","N"
"EFECTY CLINICA OCCIDENTE KRA 71 B","ACB163599","Av Americas # 71 B-11 Lc 1","Cundinamarca","4.629502,-74.135018","N"
"EFECTY BARRIO LLERAS CR 8","ACB326279","Cr 8 # 4-102","Cundinamarca","4.850292,-74.260425","N"
"EFECTY VILLA ALSACIA II","ACB152335","Cl 11 A # 73 A-41","Cundinamarca","4.643729,-74.137057","N"
"EFECTY FONTIBON SELFITA","ACB154865","Cr 120 #22g-58","Cundinamarca","4.691059,-74.151216","N"
"CONEXRED","ACB324299","Calle 11a  72a  76","Cundinamarca","4.643226,-74.136318","N"
"EFECTY TUNJUELITO KRA 14 A SUR","ACB178416","Cr 14 A # 51-13 Sur Tunjuelito","Cundinamarca","4.56852,-74.125747","N"
"EFECTY ANDALUCIA","ACB072804","Cr 81c # 13a-55","Cundinamarca","4.653136,-74.138616","N"
"EFECTY CLARET","ACB074279","Dg 44 Sur # 26-06","Cundinamarca","4.58175,-74.126255","N"
"ACCIONES Y VALORES PF OFICINA FONTIBON","ACB064687","Kr 100 No 18 59 Cc Fiesta Fontibon 102","Cundinamarca","4.674353,-74.144248","N"
"GIROS Y FINANZAS FONTIBÓN","ACB020247","Cr 100 18-59 Pasillo Principal L-18","Cundinamarca","4.674458,-74.144271","N"
"EFECTY INVER VARGAS CC FIESTA FONTIBON","ACB173905","Cr 100 # 18-59 Lc 101","Cundinamarca","4.674443,-74.144255","N"
"CONEXRED","ACB279012","Carrera 102 18 28 Local 103 Fontibon","Cundinamarca","4.675427,-74.144513","N"
"EFECTY LA PROMESA","ACB274293","Cl 13 A # 80 C 27","Cundinamarca","4.651934,-74.1375","N"
"ACCIONES Y VALORES SURTIMAX FO","ACB060090","Cl 18 No 99 41","Cundinamarca","4.673845,-74.143556","N"
"EFECTY CINCO DE NOVIEMBRE","ACB178559","Cl 39 C Sur # 39 A-58","Cundinamarca","4.592648,-74.126129","N"
"EFECTY","ACB350973","Carrera 4  11   56","Cundinamarca","4.854593,-74.26066","N"
"EFECTY FONTIBON LA PLAZA","ACB304499","Cr 103 A # 20-27","Cundinamarca","4.676839,-74.144099","N"
"EFECTY VILLA MAYOR II","ACB322824","Dg 40 Sur # 34 A-03","Cundinamarca","4.590405,-74.125438","N"
"CONEXRED","ACB300033","Calle 15a 81d 8","Cundinamarca","4.655269,-74.137114","N"
"EFECTY ALCALA II","ACB320646","Cl 33 Sur # 51 A 83","Cundinamarca","4.601706,-74.126356","N"
"EFECTY VERSALLES II","ACB305533","Cl 22 F # 108-54 Local 1","Cundinamarca","4.682421,-74.145215","N"
"EFECTY MILENTA","ACB075380","Ak 68 # 18 Sur-26","Cundinamarca","4.6134,-74.127979","N"
"AYV PF CENTRO MAYOR","ACB067536","Calle 38a N 34d   51 Sur","Cundinamarca","4.591737,-74.124857","N"
"BANCAMIA EL TEJAR","ACB062168","Cl 27 Sur No 52a 09","Cundinamarca","4.606213,-74.126596","N"
"EFECTY TEJAR","ACB072507","Cl 27 Sur # 52 50 Local 5","Cundinamarca","4.606066,-74.12657","N"
"EFECTY LA IGUALDAD","ACB074950","Cl 1 Sur # 68 D 40 Sur","Cundinamarca","4.621211,-74.12895","N"
"EFECTY FONTIBON EL REFUGIO CALLE 23B","ACB177514","Cl 23b # 116 C-04 Piso 1","Cundinamarca","4.690261,-74.1474","N"
"EFECTY ACUARELA II","ACB304631","Cl 2 # 68f 20","Cundinamarca","4.622651,-74.128654","N"
"EFECTY CENTRO COMERCIAL CARACAS","ACB073146","Cl 51 Sur # 9-30 Local 118","Cundinamarca","4.557962,-74.121916","N"
"EFECTY INGLES CALLE 41 CON 25 B SUR","ACB325894","Cl 41 Sur # 25b-26","Cundinamarca","4.582505,-74.123153","N"
"ACCIONES Y VALORES EXITO CC CENTRO MAYOR","ACB061541","Au Sur No Cl 38a Sur 07 Ent 2 Del Cc","Cundinamarca","4.593162,-74.123848","N"
"EFECTY SERVICIOS POSTALES AMAYA","ACB273720","Cr 100 # 21-30 Piso 2","Cundinamarca","4.676242,-74.141514","N"
"EFECTY LOS MOLINOS DEL SUR","ACB178241","Cl 50 A # 7-10 Sur","Cundinamarca","4.556731,-74.120926","N"
"EFECTY MARCO FIDEL SUAREZ SUR","ACB154524","Tv 13 G # 45 D 22 Sur","Cundinamarca","4.569507,-74.121322","N"
"EFECTY MARSELLA ANTIGUA I","ACB304093","Cr 69c -7-14","Cundinamarca","4.631703,-74.129109","N"
"EFECTY SAN EUSEBIO CARRERA 52","ACB191385","Cr 52 # 22-30 Sur","Cundinamarca","4.606659,-74.124731","N"
"EFECTY SANTA RITA CRA 50 SUR","ACB177800","Av Cr 50 # 31-96 Sur Local 3","Cundinamarca","4.599248,-74.123697","N"
"SANTA LUCIA","ACB322428","Avenida Caracas 41 B   30 Sur","Cundinamarca","4.575288,-74.121462","N"
"EFECTY MARSELLA II","ACB152159","Av Americas # 68 F-57 Local 104","Cundinamarca","4.629077,-74.128457","N"
"EFECTY","ACB352393","Av Americas 68a 78","Cundinamarca","4.630083,-74.128435","N"
"EFECTY C.C ALTAVISTA","ACB076754","Ak 1 # 65 D-58 Sur Lc 1 30","Cundinamarca","4.538446,-74.120495","N"
"EFECTY SAN JORGE DG 45 BIS.","ACB277746","Dg 45 Bis B # 13 F-62 Sur","Cundinamarca","4.571636,-74.120707","N"
"EFECTY GOVARONA II","ACB169759","Cr 9 # 49 G-18 Sur","Cundinamarca","4.557902,-74.120113","N"
"EFECTY","ACB357947","Calle 22 97 41","Cundinamarca","4.675022,-74.139631","N"
"EFECTY","ACB306996","Cl 22 K  104   95 Barrio Giralda","Cundinamarca","4.681848,-74.14158","N"
"EFECTY FONTIBON CRA 110","ACB152874","Cr 110 # 23 C-36","Cundinamarca","4.686319,-74.142995","N"
"EFECTY MARRUECOS","ACB173806","Cl 49g Sur # 5x-25","Cundinamarca","4.555131,-74.118707","N"
"EFECTY FONTIBON CAMBULOS","ACB177394","Cl 23 D # 107-30","Cundinamarca","4.685006,-74.141485","N"
"CONEXRED","ACB303607","Calle 65 C Sur 1184","Cundinamarca","4.533497,-74.118665","N"
"EFECTY CENTRO COMERCIAL BAZAR ALSACIA","ACB076073","Cl 12 B 71d 61 Local 106","Cundinamarca","4.645259,-74.129577","N"
"EFECTY ENVIOS CALLE 9","ACB191770","Cl 9 D # 69 B-11 Local 1","Cundinamarca","4.635448,-74.127351","N"
"MULTIPAGAS","ACB271827","Carrera 1  65 D 58 S","Cundinamarca","4.532218,-74.11844","N"
"EFECTY DANUBIO AZUL CRA 4 SUR","ACB153688","Cl 56 Sur # 4 H-17","Cundinamarca","4.540909,-74.117984","N"
"CONEXRED","ACB309571","Carrera  104a 23b 45","Cundinamarca","4.682756,-74.140013","N"
"EFECTY FONTIBON CALLE 23 D","ACB326114","Cl 23 D # 104a-49","Cundinamarca","4.68314,-74.140024","N"
"EFECTY USME","ACB173839","Cl 136 Sur 3-12 Local 14","Cundinamarca","4.474943,-74.124378","N"
"MULTIPAGAS","ACB197820","Cra 86 42b Sur 51","Cundinamarca","4.662722,-74.133144","N"
"EFECTY FONTIBON OVIEDO","ACB155976","Cr 97 # 22 K-06","Cundinamarca","4.676656,-74.13728","N"
"EFECTY GALAN DG 2","ACB161267","Dg 2 # 66-86","Cundinamarca","4.623343,-74.123758","N"
"AyV CC EL EDEN","ACB067097","Av Cra 72 No 12 B  48 L2 093c","Cundinamarca","4.646521,-74.128649","N"
"EFECTY QUIROGA KRA 21","ACB178009","Cr 21 # 36-10 Sur","Cundinamarca","4.578241,-74.118072","N"
"CONEXRED","ACB279924","Calle 43 Sur 14 90","Cundinamarca","4.569658,-74.117439","N"
"EFECTY FONTIBON VERACRUZ CALLE 23 B","ACB274259","Cr 103 Bis # 23 B 58 Local 1","Cundinamarca","4.681253,-74.138395","N"
"EFECTY MARICHUELA","ACB178340","Tv 1 D # 76 B-03 Sur","Cundinamarca","4.512193,-74.11844","N"
"EFECTY GALAN ZAPATOCA II","ACB301155","Cr 56 # 2-51","Cundinamarca","4.616798,-74.12219","N"
"EFECTY KRA 52 TORRE MOLINOS","ACB178384","Cr 52 # 16-07 Sur Torre Molinos","Cundinamarca","4.609333,-74.120956","N"
"EFECTY CALLE 4","ACB113208","Cl 4 # 3-46","Tolima","4.5667,-74.953535","N"
"ACCIONES Y VALORES","ACB061628","Av Americas No 68a 94 Lc 0111d","Cundinamarca","4.629721,-74.124129","N"
"EFECTY QUIROGA CRA 24 SUR-","ACB277186","Cr 24 # 33-98 Sur","Cundinamarca","4.58194,-74.117452","N"
"CONEXRED","ACB270761","Diagonal 87 Sur 14i 05 Lc 1","Cundinamarca","4.512113,-74.117446","N"
"EFECTY ALSACIA ATALANTA.","ACB152380","Cl 12 C # 71 C-31 Local 00","Cundinamarca","4.643473,-74.126524","N"
"EFECTY SAN JORGE CLL 43 SUR","ACB177998","Cl 43 Sur # 12 F -17","Cundinamarca","4.568128,-74.11605","N"
"CONEXRED","ACB307315","Carrera  93 22 24","Cundinamarca","4.669708,-74.133325","N"
"EFECTY DANUBIO AZUL CALLE 56 SUR","ACB190351","Cl 56 Sur # 3 F-18","Cundinamarca","4.538819,-74.115608","N"
"EFECTY","ACB352447","Calle 20 82   52 Local 164 B","Cundinamarca","4.663164,-74.13106","N"
"AyV CC HAYUELOS","ACB066920","Calle 20 No 82 52 Lc 151","Cundinamarca","4.663115,-74.131011","N"
"EFECTY EXPRESS EFECTY EL RINCON SANTO","ACB308174","Cr 97 # 23 F-04 Lc 1","Cundinamarca","4.678073,-74.135288","N"
"EFECTY EXPRESS EFECTY CALLE 92 B SUR","ACB305401","Cl 92 B Sur # 2-18","Cundinamarca","4.506067,-74.116793","N"
"EFECTY","ACB131006","Carrera 14 Bis  54   08 Sur","Cundinamarca","4.514362,-74.115893","N"
"EFECTY PONDEROSA","ACB272785","Cl 1 B # 52-45","Cundinamarca","4.610703,-74.118929","N"
"EFECTY PRADERA CALLE 4D","ACB177459","Cl 4 D # 65 A-30","Cundinamarca","4.625726,-74.121443","N"
"EFECTY COLSUBSIDIO QUIROGA II","ACB272828","Cr 23 C # 32-47 Sur","Cundinamarca","4.581671,-74.115432","N"
"EFECTY VILLA GLADYS SUR","ACB279078","Cr 10 # 48b-35 Sur","Cundinamarca","4.561629,-74.114286","N"
"EFECTY GALAN MULTIPLAZA 56","ACB304071","Cr 56 # 2 B-83 Local 107","Cundinamarca","4.619387,-74.119968","N"
"CONEXRED","ACB322329","Carrera 30  30  66","Cundinamarca","4.592048,-74.116028","N"
"EFECTY MARICHUELA CALLE 76 SUR","ACB170485","Cl 76 C Sur # 0-05","Cundinamarca","4.511474,-74.115269","N"
"CONEXRED","ACB193552","Kr 97  23 G   95 Brr Fontibon Arabia","Cundinamarca","4.678991,-74.134161","N"
"EFECTY","ACB357903","Cra 96 G Bis 23g  37","Cundinamarca","4.677297,-74.133483","N"
"EFECTY FONTIBON CR 100","ACB074729","Cr 100 # 23h-83 Local 104","Cundinamarca","4.681174,-74.134544","N"
"EFECTY AV CARACAS CRA 18 SUR","ACB177624","Cr 18 # 32-43 Sur","Cundinamarca","4.577152,-74.114125","N"
"CONEXRED","ACB192210","Cr 1 C  74 B 48 Sur","Cundinamarca","4.516263,-74.113618","N"
"EFECTY GALAN TRINIDAD KRA 56","ACB073036","Cr 56 # 4-72","Cundinamarca","4.620927,-74.118453","N"
"EFECTY AV 68 ZONA INDUSTRIAL","ACB074938","Cr 68 # 10-42","Cundinamarca","4.632738,-74.120637","N"
"BANCAMIA GALAN","ACB062267","Kr 56 No 4a  39","Cundinamarca","4.621316,-74.118294","N"
"EFECTY MULTIPLAZA LA FELICIDAD","ACB192045","Cl 19 A # 72-57 Lc C-133","Cundinamarca","4.653211,-74.124884","N"
"EFECTY RED PLATINUM MONTEVIDEO","ACB273742","Cl 17 # 69 B-36","Cundinamarca","4.64563,-74.122916","N"
"EFECTY YOMASA","ACB074565","Cr 49 Este # 87-27 Sur","Cundinamarca","4.508014,-74.113578","N"
"EFECTY CENTENARIO CALLE 29 SUR","ACB302826","Cl 29 # 26 B-09 Sur","Cundinamarca","4.587762,-74.113265","N"
"EXITO LA FELICIDAD","ACB065820","Ave Boyaca Con Calle 13 Esquina No","Cundinamarca","4.651582,-74.124151","N"
"EFECTY LA FISCALA","ACB167054","Tv 2 C Este # 64-74 Sur","Cundinamarca","4.534015,-74.111615","N"
"EFECTY EL MIRADOR","ACB308228","Cl 63b Norte 118b 19","Cundinamarca","4.710333,-74.14342","N"
"EFECTY ANTONIO JOSE DE SUCRE","ACB190373","Cl 106b Sur # 5-72","Cundinamarca","4.493178,-74.114991","N"
"EFECTY","ACB358191","Calle 58 Sur No78j 10","Cundinamarca","4.613632,-74.116157","N"
"EFECTY C.C. OUTLET FACTORY","ACB170902","Cl 9 Av Americas # 62-84 Local 233 A","Cundinamarca","4.629017,-74.118605","N"
"EFECTY PRINCIPE DE BOCHICA","ACB274413","Cl 48 I # 5 C-18 Sur","Cundinamarca","4.557407,-74.111017","N"
"EFECTY EL TRIUNFO CRA 12 BIS C","ACB278307","Cr 12 Bis C # 42b-13 Sur","Cundinamarca","4.564666,-74.111151","N"
"EFECTY SAN JUAN BAUTISTA CL 74 SUR","ACB272895","Cl 74 B Sur # 0-07","Cundinamarca","4.518175,-74.111993","N"
"EFECTY LA TRINIDAD CR 60","ACB272806","Cl 5a # 59-25","Cundinamarca","4.625479,-74.117521","N"
"CONEXRED","ACB195949","Cl 3 # 14 A - 28","Atlantico","4.535169,-74.110728","N"
"EFECTY CIUDAD MONTES CARRERA 38","ACB173763","Cl 8 Sur # 38 B-11 Ciudad Montes","Cundinamarca","4.604772,-74.114111","N"
"EFECTY LA ANDREA II","ACB173752","Cl 78 Sur # 1 D-44 Este","Cundinamarca","4.510711,-74.111952","N"
"CONEXRED","ACB198557","Cl 28 Sur   01 03 Brr Cordoba","Cundinamarca","4.587615,-74.111906","N"
"EFECTY SALAZAR GOMEZ CLLE 12 A","ACB177437","Cl 12 A # 67 A-05","Cundinamarca","4.635891,-74.119018","N"
"EFECTY PALERMO SUR","ACB325849","Cr 3 # 49b-20 Sur","Cundinamarca","4.544587,-74.109797","N"
"EFECTY SENA CARRERA 30","ACB074653","Cl 20 Sur # 29c-83","Cundinamarca","4.594508,-74.111933","N"
"EFECTY BARCELONA","ACB176964","Av Cr 50 # 3-07","Cundinamarca","4.615657,-74.114608","N"
"CONEXRED","ACB272741","Ac 24  95 A 80 Lc 13 Brr Capellania","Cundinamarca","4.677496,-74.129266","N"
"EFECTY EL PALMAR CRA 117","ACB272817","Cr 117 # 63 H-18","Cundinamarca","4.710476,-74.141274","N"
"MULTIPAGAS","ACB198690","Calle 26 103-9","Cundinamarca","4.68896,-74.132838","N"
"EFECTY MOLINOS 2 CRA 5 SUR","ACB307546","Cr 5 # 48r 23 Sur","Cundinamarca","4.549488,-74.108964","N"
"EFECTY GALAN CARRERA 60","ACB073355","Cr 60 5c-47","Cundinamarca","4.627387,-74.116251","N"
"EFECTY CENTRO CARRERA 3","ACB118258","Cr 3 # 4-07","Cundinamarca","4.96181,-74.433503","N"
"CONEXRED","ACB300769","Calle 23b  82  51 Barrio Modelia","Cundinamarca","4.667321,-74.125592","N"
"EFECTY GUSTAVO RESTREPO","ACB190317","Cl 31 F # 12 K-32 Sur","Cundinamarca","4.574273,-74.109357","N"
"EFECTY OLAYA CRA. 24","ACB173729","Cr 24 # 27-13 Sur","Cundinamarca","4.584388,-74.109981","N"
"EFECTY CENTRO COMERCIAL MUISCA","ACB178108","Cl 64 # 118 B 58 Local 205","Cundinamarca","4.712288,-74.140625","N"
"EFECTY JAZMIN","ACB076150","Cr 41 # 2f-40","Cundinamarca","4.612689,-74.112789","N"
"EFECTY ENGATIVA TERMINAL SOTRANDES","ACB074521","Cr 113b # 63i-39 Local 107","Cundinamarca","4.709244,-74.139363","N"
"EFECTY","ACB326026","Calle 2g  40d   35","Cundinamarca","4.612646,-74.112774","N"
"EFECTY CALLE 4","ACB112142","Cl 4 # 4-03","Tolima","4.720115,-74.926634","N"
"EFECTY FONTIBON SAN JOSE II","ACB177404","Cl 25 D # 97-57 Lc 2","Cundinamarca","4.684637,-74.129966","N"
"BANCAMIA ENGATIVA","ACB062179","Kr 113b No 63i 39 Local 100 101","Cundinamarca","4.709377,-74.139129","N"
"EFECTY ESCUELA MILITAR CLL 80","ACB133745","Cl 80 # 38-00 Edif Centro Social 3r Piso","Cundinamarca","4.622909,-74.114173","N"
"EFECTY GUACAMAYAS CRA 2 B BIS SUR","ACB305632","Cr 2 B Bis C # 38-22 Sur","Cundinamarca","4.622909,-74.114173","N"
"EFECTY LA VICTORIA TRANVERSAL 3","ACB076402","Tv 3 Este # 43a Sur-30","Cundinamarca","4.622909,-74.114173","N"
"EFECTY BARRIO JAQUELINE","ACB190296","Cr 77 Z # 11 Cl 45 Sur","Cundinamarca","4.622909,-74.114173","N"
"EFECTY CHICO SUR CALLE 97","ACB178362","Av Ciu De Villavicencio # 5 Este 87f-09","Cundinamarca","4.622909,-74.114173","N"
"EFECTY FLORESTA AV 68","ACB169111","Av 68 # 98 A-79","Cundinamarca","4.622909,-74.114173","N"
"EFECTY CC DIVER PLAZA","ACB151554","Tv 99 # 70 A-89 C.c. Diver Plaza","Cundinamarca","4.622909,-74.114173","N"
"EFECTY SANTA LIBRADA CALLE 74 SUR","ACB305214","Cl 74 C Sur # 7 A- 50","Cundinamarca","4.622909,-74.114173","N"
"EFECTY DIMONEX KRA 80 SUR","ACB164259","Cr 80 # 78 B-10 Sur","Cundinamarca","4.622909,-74.114173","N"
"EFECTY SANTA HELENITA CR 80 CON 70","ACB160947","Cr 80 N. 70-90","Cundinamarca","4.622909,-74.114173","N"
"EFECTY EL TESORO","ACB169858","Dg 79 B # 18 G-12 Sur","Cundinamarca","4.622909,-74.114173","N"
"EFECTY CASA GRANDE","ACB076677","Av Cr 68 Sur 69 45 Mz 7 Interior 188","Cundinamarca","4.622909,-74.114173","N"
"EFECTY BOCHICA SUR II","ACB190395","Cl 18 L # 5 C-18 Sur","Cundinamarca","4.622909,-74.114173","N"
"EFECTY PTO LIGERO TRANSMI PORTAL 170","ACB300648","Estacion De Trasmilenio Portal 170","Cundinamarca","4.622909,-74.114173","N"
"EFECTY CHARALA","ACB075061","Av Cr 5este Nº 93-19sur","Cundinamarca","4.622909,-74.114173","N"
"EFECTY SAN FERNANDO AV 68 II.","ACB190405","Av 68 # 56 B-22","Cundinamarca","4.622909,-74.114173","N"
"CONEXRED","ACB322703","Calle 64 113c81","Cundinamarca","4.710866,-74.139652","N"
"EFECTY CENTENARIO II","ACB178076","Cr 27 # 23-16 Sur","Cundinamarca","4.588601,-74.109443","N"
"EFECTY","ACB356924","Cra 2 C Este No 89 C20 Sur","Cundinamarca","4.504383,-74.109774","N"
"EFECTY","ACB356715","Cra 2 C Este No 89 C20 Sur","Cundinamarca","4.504383,-74.109774","N"
"EFECTY ENGATIVA C.C. EL TESORO","ACB161476","Cl 64 # 121-19 Lc 6","Cundinamarca","4.71462,-74.140972","N"
"EFECTY EXPRESS DIMONEX VENADILLO","ACB274161","Cl 5 # 5-29 Barrio Santa Bar","Tolima","4.719232,-74.927533","N"
"GIROS Y FINANZAS C.C. PLAZA CENTRAL","ACB026232","Cr 65 # 11-50 Local 1-58","Cundinamarca","4.631953,-74.115554","N"
"EFECTY SERVIENTREGA TIMON","ACB072255","Cr 71 # 21-91","Cundinamarca","4.654692,-74.120714","N"
"AYV PF VALKOR PUENTE ARANDA","ACB066809","Ac 13  No 65 21 Cc Centenario L B5","Cundinamarca","4.634212,-74.115808","N"
"MULTIPAGAS","ACB271849","Calle 8 S  35   25","Cundinamarca","4.601324,-74.110402","N"
"EFECTY ALFONSO LOPEZ","ACB072518","Cl 94 Sur # 51-17","Cundinamarca","4.624577,-74.113918","N"
"CONEXRED","ACB303300","Carrera 119  6455","Cundinamarca","4.713277,-74.140126","N"
"EFECTY OLAYA CRA 19 II SUR","ACB277164","Cr 19 C # 27-82 Sur","Cundinamarca","4.580706,-74.108254","N"
"MULTIPAGAS","ACB271960","Carrera 65  11   50","Cundinamarca","4.631996,-74.115136","N"
"EFECTY C.C. ZONA IN","ACB190362","Cl 13 # 65-21","Cundinamarca","4.634837,-74.115591","N"
"EFECTY","ACB190340","Cl 5  53 B   18","Cundinamarca","4.621539,-74.112723","N"
"EFECTY LA FRAGUA CR 29","ACB164930","Cr 29 C # 16-28 Sur","Cundinamarca","4.595122,-74.108674","N"
"EFECTY","ACB352403","Calle 13  65 18 Mall Plaza 65a","Cundinamarca","4.634987,-74.114848","N"
"MULTIPAGAS","ACB197095","Calle 17 # 68d-68","Cundinamarca","4.639893,-74.115855","N"
"EFECTY DIANA TURBAY CRA 1 SUR","ACB177493","Cl 48 X Sur # 1 A-50","Cundinamarca","4.545839,-74.106027","N"
"EFECTY RESTREPO CRA 27 CON 17 B","ACB195565","Cr 27 # 17 B 74 Sur","Cundinamarca","4.590117,-74.107908","N"
"EFECTY EXPRESS EFECTY LAS PALMAS","ACB305654","Cr 121 # 66 A-15","Cundinamarca","4.715254,-74.139594","N"
"EFECTY BOCHICA CENTRAL","ACB168758","Cr 36 # 1 D-40","Cundinamarca","4.604796,-74.109373","N"
"EFECTY EL PALMAR CRA 116C","ACB272796","Cr 116c # 66-26","Cundinamarca","4.712555,-74.137958","N"
"EFECTY PIJAOS I","ACB302783","Cl 34 B # 11 A-18 Sur","Cundinamarca","4.567844,-74.105358","N"
"EFECTY MODELIA AV CALLE 24","ACB072969","Av Cl 24 # 81c-10","Cundinamarca","4.66867,-74.122004","N"
"EFECTY SANTA MATILDE","ACB072859","Cl 8 Sur # 31 A 52","Cundinamarca","4.599104,-74.107622","N"
"EFECTY ENGATIVA CLL 67","ACB173895","Cl 67 N. 115a-25","Cundinamarca","4.711204,-74.136273","N"
"EFECTY PRIMAVERA III","ACB320624","Cr 41 A # 4 C-61","Cundinamarca","4.615216,-74.108951","N"
"EFECTY ENGATIVA LA FAENA","ACB177383","Cr 121 # 69 B-17 Barrio Faena Engativa","Cundinamarca","4.716407,-74.137576","N"
"EFECTY PUENTE ARANDA","ACB073168","Cl 13 # 59-16","Cundinamarca","4.632054,-74.111575","N"
"CONEXRED","ACB303278","Calle 24f  85b24","Cundinamarca","4.673408,-74.121854","N"
"EFECTY EXPRESS EFECTY TERESITA TRV 113","ACB326158","Tv 113 F # 67 B -17","Cundinamarca","4.710765,-74.135049","N"
"EFECTY COUNTRY CALLE 27 SUR 12 G","ACB277757","Cl 27 Sur # 12 G-51","Cundinamarca","4.576561,-74.103933","N"
"EFECTY","ACB173884","Carrera 111  64f23","Cundinamarca","4.703238,-74.131446","N"
"EFECTY EL MUELLE CR 105 I","ACB171837","Cl 63 # 105 I-58","Cundinamarca","4.698786,-74.129539","N"
"EFECTY RESTREPO CRA. 17.","ACB133459","Av Primero De Mayo # 18 Sur-08","Cundinamarca","4.582811,-74.103636","N"
"EFECTY VILLAS DEL DORADO CR 110","ACB171859","Cr 110 # 64-92","Cundinamarca","4.701486,-74.130052","N"
"EFECTY RESTREPO COLSUBSIDIO II","ACB177569","Cl 19 Sur # 24-05","Cundinamarca","4.585768,-74.10364","N"
"CONEXRED","ACB300297","Carrera 110  64d  03 Barrio Engativa","Cundinamarca","4.701791,-74.130068","N"
"AYV PF TERMINAL DE TRASNPORTE","ACB065194","Calle 22c No 68f  53 Md 4 Zn Comun","Cundinamarca","4.653229,-74.114649","N"
"EFECTY PRIMAVERA OCCIDENTAL CL 3 B","ACB320415","Cr 41a # 5a-23","Cundinamarca","4.615977,-74.107085","N"
"EFECTY RESTREPO OCCIDENTAL TVR 24","ACB177976","Tv 24 I # 14-54 Sur Restrepo Occidental","Cundinamarca","4.592617,-74.103955","N"
"EFECTY SERVIENTREGA DORADO PLAZA II","ACB352458","Cr 85c # 25f-33","Cundinamarca","4.674991,-74.1204","N"
"GIROS Y FINANZAS RESTREPO","ACB020160","Cr 24 18-11 Sur L-201 C.c. El Portal","Cundinamarca","4.586356,-74.103005","N"
"EFECTY CENTRO COMERCIAL DORADO PLAZA","ACB151972","Cl 26 # 85 D-55","Cundinamarca","4.675591,-74.120334","N"
"EFECTY MODELIA KRA 75","ACB151235","Cr 75 # 24 D 27","Cundinamarca","4.667789,-74.118006","N"
"EFECTY SAN JOSE CRA 12 I","ACB194443","Cr 12 D Bis # 24-79 Sur","Cundinamarca","4.576937,-74.102111","N"
"AYV PF TERMINAL BOGOTA","ACB066821","Calle 22 C N 68 F 53 Modulo 4","Cundinamarca","4.652931,-74.113794","N"
"EFECTY C.C. CARRERA","ACB076347","Av Americas # 50-15 Local C-238","Cundinamarca","4.626721,-74.107891","N"
"EFECTY","ACB352436","Ac 24  69 D   65","Cundinamarca","4.657211,-74.114591","N"
"EFECTY","ACB352524","Av El Dorado 103 22 Entrada 2 Int 12","Cundinamarca","4.689451,-74.124273","N"
"EFECTY","ACB352535","Ac 26  103   22 In 12 En 2","Cundinamarca","4.689451,-74.124272","N"
"EFECTY EXPRESS EFECTY EL MUELLE","ACB326136","Cl 64 B # 105 G-03","Cundinamarca","4.698941,-74.127644","N"
"EFECTY ENGATIVA CR 106A II","ACB170452","Cr 106 A # 64 D-02","Cundinamarca","4.700097,-74.127944","N"
"EFECTY EXPRESS EFECTY CALLE 27 SUR","ACB323100","Cl 27 Sur # 12-30","Cundinamarca","4.574734,-74.10137","N"
"EFECTY FUNDACION MUJERES DE EXITO II","ACB177921","Av Cl 22 Sur # 12 H -55","Cundinamarca","4.580503,-74.101707","N"
"CONEXRED","ACB320031","Calle 72 Sur  97c 14","Cundinamarca","4.703265,-74.129002","N"
"EFECTY","ACB355307","Av Calle 6 42  19","Cundinamarca","4.618793,-74.1062","N"
"EFECTY","ACB352470","Calle 26  92   32   21 Local G12   03","Cundinamarca","4.682397,-74.121624","N"
"EFECTY GORGONZOLA II","ACB326950","Av Cl 6 # 42-19","Cundinamarca","4.618738,-74.106182","N"
"BANCAMIA RESTREPO","ACB062728","Avenidanqs 1 16 54","Cundinamarca","4.58076,-74.10156","N"
"EFECTY OXXO AV EL DORADO CON 92","ACB139202","Av El Dorado # 92-32","Cundinamarca","4.682596,-74.121391","N"
"EFECTY PUENTE ARANDA CAI.","ACB151510","Cr 55 # 15-56","Cundinamarca","4.631582,-74.108134","N"
"EFECTY OPORTO SALITRE_","ACB272884","Cr 68 C # 22 B-71 To 4 Lc 3","Cundinamarca","4.651736,-74.112329","N"
"EFECTY EL MUELLE 105C","ACB173873","Cr 105 C # 64 B-23","Cundinamarca","4.697885,-74.1263","N"
"EFECTY ENGATIVA CRA 111 C","ACB177426","Cr 111 C # 70-11","Cundinamarca","4.70802,-74.129986","N"
"EFECTY ALFONSO LOPEZ CLL 90 SUR","ACB277098","Cl 90 Sur # 6 B-08 Este","Cundinamarca","4.499713,-74.10238","N"
"MULTIPAGAS","ACB197017","Av. Calle 26 # 85d-21","Cundinamarca","4.677109,-74.11876","N"
"EFECTY VILLAS DEL DORADO","ACB074774","Cr 110 # 68 B-45","Cundinamarca","4.704392,-74.128203","N"
"CONEXRED","ACB300165","Carrera 6 F Este 97 F 444  Sur Barrio Al","Cundinamarca","4.493614,-74.102558","N"
"EFECTY RESTREPO CLL 17 SUR","ACB274271","Cl 17 Sur 17-44 Lc 8-9","Cundinamarca","4.585333,-74.100444","N"
"MULTIPAGAS","ACB271937","Avenida El Dorado  92   32","Cundinamarca","4.684337,-74.120562","N"
"GIROS Y FINANZAS METRO 20 DE JULIO","ACB024812","Cr 10 # 30b-20 Sur Piso 2","Cundinamarca","4.569964,-74.099319","N"
"EFECTY GUACAMAYAS","ACB178197","Cl 37 A Bis Sur # 2g-45 Ps 1","Cundinamarca","4.558186,-74.098888","N"
"EFECTY SERVIENTREGA AV 6 DIREC GENERAL","ACB071748","Av 6 # 34a-45","Cundinamarca","4.610358,-74.10299","N"
"EFECTY VIÑA DEL MAR","ACB153358","Cr 105 # 64 F-22","Cundinamarca","4.69775,-74.124797","N"
"EFECTY RESTREPO CALLE 15","ACB074608","Cl 15 Sur # 18-63","Cundinamarca","4.586891,-74.100049","N"
"EFECTY SOCIEGO KRA 27 SUR","ACB169090","Cl 27 Sur # 10 B-06","Cundinamarca","4.572968,-74.098967","N"
"EFECTY ESTACION COMUNEROS CLLE 3","ACB151422","Ac 3 # 30a-40 Santa Isabel","Cundinamarca","4.604189,-74.101748","N"
"EFECTY","ACB352283","Calle 15 Sur 18 40","Cundinamarca","4.586836,-74.099812","N"
"RESTREPO CENTRO","ACB065710","Calle 15 1760","Cundinamarca","4.586438,-74.099379","N"
"BANCAMIA FONTIBON","ACB062223","Cl 17 No 100  16","Cundinamarca","4.62986,-74.10534","N"
"ACCIONES Y VALORES OLIMPICA RESTREPO","ACB060210","Cl 16 Sur No 16 43","Cundinamarca","4.585104,-74.0991","N"
"ACCIONES Y VALORES HOMECENTER EL DORADO","ACB060364","Cl 50 No 82 55","Cundinamarca","4.678563,-74.117322","N"
"EFECTY AV CARACAS CALLE 17 SUR","ACB170528","Cl 17 Sur # 14-20","Cundinamarca","4.583664,-74.098883","N"
"CONEXRED","ACB278934","Calle 70  108 A 12 Barrio Engativa","Cundinamarca","4.70599,-74.126483","N"
"EFECTY UNIR II","ACB169627","Cr 120 # 76 A-25","Cundinamarca","4.720369,-74.132048","N"
"EFECTY SERVIENTREGA MODELIA","ACB072112","Cr 77a # 44a-07","Cundinamarca","4.673631,-74.115131","N"
"EFECTY","ACB167472","Calle 24 68c 86","Cundinamarca","4.654336,-74.10969","N"
"EFECTY","ACB273719","Carrera 31 C  5 B  28","Cundinamarca","4.607895,-74.100756","N"
"EFECTY C.C 2000 CR 37","ACB323485","Cl 10 # 37 61 Local 2015","Cundinamarca","4.616207,-74.101947","N"
"EFECTY 20 DE JULIO CALLE 27 SUR","ACB325872","Cl 27 # 9-28 Sur","Cundinamarca","4.57167,-74.097326","N"
"EFECTY INVER VARGAS CC RONDA DEL RIO","ACB303025","Cl 78 B # 120 A-56 Lc 1-03","Cundinamarca","4.725188,-74.13364","N"
"EFECTY VILLA DE LOS ALPES CLLE 32 SUR","ACB178098","Cr 3 C # 32 Sur-02 Villa De Los Alpes","Cundinamarca","4.562318,-74.096657","N"
"EFECTY SAN ANDRESITO CRA 38","ACB076655","Cl 9 # 36 03 Local 164","Cundinamarca","4.614381,-74.101218","N"
"MULTIPAGAS","ACB271904","Calle 9  37 A   62","Cundinamarca","4.61591,-74.101443","N"
"EFECTY BOSQUES DE MARIANA","ACB173840","Cl 70b # 107b-28","Cundinamarca","4.706399,-74.125294","N"
"EFECTY BOSQUES DE MARIANA III","ACB278297","Cr 110 # 70 G-24","Cundinamarca","4.708543,-74.12607","N"
"EFECTY LA COLMENA CRA 2 ESTE SUR","ACB274336","Cr 2 Este # 40 A-18 Sur","Cundinamarca","4.551153,-74.095868","N"
"EFECTY BATALLON PM 13","ACB075072","Cr 50 # 18 06 Tienda Del Soldado","Cundinamarca","4.6316,-74.103551","N"
"CONEXRED","ACB300682","Carrera  69  24c 78","Cundinamarca","4.656696,-74.10887","N"
"EFECTY CIUDAD JARDIN CALLE 17 SUR","ACB325883","Cl 17 Sur # 12a-28","Cundinamarca","4.581442,-74.096124","N"
"EFECTY","ACB354186","Calle 17 Sur No 12a 28","Cundinamarca","4.581441,-74.095992","N"
"EFECTY SOCIEGO SUR - COMPENSAR CRA 10","ACB191527","Av Primera De Mayo # 10-73 Local 1","Cundinamarca","4.576189,-74.095404","N"
"EFECTY 20 DE JULIO IGLESIA","ACB076138","Cr 5 A # 27-18 Sur","Cundinamarca","4.568728,-74.094677","N"
"EFECTY PENSILVANIA CR 32","ACB195147","Cr 32 N 7-96 Local 201","Cundinamarca","4.610132,-74.098359","N"
"EFECTY EXPRESS DIMONEX CR 38","ACB194081","Cr 38 N 12 A-47 Local 115","Cundinamarca","4.61935,-74.099729","N"
"EFECTY GORGONZOLA KRA 38","ACB151279","Cr 38 # 12 A-47 Local 116","Cundinamarca","4.61935,-74.099729","N"
"EFECTY CRA 8 SUR","ACB277043","Cr 8 # 22-68 Sur","Cundinamarca","4.572519,-74.094598","N"
"EFECTY SANTA ISABEL CARRERA 27","ACB074675","Cr 27 # 4-36","Cundinamarca","4.602061,-74.09718","N"
"EFECTY VILLAS DE GRANADA PRINCIPAL","ACB074554","Cl 72f # 111-06","Cundinamarca","4.713133,-74.125678","N"
"EFECTY TIERRA GRATA CL 68 B","ACB162905","Cl 68 B # 99-63","Cundinamarca","4.698743,-74.120133","N"
"EFECTY ENGATIVA CRA 110","ACB273708","Cr 110 # 72-38","Cundinamarca","4.710844,-74.124687","N"
"EFECTY SALITRE CRA 69","ACB164446","Cr 69 # 25b 44 Lc 102a","Cundinamarca","4.657541,-74.107246","N"
"REDY 20 DE JULIO","ACB363283","Carrera 7 No 24   22 Sur","Cundinamarca","4.571132,-74.094017","N"
"EFECTY PLAZUELAS DEL VIRREY II","ACB165777","Cr 105 F # 70 C -13","Cundinamarca","4.705287,-74.121928","N"
"CONEXRED","ACB303102","Carrera 6 24a Sur 36","Cundinamarca","4.570708,-74.093569","N"
"EFECTY VERGEL CRA 24 II","ACB277285","Cr 24 # 2-19 Local 2","Cundinamarca","4.597537,-74.095599","N"
"EFECTY VILLA AMALIA","ACB170474","Av Cl 72 # 107-15","Cundinamarca","4.708622,-74.122669","N"
"EFECTY EXPRESS VILLA DEL MAR CR. 102","ACB320679","Cr 102 # 70-50 Casa 130","Cundinamarca","4.702615,-74.120111","N"
"DON PAGO","ACB322253","Cr 10  30 B 20   Sur","Cundinamarca","4.574758,-74.093196","N"
"EFECTY CARMEN DE APICALA CRA 8","ACB171640","Cl 4 # 8 -56 Lc 1","Tolima","4.14798,-74.720749","N"
"EFECTY VERAGUAS KRA 27","ACB151938","Av Cl 6 # 27-07","Cundinamarca","4.604419,-74.095694","N"
"EFECTY DIMONEX CL 4","ACB195004","Cl 4 # 6 -47","Tolima","4.148414,-74.721966","N"
"EFECTY PENSILVANIA CR 31","ACB076600","Cr 31a # 9-99","Cundinamarca","4.6114,-74.096559","N"
"EFECTY C COMERCIAL CIPRES","ACB323056","Ak 50-22-41","Cundinamarca","4.6361,-74.100653","N"
"EFECTY LA VICTORIA","ACB072882","Cr 4 Este # 36k-28 Sur","Cundinamarca","4.554444,-74.091873","N"
"EFECTY GRAN GRANADA CRA 114A","ACB191703","Cr 114a # 77-31","Cundinamarca","4.719096,-74.125901","N"
"EFECTY LA VICTORIA PARQUE PRINCIPAL II","ACB178230","Cl 39 A Sur # 5-44 Este","Cundinamarca","4.551103,-74.091722","N"
"EFECTY LA GLORIA DIAGONAL 43 SUR","ACB272873","Dg 43 Sur # 6 B -30 Este","Cundinamarca","4.545796,-74.09135","N"
"EFECTY SANTA RITA CRA 10 ESTE","ACB277582","Cr 10 Este 52-50 Sur","Cundinamarca","4.538425,-74.091149","N"
"ACCIONES Y VALORES EXITO 20 DE JULIO","ACB060111","Cl 21 No 5 A 34 Sur Exito 20 De Julio","Cundinamarca","4.572385,-74.091577","N"
"CONEXRED","ACB300011","Carrera 116 77b 41","Cundinamarca","4.721608,-74.126034","N"
"EFECTY SAN ANTONIO SUR","ACB075401","Cr 15 # 3-12 Sur","Cundinamarca","4.590584,-74.092867","N"
"EFECTY NORMANDIA CLL 53 II","ACB277867","Cl 53 # 74 A-24","Cundinamarca","4.675292,-74.109149","N"
"EFECTY RICAURTE","ACB073234","Cr 28 # 8-06","Cundinamarca","4.607352,-74.094518","N"
"EFECTY NORMANDIA CLL 51 CON 70D","ACB278253","Cl 51 # 70 D- 16","Cundinamarca","4.667581,-74.106767","N"
"EFECTY 20 DE JULIO EXITO","ACB074213","Cl 20 N # 5a-18 Sur","Cundinamarca","4.572506,-74.091197","N"
"ACCIONES Y VALORES EXITO GRAN","ACB063103","Cl 26 No 62 47 Lc 102b","Cundinamarca","4.647656,-74.101625","N"
"CONEXRED","ACB279485","Avenida 53  73 A 78","Cundinamarca","4.674891,-74.108724","N"
"EFECTY","ACB352294","Ac 3  20a   65 Lc 8","Cundinamarca","4.598064,-74.09312","N"
"EFECTY JUAN REY","ACB133305","Cr 14 Este # 73 A-31 Sur","Cundinamarca","4.51727,-74.091419","N"
"EFECTY","ACB073421","Calle 57 A No 79 A  26","Cundinamarca","4.679288,-74.109603","N"
"EFECTY EXPRESS DIMONEX ALAMOS NORTE","ACB320459","Cr 103 # 72-09","Cundinamarca","4.705561,-74.118249","N"
"CONEXRED","ACB300187","Carrera 112a 77c 20","Cundinamarca","4.717233,-74.122685","N"
"MULTIPAGAS","ACB199152","Calle 26 67 47","Cundinamarca","4.648799,-74.100729","N"
"EFECTY CALLE 22 A SUR","ACB301034","Cl 22 A Sur # 3-52","Cundinamarca","4.570806,-74.089865","N"
"EFECTY DIVER ALAMOS CR 101 2","ACB190339","Cr 101 # 71 C-93","Cundinamarca","4.704255,-74.11733","N"
"EFECTY CUR COMPENSAR","ACB076688","Cl 49a # 69a-15 P1","Cundinamarca","4.662074,-74.103811","N"
"EFECTY SEVILLA","ACB177723","Cl 3 Sur # 13-19","Cundinamarca","4.589031,-74.090799","N"
"EFECTY","ACB358179","Cra 10 No 12 80","Cundinamarca","4.604364,-74.09226","N"
"CONEXRED","ACB303157","Carrera 24  2  297","Cundinamarca","4.604217,-74.092231","N"
"ACCIONES Y VALORES EXITO ALAMOS","ACB065435","Tr 96 70a 85 Lc 0207 Interior Exito","Cundinamarca","4.700947,-74.115407","N"
"EFECTY NORMANDIA CRA 71 C","ACB326093","Cl 53 A # 71c-20 Local 4","Cundinamarca","4.671338,-74.105655","N"
"CONEXRED","ACB309922","Carrera 100 72 4","Cundinamarca","4.703816,-74.116104","N"
"MULTIPAGAS","ACB197479","Carrera 28 # 11-21","Cundinamarca","4.610297,-74.092421","N"
"EFECTY","ACB358157","Cra 15  26d 05","Cundinamarca","4.529896,-74.088521","N"
"EFECTY LA GLORIA 1","ACB129973","Dg 45c Sur # 11-56 Este","Cundinamarca","4.543369,-74.088064","N"
"EFECTY EXPRESS EFECTY TORRE CAMPO","ACB305445","Cl 65 B # 86-86","Cundinamarca","4.689321,-74.11059","N"
"EFECTY C.C. RICAURTE 2","ACB169748","Cr 28 # 11-67","Cundinamarca","4.61062,-74.092099","N"
"GIROS Y FINANZAS C.C. DIVER PLAZA","ACB026034","Trans. 99 # 70a89 L-2254","Cundinamarca","4.700497,-74.114368","N"
"EFECTY CALLE 53 CON 70_","ACB326059","Cl 53 # 70-18 Local 102","Cundinamarca","4.668526,-74.103967","N"
"EFECTY GARCES NAVAS B CRA 104","ACB320558","Cr 104 # 75 D-25 Lc 101","Cundinamarca","4.709246,-74.117252","N"
"EFECTY","ACB358201","Calle 2b Bis No 53c 10","Cundinamarca","4.695878,-74.112293","N"
"EFECTY SERVIENTREGA AV CL SEXTA CON 19","ACB072332","Av 6 # 19 A-46","Cundinamarca","4.601285,-74.090428","N"
"EFECTY VILLAS DE GRANADA EXITO","ACB154711","Cl 79 N # 113 A-22","Cundinamarca","4.720605,-74.121707","N"
"EFECTY FLORIDA BLANCA CR 89","ACB173730","Cl 68 A N. 89-39","Cundinamarca","4.692872,-74.111162","N"
"EFECTY GARCES NAVAS ORIENTAL-","ACB302871","Tv 106 # 77 B-16","Cundinamarca","4.712047,-74.118164","N"
"EFECTY SAN ANDRESITO CRA 23 II","ACB272664","Cr 23 # 8-82","Cundinamarca","4.60537,-74.09073","N"
"EFECTY GARCES NAVAS CRA 109","ACB173817","Cr 109 # 78 B-03","Cundinamarca","4.714943,-74.119131","N"
"EFECTY EDUARDO SANTOS DG 4A","ACB273434","Dg 4a # 18a-08","Cundinamarca","4.5974,-74.089589","N"
"EFECTY QUINTAPAREDES CLL 22B II","ACB151246","Av De La Esperanza # 44a-86 Lc 107","Cundinamarca","4.634427,-74.095158","N"
"EFECTY REPUBLICA DE CANADA DG 50 SUR","ACB301133","Dg 50 S # 14 A-07 Este","Cundinamarca","4.53509,-74.086798","N"
"EFECTY EXPRESS GARCES NAVAS CRA. 110","ACB326169","Cr 110 # 78 F-04","Cundinamarca","4.715777,-74.118882","N"
"EFECTY","ACB357893","Calle 79 112 A 18 Local 102","Cundinamarca","4.719216,-74.120201","N"
"MULTIPAGAS","ACB271948","Carrera 21  8   42","Cundinamarca","4.604351,-74.089882","N"
"CONEXRED","ACB279595","Calle 9 Sur  8 07 Barrio Narino Sur","Cundinamarca","4.581711,-74.087563","N"
"EFECTY","ACB357826","Cra 19 D Sur 61 10","Cundinamarca","4.600403,-74.089328","N"
"EFECTY VILLA LUZ","ACB072705","Cr 77 A # 64f-18","Cundinamarca","4.68242,-74.106507","N"
"MULTIPAGAS","ACB271915","Carrera 21  9   05","Cundinamarca","4.604925,-74.089409","N"
"EFECTY C.C. PUERTA GRANDE CLL11","ACB154733","Cl 10 # 22 14 En 6 Lc C 132 B","Cundinamarca","4.606446,-74.089598","N"
"EFECTY NARIÑO SUR","ACB073092","Cr 8 # 8-34 Sur","Cundinamarca","4.581897,-74.086951","N"
"EFECTY","ACB352360","Kra 32 17b 04 Lc 1030","Cundinamarca","4.618189,-74.090899","N"
"EFECTY SAN JAVIER","ACB178296","Cr 7 # 10-42 Sur","Cundinamarca","4.579182,-74.086409","N"
"EFECTY SABANA CALLE 12","ACB153501","Cr 24 # 12-00","Cundinamarca","4.608712,-74.089099","N"
"EFECTY LA CABAÑA","ACB178450","Cr 71c # 63a-16 Local 2","Cundinamarca","4.674276,-74.10295","N"
"EFECTY ESTANZUELA","ACB073223","Cr 18 # 6-75","Cundinamarca","4.599758,-74.087898","N"
"CONEXRED","ACB198470","Av Cra 9 Este   36g  21 Sur Brr La Y","Cundinamarca","4.55331,-74.084866","N"
"EFECTY EL REAL CALLE 64 F","ACB304082","Cl 64 F # 74 A-39","Cundinamarca","4.680365,-74.104439","N"
"EFECTY CIUDADELA COLSUBSIDIO CALLE 80A","ACB169056","Cl 80a # 112-29 Lc 16","Cundinamarca","4.720496,-74.118864","N"
"EFECTY ENVIOS Y CORRESPOND CENTRAL LAGOS","ACB277504","Cr 3 Casa 3 Barrio Brasilia","Narino","1.262895,-77.515157","N"
"EFECTY BARRIO. OBRERO","ACB274204","Cr 4 # 07-60 Brr Obrero","Narino","1.284611,-77.471295","N"
"EFECTY BARRIO OBRERO","ACB112021","Cl 7 # 04-19","Narino","1.284817,-77.471293","N"
"EFECTY EXPRESS DIMONEX BARRIO GOLGOTA I","ACB273049","Cr 4 # 3-49","Narino","1.350693,-77.523871","N"
"EFECTY LINARES","ACB170726","Cr 5 # 4-29","Narino","1.350693,-77.523871","N"
"EFECTY ISCUANDE CALLE DEL COMERCIO","ACB113066","Cl Comercio- Sta Barbara","Narino","1.280727,-77.419273","N"
"EFECTY SAMANIEGO AV SHUMACHER","ACB175491","Cl 7 4-01 Av Shumacher","Narino","1.336289,-77.59183","N"
"EFECTY","ACB357969","Corregimiento Tunja Sector","Narino","1.298791,-77.409268","N"
"EFECTY LA FLORIDA..","ACB175468","Cl 3 # 3-34","Narino","1.299045,-77.405641","N"
"EFECTY LAUREANO GOMEZ","ACB113275","Plaza Santa Fe # 6-06","Narino","1.132008,-77.549075","N"
"EFECTY YACUANQUER BR. MERCEDES","ACB271487","Brr. Mercedes Frente Policia","Narino","1.116046,-77.402351","N"
"EFECTY YACUANQUER","ACB177888","Cl 4 # 2-81","Narino","1.113803,-77.403944","N"
"MOVISTAR","ACB071177","Calle 14 14 39","Antioquia","1.088868,-77.61917","N"
"EFECTY TUQUERRES CALLE 19 NO 14","ACB136902","Cl 19 # 14-31","Narino","1.086941,-77.618154","N"
"EFECTY TUQUERRES BARRIO CENTRO","ACB175501","Cl 19 # 13-53","Narino","1.086537,-77.618678","N"
"EFECTY MALU EL PEÑOL","ACB324190","Brr Puertas Del Sol","Narino","1.45398,-77.439133","N"
"EFECTY EL PEÑOL","ACB179110","Barrio Siloe Centro De El Peñol","Narino","1.45398,-77.439133","N"
"EFECTY TANGUA","ACB128411","Cr 4 # 6-28","Narino","1.094645,-77.393804","N"
"EFECTY ALTOS DE LA COLINA","ACB274040","Mz 40 Casa 11 Brr Altos De La Colina","Narino","1.226852,-77.295249","N"
"EFECTY DIMONEX VALENTINA CHAVES","ACB302035","Mz 2 Casa 10 Barrio Tamasagra 1","Narino","1.204046,-77.29582","N"
"EFECTY CORAZON DE MARIA","ACB306523","Cl 5 # 33 -27 Br San Vicente","Narino","1.214289,-77.292801","N"
"EFECTY DROGUERIA TAMASAGRA","ACB321681","Mz 5 Casa 18 Tamasagra Ii","Narino","1.201611,-77.295385","N"
"EFECTY SAN VICENTE JJ","ACB306293","Cr 34 # 7-12","Narino","1.215419,-77.291675","N"
"EFECTY PASTO AVENIDA PANAMERICANA","ACB159761","Cl 2 # 33-03","Narino","1.210942,-77.292255","N"
"EFECTY","ACB351754","Carrera 42  16a  65","Narino","1.2238,-77.28925","N"
"EFECTY VARIEDADES DOÑA AURA","ACB306491","Cr 36 # 11-19 Barrio La Castellana","Narino","1.216917,-77.289781","N"
"CONEXRED","ACB307492","Carrera 5  Barrio Benavides Guerrero","Narino","1.492678,-77.521605","N"
"MULTIPAGAS","ACB197545","Calle 11 #34-78","Narino","1.215824,-77.288864","N"
"EFECTY SECTOR HOSPITAL SAN PEDRO","ACB175424","Cl 16 # 37-07","Narino","1.221364,-77.287757","N"
"EFECTY BARRIO TAMASAGRA I","ACB271498","Mz 30 Casa 9","Narino","1.20166,-77.292078","N"
"EFECTY PASTO SAN IGNACIO","ACB170715","Cr 32 # 10-29","Narino","1.214459,-77.287619","N"
"EFECTY EXPRESS EFECTY FARMACIA LA AURORA","ACB324772","Cl 10 # 30a- 24","Narino","1.214111,-77.287596","N"
"EFECTY SOTOMAYOR","ACB175457","Cl Bolivar Casa 487","Narino","1.494335,-77.521458","N"
"EFECTY DROGUERIA DANNI","ACB324761","Cr 24 A # 4-06 Barrio San Jose Obrero","Narino","1.210194,-77.288331","N"
"EFECTY BARRIO LA AURORA","ACB166019","Cl 13 # 32-55","Narino","1.216849,-77.286042","N"
"EFECTY BARRIO SUMATAMBO","ACB176591","Mz 15 Casa 1 Barrio Sumatambo","Narino","1.204289,-77.28888","N"
"EFECTY UNIVERSIDAD MARIANA","ACB137255","Cl 18 # 34-45 B Maridiaz","Narino","1.223193,-77.283832","N"
"EFECTY SAN IGNACIO CLUB VIRTUAL PUNTONET","ACB324695","Cr 32 # 15-26","Narino","1.218463,-77.284407","N"
"ACCIONES Y VALORES OFICINA EXITO PASTO","ACB065314","Cr 22b 2 57 Lc 114 Exito Panamericana","Narino","1.207079,-77.286643","N"
"EFECTY CENTRO COMERCIAL BOMBONA","ACB133756","Cl 14 # 29-11 Lc 1","Narino","1.216742,-77.284335","N"
"EFECTY AVENIDA DE LOS ESTUDIANTES","ACB175413","Cl 20 # 35-15 Local 2","Narino","1.225873,-77.282207","N"
"EFECTY","ACB356474","Carrera 3 A  3 16 Correg De Jongovito","Narino","1.190461,-77.290118","N"
"EFECTY BARRIO CARACHA PLUS","ACB321669","Cr 22b # 5-10","Narino","1.206771,-77.28548","N"
"MULTIPAGAS","ACB196621","Carrera 22 #6-61","Narino","1.20679,-77.284413","N"
"EFECTY CENT VARIEDADES Y PAPELERIA VARU","ACB307601","Cl 14 # 25-25","Narino","1.213537,-77.282482","N"
"EFECTY CENTRO CRA 24","ACB304389","Cr 24 # 13-36 Barrio Centro","Narino","1.212336,-77.282455","N"
"EFECTY WEBXPRESS CAFE PARQUE INFANTIL","ACB307623","Cr 30 # 18-17","Narino","1.219378,-77.280803","N"
"EFECTY COMUNICACIONES SYCO","ACB324750","Cr 22 B # 11-23 Av Boyaca","Narino","1.208968,-77.282794","N"
"EFECTY RECAUDOS Y SOLUCIONES LA CUADRAS","ACB306314","Cl 20 # 31-08","Narino","1.220807,-77.279479","N"
"EFECTY EXPRESS EFECTY VALLE DE ATRIZ","ACB324013","C.c. Valle De Atriz Lc 234","Narino","1.203767,-77.283091","N"
"EFECTY","ACB357640","Cra 13  5 05 Nueva Colombia","Narino","1.1994,-77.28366","N"
"GIROS Y FINANZAS PASTO","ACB020467","Cr 26 # 17-12 L-128 Y 129 C.c El Liceo","Narino","1.215308,-77.279799","N"
"EFECTY PASTO CALLE19","ACB191857","Cl 19 # 27-33 Lc 3","Narino","1.217232,-77.279037","N"
"EFECTY KAREN PAPELERIA Y VARIEDADES","ACB324783","Cr 24 # 16-54 Lc 205 Centro","Narino","1.213683,-77.279566","N"
"EXITO CENTRO PASTO","ACB066074","Calle 18 No 26  40 Local 206a","Narino","1.216022,-77.278988","N"
"CONEXRED","ACB275634","Carrera 23  16  46 Barrio Centro","Narino","1.2126,-77.279609","N"
"EFECTY CENTRO PLAZA NARIÑO","ACB272608","Cl 18 # 24-07","Narino","1.214108,-77.2787","N"
"MULTIPAGAS","ACB196643","Calle 19 #25-77","Narino","1.215794,-77.278338","N"
"EFECTY NUEVA COLOMBIA","ACB177129","Cr 13 # 4-55","Narino","1.198572,-77.28215","N"
"EFECTY","ACB351611","Manzana M Casa 1 Barrio Granada 4","Narino","1.19685,-77.28252","N"
"EFECTY DROGUERIA NIZA 1","ACB323946","Mz E Casa 6 Barrio Niza 1","Narino","1.200361,-77.281385","N"
"EFECTY PASTO CENTRO CALLE 20.","ACB169276","Cl 20 # 25-10","Narino","1.215792,-77.277349","N"
"EFECTY LAS AMERICAS","ACB116959","Cr 19 # 14-21","Narino","1.207584,-77.278748","N"
"EFECTY MULTIPAG Y SERVI COMPLEJ BANCARIO","ACB277317","Cr 21b # 18-33","Narino","1.211944,-77.277563","N"
"EFECTY ASERVIS PASTO","ACB277131","Cr 7 # 7-13","Narino","1.19675,-77.281113","N"
"EFECTY CENTRO DE FARMACIA LA 21","ACB277526","Cl 21 # 24-56 Local 1","Narino","1.215442,-77.276155","N"
"EFECTY PLAZA CARNAVAL","ACB122107","Cr 20 # 18 34","Narino","1.209818,-77.276377","N"
"CONEXRED","ACB307502","Carrera 19b  18  24","Narino","1.209498,-77.276353","N"
"EFECTY","ACB307634","Manzana 17 Casa 2 Nueva Aranda","Narino","1.22914,-77.272582","N"
"EFECTY VARIEDADES DIOMY","ACB324749","Cl 19 # 18 40 Lc 3 Ed Portal Del Prado","Narino","1.208543,-77.27521","N"
"EFECTY BARRIO CHAMPAGNAT","ACB191473","Cl 14 # 13 A-07","Narino","1.202185,-77.27635","N"
"EFECTY EMAS","ACB307612","Cr 24 # 24-23","Narino","1.216496,-77.273057","N"
"EFECTY FATIMA II","ACB175392","Cl 17 # 13-76","Narino","1.203783,-77.274932","N"
"EFECTY BARRIO NAVARRETE","ACB302013","Cr 16 # 19-40 Local 3","Narino","1.206835,-77.274145","N"
"EFECTY PASTO EL PILAR","ACB166152","Cr 4 # 12 A 20","Narino","1.1927,-77.277863","N"
"EFECTY","ACB353097","Cr 24  26 54 Lc 205 Centro","Narino","1.215592,-77.270984","N"
"EFECTY DIMONEX TIENDA ANNY","ACB324794","Mz D Casa 28 Rincon De Pasto","Narino","1.23297,-77.268115","N"
"EFECTY AV. COLOMBIA BATALLON","ACB079658","Cl 22 # 15-25 Av Colombia","Narino","1.207425,-77.271943","N"
"EFECTY BARRIO CORAZON DE JESUS","ACB179121","Mz 18 Casa 8","Narino","1.228281,-77.266871","N"
"EFECTY FARMACRISTI","ACB302024","Mz 33 Casa 9 B.corazon De Jesus","Narino","1.222637,-77.267371","N"
"EFECTY CHAMBU II","ACB176579","Mz 27 Casa 9 Br Chambu Ii","Narino","1.190266,-77.274162","N"
"EFECTY PASTO TERMINAL","ACB114737","Cr 6 # 16 B-50 Lc 120","Narino","1.198436,-77.269977","N"
"EFECTY AV. IDEMA CALLE 18","ACB307591","Cl 18a # 6-90","Narino","1.2008,-77.269204","N"
"EFECTY DIGITAL TERMINAL","ACB307580","Terminal De Transporte Piso 2 Local 235","Narino","1.198591,-77.269153","N"
"EFECTY PASTO HOSPITAL DEPARTAMENTAL","ACB175370","Cl 21 # 6-77","Narino","1.203668,-77.267158","N"
"A Y V OFICINA ALKOSTO BOLIVAR","ACB065248","Cl 22 No 6 28","Narino","1.20624,-77.26629","N"
"EFECTY PASTO BARRIO MIRAFLORES I","ACB321724","Dg 16c # 1e-55 B.miraflores","Narino","1.194125,-77.266935","N"
"EFECTY BARRIO LA CAROLINA","ACB194883","Cr 2 # 24 A 34","Narino","1.211432,-77.262594","N"
"EFECTY","ACB351776","Diagonal 17 Nro 3e 48","Narino","1.19484,-77.26642","N"
"EFECTY TU PAGO EXPRESS","ACB324716","Cr 3a 18b 05 Etapa 1 Barrio El Tejar","Narino","1.199239,-77.264602","N"
"EFECTY CYBERT GAME","ACB321670","Cl 17 4e 82 Barrio Lorenzo De Aldana","Narino","1.196248,-77.264095","N"
"EFECTY HELENA DETALLES","ACB307579","Cr 6e # 16a -76 Barrio Lorenzo De Aldana","Narino","1.195784,-77.263415","N"
"GIROS Y FINANZAS ÚNICO","ACB025297","Cl 22 6-61 L-54","Narino","1.205996,-77.260685","N"
"EFECTY LA CASA DE LA VARIEDAD","ACB324727","Cl 19 A 01 A 03 Barrio El Tejar","Narino","1.199494,-77.262146","N"
"EFECTY","ACB353031","Cl 19 A 01 A 03 Barrio El Tejar","Narino","1.199466,-77.262023","N"
"EFECTY INTERCELL JH","ACB324189","Mz B Casa 7 Barrio El Porvenir","Narino","1.191217,-77.263672","N"
"EFECTY BARRIO SANTA BARBARA","ACB194344","Cr 3a Con Cl 21 C # 21 B 122","Narino","1.203292,-77.259911","N"
"EFECTY TITAN MOVIL","ACB274039","Cl 20a # 2e-31 Br Santafe 1","Narino","1.200588,-77.26038","N"
"EFECTY","ACB351699","Carrera 5e  21 B7 Barrio Santa Barbara","Narino","1.20209,-77.25898","N"
"EFECTY","ACB355109","Mz I Cs 35","Narino","1.203728,-77.25687","N"
"EFECTY STAMONICA FARMA BIENEST MINIMARKE","ACB324738","Cl 21e # 9 Este 35 L-3 Condo. Sta Monica","Narino","1.205035,-77.255242","N"
"EFECTY EL COMBO LATINO","ACB321713","Mz A Casa 19 Piso 1 Barrio Caicedonia","Narino","1.205272,-77.252818","N"
"EFECTY","ACB302596","Calle 21  12 29","Narino","1.203192,-77.252012","N"
"EFECTY FUNES","ACB175479","Cr 5 # 5-19","Narino","1.000909,-77.448926","N"
"EFECTY ARRAYAN CALLE 5","ACB114793","Cl 5 # 9-191","Narino","0.918406,-77.566198","N"
"EFECTY BUESACO","ACB113318","Cr 3 # 6-54","Narino","1.385037,-77.15623","N"
"EFECTY EL REMOLINO NARIÑO","ACB175402","Cr 5 # 5-42 Correg El Remolino","Narino","1.570264,-77.280727","N"
"EFECTY TAMINANGO","ACB120590","Cl 3 # 5-32","Narino","1.570264,-77.280727","N"
"EFECTY CORREGIMIENTO DE SANTAROSA","ACB278769","Cl Principal Del Correg De Santa Rosa","Narino","1.647523,-77.578153","N"
"EFECTY CORREGIMIENTO SIDON","ACB278758","Cl Principal Del Correg De Sidon","Narino","1.647523,-77.578153","N"
"EFECTY CORREGIMIENTO DAMASCO","ACB278770","Cl Principal De Correg De Damasco","Narino","1.64769,-77.578154","N"
"EFECTY CUMBITARA BARRIO VILLAHERMOSA","ACB278066","Cr 4 # 4-09","Narino","1.648582,-77.578991","N"
"EFECTY","ACB356375","Cra 3  7 51 Barrio La Union","Narino","0.87164,-77.642248","N"
"EFECTY SERVYCONT","ACB150212","Cr 4 # 5-74","Narino","0.870908,-77.640053","N"
"EFECTY ALMAFRONTERA MULTISERVICIOS M&M","ACB273193","Cl 3 # 1-75 Sector Centenario","Narino","0.829095,-77.626179","N"
"EFECTY IPIALES AV. PANAMERICANA","ACB194432","Cr 1 Norte # 3 E-330","Narino","0.829244,-77.630077","N"
"EFECTY CORREGIMIENTO BERRUECOS","ACB276855","Cr 3 # 3-10 Brr Piedra De Bolivar","Narino","1.503446,-77.135805","N"
"ACCIONES Y VALORES EXITO IPIALES","ACB065325","Av Panamericana Cl 13 Exito Ipiales","Narino","0.830599,-77.636421","N"
"EFECTY EL TABLON NARIÑO","ACB175347","Cl 4 # 3-29","Narino","1.426638,-77.096621","N"
"EFECTY CENT PAPELERIA LAPICES Y CRAYOLAS","ACB161058","Cl 13 # 3-44","Valle Del Cauca","4.169287,-76.166207","N"
"EFECTY BUGA NORTE CALLE 29","ACB153446","Cr 15 # 29-05","Valle Del Cauca","4.20729,-76.155218","N"
"EFECTY LA BASILICA CRA 19","ACB160574","Cr 19 N. 4-24","Valle Del Cauca","4.20729,-76.155218","N"
"EFECTY MULTISERVICIOS EN LINEA","ACB278329","Cr 16 # 22a-03","Valle Del Cauca","4.20729,-76.155218","N"
"EFECTY PALO BLANCO I","ACB128817","Cr 25# 13a-04","Valle Del Cauca","4.20729,-76.155218","N"
"EFECTY LA MAGDALENA","ACB162411","Cl 3 # 1 A 69 Vda La Magdalena","Valle Del Cauca","4.209034,-76.155983","N"
"EFECTY BUGA SERVICIOS","ACB301638","Cr 1 # 4b-20 Lc 1","Valle Del Cauca","4.208887,-76.155185","N"
"EFECTY SERVY PAGOS BUGALAGRANDE","ACB174719","Cl 5 # 4-45","Valle Del Cauca","4.211194,-76.15631","N"
"EFECTY CALLE 5","ACB111185","Cl 5 # 6-00 Pi Edif Rafael Arias Esq 1","Valle Del Cauca","4.212148,-76.157418","N"
"MULTIPAGAS","ACB196423","Carrera 5 No. 6-45","Valle Del Cauca","4.212276,-76.156125","N"
"EFECTY","ACB357804","Calle 6  9 29","Valle Del Cauca","4.21269,-76.15706","N"
"EFECTY SERVIENTREGA CENTRO CALLE 6 UNO","ACB077711","Cl 6 # 10-38","Valle Del Cauca","4.212828,-76.156993","N"
"EFECTY PARQUE CABAL","ACB170814","Cr 15 # 6-31","Valle Del Cauca","4.214349,-76.16133","N"
"EFECTY REFRIELECTRICOS","ACB320723","Cl 8 # 10-66","Valle Del Cauca","4.215195,-76.156815","N"
"EFECTY TIENDA NANA","ACB279418","Mz C Casa 13 Barrio El Paraiso","Valle Del Cauca","4.111047,-76.199049","N"
"EFECTY","ACB420603","Avda Principal Aguaclara  26 22","Valle Del Cauca","4.106042,-76.195294","N"
"EFECTY EXPRESS DROGAS EL PALMAR LA 24","ACB300659","Cr 24 # 3 B 63","Valle Del Cauca","4.102422,-76.199177","N"
"EFECTY EXPRESS EFECTY BARRIO LA GRACIELA","ACB274325","Cl 9 # 23-03 Local 1 Sobre Tv 12","Valle Del Cauca","4.098941,-76.199808","N"
"EFECTY SAMAN DEL NORTE","ACB174797","Cr 21 # 5 B 32","Valle Del Cauca","4.100472,-76.203649","N"
"EFECTY MORALES CRA 30","ACB174731","Cr 30 # 10-04","Valle Del Cauca","4.094604,-76.189619","N"
"EFECTY SUBLIMADO TERCER MILENIO","ACB308019","Cl 5b # 16-99","Valle Del Cauca","4.101819,-76.207009","N"
"EFECTY MULTISERVICIOS SAN ANTONIO II","ACB325706","Cl 12b # 27c-68","Valle Del Cauca","4.096333,-76.195952","N"
"EFECTY FERRETERIA BARRIO LA CRUZ","ACB302893","Cl 13 E # 49-04 La Santa Cruz","Valle Del Cauca","4.089914,-76.17216","N"
"EFECTY VARIEDADES VALENTINA","ACB325685","Cr 28a # 17-82","Valle Del Cauca","4.092017,-76.193678","N"
"EFECTY SOLUCION A LA MANO","ACB306370","Cl 14 # 22-06","Valle Del Cauca","4.094585,-76.200415","N"
"EFECTY SERVY PAGO LA CAMPIÑA","ACB174764","Cr 22 # 14-75","Valle Del Cauca","4.093985,-76.200214","N"
"ACCIONES Y VALORES OLIMPICA LA CAMPINA","ACB061123","Carrera 14 22","Valle Del Cauca","4.093808,-76.200185","N"
"EFECTY AGROINSUMOS VIA TRES ESQUINAS","ACB325717","Dg 23 # 19-14","Valle Del Cauca","4.097966,-76.208689","N"
"EFECTY MULTISERVICIOS MARACAIBO","ACB305621","Cr 23 # 17-74","Valle Del Cauca","4.0918,-76.198181","N"
"EFECTY TULUA CRA 30","ACB122789","Cr 30 # 21-05","Valle Del Cauca","4.088426,-76.192761","N"
"EFECTY PORVENIR","ACB117334","Tv 12 # 23-66 Norte","Valle Del Cauca","4.092734,-76.205312","N"
"EFECTY","ACB420636","Cra 24  22  30 Local 1","Valle Del Cauca","4.088735,-76.197913","N"
"EFECTY SERVICIOS JUSTO A TIEMPO","ACB322109","Cr 39 # 24-78","Valle Del Cauca","4.084706,-76.186686","N"
"EFECTY PUNTO DIGITAL JS","ACB308008","Cl 23 # 21-04","Valle Del Cauca","4.088339,-76.200187","N"
"EFECTY RELOJES Y PERFUMERIA SEBAS","ACB302376","Cr 27 # 24-19","Valle Del Cauca","4.08663,-76.195659","N"
"EFECTY","ACB357761","Calle 25  26 42","Valle Del Cauca","4.08598,-76.19635","N"
"EFECTY","ACB356407","Calle 26  35 13","Valle Del Cauca","4.083776,-76.189741","N"
"EFECTY SERVY PAGOS LA CANASTA","ACB174786","Cl 25 # 17-05","Valle Del Cauca","4.088249,-76.203142","N"
"EFECTY","ACB356485","Calle 27  35 67","Valle Del Cauca","4.08311,-76.189606","N"
"EFECTY TERMINAL EDS EL PRADO","ACB174775","Cr 20 # 25-41","Valle Del Cauca","4.086639,-76.201465","N"
"GIROS Y FINANZAS TULUÁ MADEIRA","ACB020182","Cl 27 # 30-49 L-110 C.c. Madeira Plaza","Valle Del Cauca","4.083946,-76.194371","N"
"MULTIPAGAS","ACB196984","Carrera 26 No. 26-32","Valle Del Cauca","4.084827,-76.197009","N"
"ACCIONES Y VALORES OFICINA TULUA CENTRO","ACB064137","Carrera 26 37","Valle Del Cauca","4.084698,-76.196901","N"
"EFECTY VARIEDADES EL SOCIO","ACB325696","Cr 3 Oeste # 22-34","Valle Del Cauca","4.093716,-76.215967","N"
"EFECTY SERVY PAGO OFICINA PRINCIPAL","ACB174742","Cr 25 # 26 46","Valle Del Cauca","4.084621,-76.197922","N"
"GIROS Y FINANZAS COMFANDI CENTRO","ACB025044","Cl 26 # 21-54 Int. Comfandi","Valle Del Cauca","4.085492,-76.200268","N"
"GIROS Y FINANZAS TULUÁ MAXICELL","ACB026276","Cr 27 #27 - 45 Local 104","Valle Del Cauca","4.083729,-76.196354","N"
"A Y V OLIMPICA TERMINAL DE TRANSPORTE","ACB060209","Carrera 20 26 27","Valle Del Cauca","4.085053,-76.201411","N"
"EFECTY TULUA CENTRO","ACB110414","Cr 27 # 28-05","Valle Del Cauca","4.083134,-76.196483","N"
"EFECTY BARRIO VICTORIA","ACB179363","Cr 33 # 28 A 49","Valle Del Cauca","4.081601,-76.19237","N"
"REDY TULUA","ACB363294","Carrera 21 No 28   02","Valle Del Cauca","4.084159,-76.201135","N"
"EFECTY BARRIO LA ESPERANZA.","ACB304509","Tv 12 26a-03","Valle Del Cauca","4.087694,-76.20981","N"
"EFECTY SERVICIOS LA 40","ACB322099","Cl 29 # 39-32 Local 3","Valle Del Cauca","4.079153,-76.187841","N"
"EFECTY BARRIO VICTORIA 1","ACB307986","Cr 34 # 31-05","Valle Del Cauca","4.079195,-76.192429","N"
"EFECTY COMUNICACIONES LA 33","ACB325652","Cr 33 # 33-48","Valle Del Cauca","4.078158,-76.19385","N"
"EFECTY","ACB352139","Carrera 40 32   03","Valle Del Cauca","4.076837,-76.188818","N"
"EFECTY CLARO LA 34","ACB325663","Cl 34 # 26-16","Valle Del Cauca","4.078157,-76.198021","N"
"EFECTY LA 14 DE TULUA","ACB274149","Cr 40 # 37-51 Lc A-49a","Valle Del Cauca","4.074083,-76.190581","N"
"ACCIONES Y VALORES HOMECENTER TULUA","ACB065523","Kra 40 No 37  229 Lc 6","Valle Del Cauca","4.071661,-76.190521","N"
"EFECTY BARRIO FATIMA PAGOS J&M","ACB322088","Cl 41 # 33-07","Valle Del Cauca","4.072487,-76.193941","N"
"EFECTY TIENDA AVENIDA CALI","ACB306677","Cr 27 A # 39-97","Valle Del Cauca","4.072632,-76.196494","N"
"EFECTY PAPELERIA VANTEL","ACB307975","Cl 41 A # 23-54","Valle Del Cauca","4.072217,-76.202227","N"
"EFECTY EL PRINCIPE","ACB307964","Cl 41 A # 25-114","Valle Del Cauca","4.070989,-76.199625","N"
"EFECTY RIOFRIO PARQUE","ACB171651","Cr 9 # 5 -72","Valle Del Cauca","4.156033,-76.287514","N"
"EFECTY TELECABINAS LA MARINA.COM","ACB279407","Correg La Marina Frente Al Parque L-101","Valle Del Cauca","4.044938,-76.113945","N"
"EFECTY SERVY CAJA TRUJILLO","ACB174906","Cr 19 20-69","Valle Del Cauca","4.212672,-76.31805","N"
"EFECTY BOLIVAR VALLE","ACB301188","Cl 5 # 2-37","Valle Del Cauca","4.336836,-76.182925","N"
"EFECTY DIMONEX LA TULIA","ACB194519","Cr 4 Cl 4 Esquina Cgto La Tulia","Valle Del Cauca","4.336692,-76.184429","N"
"EFECTY NARANJAL CR 5 NOLO COMUNICACIONES","ACB159871","Cr 5 # 5-41 Correg Naranjal","Valle Del Cauca","4.337949,-76.184989","N"
"EFECTY INVERS ANAIME SAN PEDRO","ACB273115","Cr 4 # 5-37","Valle Del Cauca","3.995571,-76.227473","N"
"EFECTY SERVY PAGO SAN PEDRO","ACB174818","Cr 4 # 3-21","Valle Del Cauca","3.993906,-76.227469","N"
"EFECTY SAN RAFAEL 1","ACB325740","Cl 5 # 7-48 Barrio San Rafael","Valle Del Cauca","4.386924,-76.073432","N"
"EFECTY","ACB174708","Calle 5 Nro 759 De Zarzal","Valle Del Cauca","4.388584,-76.07228","N"
"EFECTY LA NUEVA PAILA","ACB171673","Cr 2 # 1a-66 Correg La Paila","Valle Del Cauca","4.388644,-76.072201","N"
"EFECTY CORREGIMIENTO LA PAILA","ACB322220","Cr 1 # 14-16 Correg La Paila","Valle Del Cauca","4.390815,-76.070794","N"
"MULTIPAGAS","ACB196445","Calle 8 No. 7-57","Valle Del Cauca","4.410481,-76.153939","N"
"EFECTY CARRERA 7","ACB110777","Cl 7 # 7-36","Valle Del Cauca","4.410756,-76.154572","N"
"EFECTY CALLE 8 CR 6 CIBER CAB","ACB154184","Cl 8 Nro6-73","Valle Del Cauca","4.411333,-76.153559","N"
"EFECTY ZARZAL CRA 9 CON CALLE 9","ACB153644","Cr 9 # 9-36","Valle Del Cauca","4.394202,-76.071653","N"
"EFECTY ZARZAL CALLE 9","ACB156427","Cl 9 # 12-11","Valle Del Cauca","4.395439,-76.07353","N"
"EFECTY ROLDANILLO CALLE 8","ACB166525","Cl 8 # 3-44","Valle Del Cauca","4.414319,-76.152965","N"
"EFECTY DIMONEX CALLE 11","ACB126035","Cl 11 # 9 44","Valle Del Cauca","4.395673,-76.07075","N"
"EFECTY CALLE 49","ACB110854","Cl 49 # 50-07","Valle Del Cauca","4.262979,-75.933786","N"
"MOVISTAR","ACB071506","Cl 51 50 16 Local 3 Plaza Principal","Valle Del Cauca","4.264757,-75.93417","N"
"MULTIPAGAS","ACB196490","Carrera 49 No. 49-73","Valle Del Cauca","4.263833,-75.933207","N"
"EFECTY SEVILLA CALLE 53","ACB308031","Cl 53 # 49-11","Valle Del Cauca","4.266248,-75.932896","N"
"EFECTY SEVILLA CRA 51","ACB118225","Cr 51 # 59 -10","Valle Del Cauca","4.271285,-75.934314","N"
"EFECTY","ACB358146","Cra 12  5 01","Valle Del Cauca","3.915139,-76.296584","N"
"EFECTY BUGA CALLE 21 DOS","ACB273753","Cl 21 # 11-35","Valle Del Cauca","3.911016,-76.294635","N"
"EFECTY","ACB274655","Calle 17 11 12 Giros Y Recaudos El Mana","Valle Del Cauca","3.907881,-76.295555","N"
"EFECTY","ACB351523","Cra 15  16 78","Valle Del Cauca","3.908756,-76.299332","N"
"EFECTY","ACB355857","Cra 15  16 78","Valle Del Cauca","3.908756,-76.299332","N"
"EFECTY","ACB358036","Cra 14  15   73","Valle Del Cauca","3.907679,-76.298402","N"
"EFECTY BUGA LA SATELITE DOS","ACB274479","Cr 14 # 15-73","Valle Del Cauca","3.907624,-76.298362","N"
"MULTIPAGAS","ACB196731","Carrera 15 No. 16-76","Valle Del Cauca","3.908155,-76.301227","N"
"EFECTY SERVIENTREGA CR 8 CON 14 EL BOSQU","ACB077700","Cr 8 # 14-02","Valle Del Cauca","3.904266,-76.293751","N"
"EFECTY","ACB351480","Cra 1  8 58","Valle Del Cauca","3.89751,-76.29034","N"
"GIROS Y FINANZAS OLÍMPICA","ACB024713","Cl 7 # 11-93 Int Olímpica","Valle Del Cauca","3.900584,-76.30226","N"
"MULTIPAGAS","ACB196577","Carrera 13 No. 6-67","Valle Del Cauca","3.899541,-76.300719","N"
"MULTIPAGAS","ACB196720","Calle 6 No. 11-75","Valle Del Cauca","3.898696,-76.299978","N"
"ACCIONES Y VALORES OFICINA CEN","ACB063950","Cl 6 No 15  19","Valle Del Cauca","3.899639,-76.302787","N"
"GIROS Y FINANZAS BUGA","ACB020555","Cl 4 # 23-86 L-103 C.c. Buga Plaza","Valle Del Cauca","3.900467,-76.309496","N"
"REDY MERINO","ACB363304","Carrera 4 No 19   24","Valle Del Cauca","3.899183,-76.307114","N"
"EFECTY CAÑAVERAL EL ALBERGUE DOS","ACB279737","Cr 12 Con Cl 8 Sur Lc 18","Valle Del Cauca","3.888486,-76.299733","N"
"EFECTY EL DOVIO CR 8","ACB276691","Cr 8 # 8-45","Valle Del Cauca","4.510371,-76.23766","N"
"EFECTY EL DOVIO","ACB112164","Cr 8 # 7 -15","Valle Del Cauca","4.511292,-76.237563","N"
"EFECTY DIMONEX INTEGRALES LA UNION","ACB161597","Cl 14 # 12-41","Valle Del Cauca","4.530925,-76.101271","N"
"EFECTY CALLE 14 LA UNION","ACB270255","Cl 14 N 16-07","Valle Del Cauca","4.531701,-76.104469","N"
"MULTIPAGAS","ACB196467","Calle 14 No. 15-60","Valle Del Cauca","4.531633,-76.103638","N"
"EFECTY LA UNION VALLE CARRERA 14","ACB110766","Cl 15 # 13-52 Local 102","Valle Del Cauca","4.532063,-76.101944","N"
"CONEXRED","ACB271410","Calle 14 11 16 Brr Belen","Valle Del Cauca","4.530783,-76.094745","N"
"EFECTY LA UNION BARRIO POPULAR","ACB273038","Cl 18 N 14-91","Valle Del Cauca","4.534709,-76.102394","N"
"EFECTY CARRERA 16","ACB111206","Cr 16 # 6-57","Valle Del Cauca","4.330093,-75.829322","N"
"EFECTY YOTOCO PARQUE PPAL","ACB174939","Cr 5 # 4-50","Valle Del Cauca","3.862116,-76.384178","N"
"EFECTY CAICEDONIA CRA 15 CENTRO","ACB156955","Cr 15 # 10-47","Valle Del Cauca","4.333232,-75.829106","N"
"EFECTY GENOVA CRA 11","ACB122624","Cr 11 # 22-00 Esq","Quindio","4.205648,-75.790659","N"
"EFECTY CARRERA 6","ACB111008","Cr 6 # 9-11","Valle Del Cauca","4.523734,-76.035282","N"
"EFECTY DIMONEX HOLGUIN","ACB177097","Cr 6 # 10-04","Valle Del Cauca","4.524512,-76.035041","N"
"EFECTY KENNEDY-CIUDADELA MUNICIPAL","ACB306282","Cl 11 # 8-52","Valle Del Cauca","4.335332,-75.824558","N"
"EFECTY CALIMA DARIEN CALLE 11","ACB160013","Cl 11 5-01","Valle Del Cauca","3.934852,-76.487889","N"
"EFECTY GUACARI CALLE 5","ACB174917","Cl 5 # 5-44","Valle Del Cauca","3.763794,-76.331253","N"
"EFECTY GUACARI VALLE CRA.10","ACB115749","Cr 10 # 5-09","Valle Del Cauca","3.764744,-76.335691","N"
"MULTIPAGAS","ACB197907","Carrera 8 # 4 -12","Valle Del Cauca","3.763511,-76.334027","N"
"EFECTY CORREGIMIENTO SONSO","ACB324091","Cr 4 Cr 3 Sn-160 Correg Sonso","Valle Del Cauca","3.761845,-76.330426","N"
"EFECTY DE TODO GUACARI","ACB306392","Cl 4 # 8-40","Valle Del Cauca","3.762275,-76.335627","N"
"EFECTY DIMONEX INTEGRALES TORO","ACB322077","Cr 2 # 10-58","Valle Del Cauca","4.608132,-76.078871","N"
"EFECTY JJ COMUNICACIONES DE TORO","ACB150081","Cl 9 A # 3-11 Local 2","Valle Del Cauca","4.609146,-76.079988","N"
"EFECTY TORO CENTRO CARRERA 3","ACB125298","Cr 3 # 9-21","Valle Del Cauca","4.609134,-76.07985","N"
"BANCAMIA ANDES","ACB061815","Cl 49 No 50  60","Antioquia","5.655193,-75.878116","N"
"COOPERATIVA FINANCIERA DE ANTIOQUIA","ACB172432","Andes   Jardin","Antioquia","5.655833,-75.8775","N"
"EFECTY ANDES PARQUE PRINCIPAL","ACB115936","Cr 50 48-52","Antioquia","5.654049,-75.877002","N"
"EFECTY JARDIN PARQUE PRINCIPAL","ACB163940","Cl 9 # 3-19 Parque Principal","Antioquia","5.599414,-75.819401","N"
"ACCIONES Y VALORES EXITO LIBERTADOR","ACB061453","Av Del Libertador Kr 20 Esquina Jardin","Magdalena","5.598813,-75.819817","N"
"REDY BETANIA","ACB363227","Carrera 20 No 19   32","Antioquia","5.747531,-75.979581","N"
"COOPERATIVA FINANCIERA DE ANTIOQUIA","ACB172696","Kr 51  49   51","Antioquia","5.799722,-75.907778","N"
"EFECTY TAMESIS CALLE 13","ACB194520","Cl 13 N 14-56","Antioquia","5.664988,-75.716154","N"
"EFECTY CRA 5 ANTIOQUIA","ACB113132","Cr 5 # 7-37","Antioquia","5.790879,-75.786287","N"
"EFECTY TAMESIS VARIEDADES GANE","ACB302354","Cr 11 N 12-53","Antioquia","5.664174,-75.713749","N"
"MULTIPAGAS","ACB197875","Cra 11 # 20-73","Antioquia","5.660623,-75.713493","N"
"COOPERATIVA FINANCIERA DE ANTIOQUIA","ACB172575","Kr  50   49   03","Antioquia","5.849722,-76.021111","N"
"EFECTY CIUDAD BOLIVAR PARQUE PRINCIPAL","ACB111295","Cl 49 # 50-48","Antioquia","5.849937,-76.021446","N"
"EFECTY MALL LA PINTADA","ACB301726","Mall La Pintada","Antioquia","5.743391,-75.60593","N"
"CONEXRED","ACB300417","Avenida 30  30  33 Barrio El Crucero","Antioquia","5.746876,-75.606064","N"
"EFECTY CORREGIMIENTO BONAFONT","ACB274446","Correg Bonafont Plaza Principal","Caldas","5.424247,-75.703337","N"
"EFECTY RIOSUCIO CALLE 7.","ACB302244","Cl 7 # 4-62","Caldas","5.420793,-75.705092","N"
"EFECTY PARQUE CARRERA 6","ACB128587","Cr 6 # 8-10","Caldas","5.420947,-75.703653","N"
"CONEXRED","ACB322297","Carrera 6  6  35","Caldas","5.420406,-75.703932","N"
"BANCAMIA RIOSUCIO","ACB063565","Carrera 7 8 27","Caldas","5.420772,-75.703002","N"
"EFECTY CALLE 10","ACB111833","Cl 10 # 8-55","Caldas","5.420736,-75.701709","N"
"AyV PF SUPIA","ACB067008","Calle 33 No 8  10","Caldas","5.45632,-75.65044","N"
"EFECTY SUPIA CALLE 33","ACB160453","Cr 9 # 32-59","Caldas","5.455747,-75.6509","N"
"EFECTY SUPIA CENTRO","ACB165425","Cr 7 # 31-41","Caldas","5.454855,-75.650009","N"
"EFECTY SUPIA","ACB305171","Cl 28 # 8-15 La Playa","Caldas","5.451863,-75.651196","N"
"COOPERATIVA FINANCIERA DE ANTIOQUIA","ACB172784","Kr  31  28   33","Antioquia","5.963056,-75.979444","N"
"EFECTY CELUPIÑA","ACB156780","Cl 31 N 30-76","Antioquia","5.963544,-75.97876","N"
"EFECTY MARMATO EL LLANO PISO 1","ACB127311","Ve El Llano","Caldas","5.474711,-75.60105","N"
"EFECTY VENECIA PARQUE PRINCIPAL","ACB156878","Cl 50 # 51-18","Antioquia","5.962964,-75.734288","N"
"EFECTY FREDONIA CALLE 50","ACB323209","Cl 50 # 48 -50","Antioquia","5.928333,-75.670819","N"
"EFECTY CALLE PRINCIPAL","ACB111691","Cr 5 9-47","Risaralda","5.31549,-75.80026","N"
"EFECTY CALLE 9","ACB112230","Cl 9 # 9-43","Risaralda","5.338983,-75.731182","N"
"EFECTY CORREGIMIENTO SAN CLEMENTE","ACB194487","Cr 2 # 4-32","Risaralda","5.313245,-75.800216","N"
"EFECTY MISTRATO CRA 6","ACB152676","Cr 6 N0. 6-67","Risaralda","5.29641,-75.882877","N"
"EFECTY MISTRATO CALLE 5","ACB272554","Cl 5 5-44","Risaralda","5.296134,-75.881741","N"
"EFECTY CALLE SALGAR","ACB120271","Cl Salgar # 50-19","Antioquia","5.872423,-75.567677","N"
"CONEXRED","ACB324310","Carrera Santander  48   24","Antioquia","5.874057,-75.56531","N"
"COOPERATIVA FINANCIERA DE ANTIOQUIA","ACB172586","Kr 19  19   22","Antioquia","6.046389,-75.906944","N"
"EFECTY LA MERCED","ACB112922","Cr 6 # 13-26","Caldas","5.39839,-75.547591","N"
"EFECTY AMAGA","ACB114001","Cr 50 # 49-06","Antioquia","6.039297,-75.702909","N"
"AYV REDY AMAGA","ACB067426","Calle 51 No 51   38","Antioquia","6.041053,-75.702937","N"
"REDY AMAGA","ACB363052","Calle 51 No 51   38","Antioquia","6.041053,-75.702937","N"
"EFECTY CALLE 7","ACB111460","Cl 7 # 6-28","Caldas","5.612764,-75.45679","N"
"CONEXRED","ACB303641","Carrera 2e  24a 04 Barrio Galicia","Caldas","5.239184,-75.780814","N"
"EFECTY EL CARMEN","ACB133185","Cr 5 # 16-17","Caldas","5.235377,-75.786106","N"
"EFECTY ANSERMA CRA 4","ACB154283","Cr 4 9-14 Of 202","Caldas","5.230626,-75.787179","N"
"EFECTY PACORA","ACB114308","Cr 3 # 5-41","Caldas","5.528269,-75.459617","N"
"EFECTY PACORA CRA 4","ACB155987","Cr 4 # 7-44","Caldas","5.526326,-75.459565","N"
"EFECTY ANGOSTURA CALLE REAL","ACB179824","Cr 10 # 9-85","Antioquia","6.88516,-75.33539","N"
"EFECTY GUADALUPE CR 50","ACB114023","Cr 50 # 51-29","Antioquia","6.815427,-75.240548","N"
"EFECTY YARUMAL MAS Y MAS","ACB117862","Cl 18 # 22-31","Antioquia","6.960652,-75.417378","N"
"AYV PF YARUMAL","ACB067305","Calle 2a No 1 70","Antioquia","6.962256,-75.416478","N"
"COOPERATIVA FINANCIERA DE ANTIOQUIA","ACB172883","Cl 19    19   25","Antioquia","6.963056,-75.416389","N"
"EFECTY CENTRO SERVIENTREGA","ACB110997","Cr 20 # 21-02","Antioquia","6.963478,-75.418141","N"
"EFECTY CAROLINA DEL PRINCIPE","ACB114034","Cl 50 # 48-80","Antioquia","6.723866,-75.280801","N"
"CONEXRED","ACB309384","Carrera 11 10 81","Antioquia","6.979857,-75.296955","N"
"EFECTY CALDAS CRA.29","ACB114539","Cr 29 # 30 B-24","Antioquia","6.6491,-75.460205","N"
"EFECTY ZONA PLAY GOMEZ PLATA","ACB163764","Cr 50 Norte 51-58","Antioquia","6.681966,-75.219076","N"
"AYV PF SANTA ROSA DE OSOS","ACB066359","Carrera 31 No 30   51 Supermercado 3","Antioquia","6.649434,-75.46145","N"
"EFECTY","ACB358508","Cr 7d  29 11 Brr Ciudad Blanca","Antioquia","6.648652,-75.460898","N"
"CONEXRED","ACB303982","Carrera 30 29 22","Norte De Santander","6.647659,-75.459929","N"
"EFECTY UNIDAD MOVIL ANTIOQUIA","ACB127047","Cr 48 # 78-19","Antioquia","6.646759,-75.460094","N"
"EFECTY SERVIENTREGA","ACB115387","Cl Caldas # 30-35","Antioquia","6.644908,-75.460413","N"
"EFECTY TELECOMUNICACIONES ANTIOQUIA","ACB113264","Cr 22 # 19-80 Bajos Hotel Riachon","Antioquia","6.90753,-75.076134","N"
"EFECTY PARQUE PRINCIPAL","ACB113725","Parque Principal # 28-27","Antioquia","7.075595,-75.148261","N"
"EFECTY ENTRERRIOS COPYNET","ACB194773","Cr 12 N 9-33","Antioquia","6.566529,-75.517101","N"
"COOPERATIVA FINANCIERA DE ANTIOQUIA","ACB172520","Kr 10  9   23","Antioquia","7.111111,-75.551389","N"
"EFECTY DONMATIAS CALLE 29","ACB279605","Cl 29 # 28-22","Antioquia","6.48656,-75.393737","N"
"COOPERATIVA FINANCIERA DE ANTIOQUIA","ACB172618","Cl 29  28   31","Antioquia","6.486111,-75.393611","N"
"REDY DON MATIAS","ACB362952","Calle 29 No 29   05 Parque Ppal","Antioquia","6.486109,-75.394291","N"
"AyV REDY DON MATIAS","ACB067327","Calle 29 No 29   05 Parque Ppal","Antioquia","6.486045,-75.394165","N"
"COOPERATIVA FINANCIERA DE ANTIOQUIA","ACB172465","Cl 15  15   20","Antioquia","6.437692,-75.331486","N"
"EFECTY BARBOSA PARQUE PRINCIPAL","ACB130742","Cr 15 # 13-25 Lc 6","Antioquia","6.437254,-75.331643","N"
"MULTIPAGAS","ACB197864","Cra 15 N 11-36","Antioquia","6.436745,-75.332053","N"
"EFECTY BARBOSA IGLESIA PRINCIPAL","ACB130467","Cr 14 Numero 11 24","Antioquia","6.436149,-75.331621","N"
"EFECTY CALLE COLON","ACB112614","La Av Ferrocarril # 16-72","Antioquia","6.539735,-75.087972","N"
"COOPERATIVA FINANCIERA DE ANTIOQUIA","ACB172564","Kr  20  18   05","Antioquia","6.538333,-75.088889","N"
"EFECTY CALLE BOLIVAR CISNEROS.","ACB308482","Cl Bolivar Contiguo A La Casa Cural","Antioquia","6.5392,-75.086885","N"
"EFECTY PARQUE PRINCIPAL","ACB119754","Cl 16 # 17-14","Antioquia","6.473696,-75.164371","N"
"COOPERATIVA FINANCIERA DE ANTIOQUIA","ACB172816","Cl 50  49 B 14","Antioquia","6.462222,-75.555833","N"
"EFECTY LA RONDA","ACB115486","Dg 19 # 18 B-52 Plaza Principal","Antioquia","6.593451,-75.014614","N"
"EFECTY ANOLAIMA CENTRO","ACB133910","Cl 4 # 4-21","Cundinamarca","4.761547,-74.465394","N"
"EFECTY CARRERA 3","ACB111602","Cr 3 # 2-46","Cundinamarca","4.72966,-74.436698","N"
"CONEXRED","ACB320130","Calle 15  19b  04","Cundinamarca","4.81592,-74.362067","N"
"EFECTY SECTOR PARADEROS","ACB326224","Cr 2 N. 12-10","Cundinamarca","4.814769,-74.359803","N"
"EFECTY","ACB354526","Cra 2 N  12 10","Cundinamarca","4.8148,-74.359717","N"
"EFECTY CENTRO EFECTY PRINCIPAL","ACB121898","Cr 2 # 7-89","Cundinamarca","4.810909,-74.356367","N"
"EFECTY BARRIO LA PAZ CALLE 5","ACB309009","Cl 5 Sur 1-67","Cundinamarca","4.808185,-74.354707","N"
"ACCIONES Y VALORES PF OFICINA FACATATIVA","ACB064797","Kr 2 No 6  96","Cundinamarca","4.810345,-74.35557","N"
"EFECTY FACATATIVA PARQUE PRINCIPAL","ACB122822","Cr 2 # 5-23","Cundinamarca","4.809258,-74.354445","N"
"PAGAFACIL FACATATIVA II","ACB066348","Carrera 5 13 50 Centro Comercial","Cundinamarca","4.817631,-74.358191","N"
"CONEXRED","ACB199525","Cl 6 3 07","Cundinamarca","4.810447,-74.354117","N"
"CONEXRED","ACB278989","Calle 2  1  05 Barrio Centro","Cundinamarca","4.806246,-74.352056","N"
"EFECTY CALLE 8 SECTOR PLAZA DE MERCADO","ACB301506","Cl 8 # 4a-51","Cundinamarca","4.81343,-74.355135","N"
"MULTIPAGAS","ACB278044","Calle 7b N 5 87","Cundinamarca","4.813442,-74.354295","N"
"AYV BANCAMIA FACATATIVA","ACB062191","Carrera 6 No 4   82","Cundinamarca","4.811638,-74.353081","N"
"EFECTY FACA LOS CEREZOS","ACB326235","Cl 15 # 8-35 Local 3","Cundinamarca","4.822347,-74.358479","N"
"EFECTY FACATATIVA FISCALIA CRA 8","ACB164831","Cr 8 # 12-46","Cundinamarca","4.819363,-74.355828","N"
"EFECTY FACA BARRIO CHAPINERO","ACB308262","Cl 3 # 4-109 Loc 101","Cundinamarca","4.809921,-74.351219","N"
"EFECTY FACATATIVA COLISEO","ACB308273","Cr 7 # 5-37-95","Cundinamarca","4.812997,-74.351411","N"
"EFECTY FACATATIVA BARRIO LLANO DEL TUNJO","ACB304664","Cl 15 # 17-15 To 1 Lc 2","Cundinamarca","4.825895,-74.356294","N"
"EFECTY","ACB350906","Carrera 4  4   37 Ipm San Joaquin","Cundinamarca","4.636897,-74.44747","N"
"CONEXRED","ACB303388","Carrera 12  7a 50 Barrio San Brano","Cundinamarca","4.816614,-74.350087","N"
"CONEXRED","ACB198139","Cl 8   16 24 Brr Centro","Cundinamarca","4.634045,-74.459851","N"
"CONEXRED","ACB324651","Calle 15  19 162","Cundinamarca","4.829174,-74.354293","N"
"CONEXRED","ACB354999","Calle 15  19 162","Cundinamarca","4.829174,-74.354293","N"
"EFECTY LA GRAN VIA TENA","ACB122581","Tv 4 D # 4-19","Cundinamarca","4.655569,-74.389576","N"
"EFECTY ESCUELA DE COMUNICACIONES","ACB115705","Cl 5 # 14 B 42","Cundinamarca","4.819883,-74.348224","N"
"EFECTY LA MESA CALLE 7","ACB194025","Cr 21 # 7-27","Cundinamarca","4.631821,-74.463207","N"
"CONEXRED","ACB303377","Transversal 10  1a Este421","Cundinamarca","4.811414,-74.34363","N"
"CONEXRED","ACB300022","Calle 3 21 61","Cundinamarca","4.630685,-74.462204","N"
"EFECTY LA MESA CL DEL COMERCIO CL 5","ACB125342","Cr 21 # 5-14","Cundinamarca","4.630596,-74.462394","N"
"EFECTY CENTRO COMERCIAL MITANIA","ACB308129","Cl 4a 21- 50","Cundinamarca","4.629793,-74.462401","N"
"EFECTY PLAZA DE MERCADO LA MESA","ACB301715","Cl 4 # 21-39","Cundinamarca","4.629005,-74.461945","N"
"EFECTY FACATATIVA PORTAL DE MARIA","ACB301496","Tv 11 # 5-04 Este Mz 5 Ca 30","Cundinamarca","4.811756,-74.340588","N"
"CONEXRED","ACB300121","Calle 67a Sur 18 P 26 Barrio Juan Pablo","Cundinamarca","4.616674,-74.419118","N"
"EFECTY SAN JUAN DE RIO SECO PARQUE PPAL","ACB114067","Cr 6 # 3-30","Cundinamarca","4.845193,-74.621863","N"
"BANCAMIA MESITAS","ACB062476","Cl 10 No 6 09 El Colegio","Cundinamarca","4.584602,-74.445156","N"
"EFECTY EL COLEGIO PARQUE PPAL ESQUINA","ACB125353","Cr 7 # 9-10","Cundinamarca","4.583896,-74.445257","N"
"CONEXRED","ACB303146","Calle 6 Sur  24","Cundinamarca","4.733376,-74.284289","N"
"EFECTY","ACB350939","Carrera 22  5   45","Cundinamarca","4.725714,-74.284156","N"
"EFECTY SAN ANTONIO DEL TEQUENDAMA CENTRO","ACB127706","Cl 2 # 2-50","Cundinamarca","4.615468,-74.351854","N"
"EFECTY MADRID SOCIEGO CENTRO DE SALUD","ACB169870","Cr 22 # 1-51","Cundinamarca","4.732932,-74.278595","N"
"EFECTY","ACB358223","Cra 93 No 128b 25","Cundinamarca","4.730456,-74.276895","N"
"CONEXRED","ACB300198","Calle 7 8 16 Local 21 Centro Comercial L","Cundinamarca","4.734338,-74.264104","N"
"EFECTY CENTRO CARRERA 3","ACB118258","Cr 3 # 4-07","Cundinamarca","4.96181,-74.433503","N"
"CONEXRED","ACB322341","Calle 8  6  36","Cundinamarca","4.734016,-74.262433","N"
"EFECTY MADRID AV PRINCIPAL CALLE 7","ACB120567","Cl 7 # 4-49","Cundinamarca","4.731804,-74.262042","N"
"EFECTY DIMONEX MADRID CEDRITOS","ACB322945","Cr 6 D 9 11","Cundinamarca","4.734606,-74.261586","N"
"MULTIPAGAS","ACB303685","Calle 7  4   62","Cundinamarca","4.732405,-74.261784","N"
"EFECTY MADRID CL 12 FRENTE AL HOSPITAL","ACB123625","Cl 12 Nª 5-85","Cundinamarca","4.734833,-74.259564","N"
"EFECTY MADRID PLAZA MADRID","ACB168220","Cl 7 # 1-03 Lc 102","Cundinamarca","4.730252,-74.259509","N"
"EFECTY MADRID LA ESPERANZA","ACB156526","Cl 15 # 2 A-44","Cundinamarca","4.733473,-74.25589","N"
"EFECTY","ACB350940","Cra 6 16   20 Brr Los Angeles","Cundinamarca","4.740264,-74.253642","N"
"CONEXRED","ACB300220","Kilometro 14 Autopista Medellin Barrio P","Cundinamarca","4.735146,-74.253947","N"
"EFECTY MADRID SAN PEDRO","ACB177086","Cl 21 # 3 -27","Cundinamarca","4.735195,-74.252005","N"
"EFECTY MADRID SAN PABLO","ACB301748","Cr 2 Este # 19-59","Cundinamarca","4.731446,-74.251497","N"
"EFECTY EL ROSAL ENTRADA OBANDO","ACB174115","Cl 10 # 14-03","Cundinamarca","4.852081,-74.267233","N"
"CONEXRED","ACB303993","Urb Villa Sofia Manzana D Casa 28","Cundinamarca","4.852528,-74.26476","N"
"EFECTY ANAPOIMA CRA 5","ACB271508","Cr 5 # 7-16","Cundinamarca","4.553177,-74.534868","N"
"EFECTY BARRIO LLERAS CR 8","ACB326279","Cr 8 # 4-102","Cundinamarca","4.850292,-74.260425","N"
"MULTIPAGAS","ACB197491","Carrera 4 # 28-10","Cundinamarca","4.762559,-74.24168","N"
"EFECTY ANAPOIMA PARQUE CENTRAL","ACB151730","Cr 2 # 4 -60","Cundinamarca","4.550061,-74.534532","N"
"EFECTY","ACB350973","Carrera 4  11   56","Cundinamarca","4.854593,-74.26066","N"
"EFECTY CHAGUANI CENTRO","ACB168990","Cr 5 # 2 -71","Cundinamarca","4.949235,-74.595193","N"
"CONEXRED","ACB279814","Carrera 4 3 26 Barrio Centro","Cundinamarca","4.949897,-74.594557","N"
"EFECTY","ACB350928","Calle 5 5  95 T:8 Loc: 5","Cundinamarca","4.71245,-74.235347","N"
"EFECTY","ACB351017","Cra 12  8b 02","Cundinamarca","4.714372,-74.229908","N"
"EFECTY","ACB356078","Cra 12  8b 02","Cundinamarca","4.714372,-74.229908","N"
"AYV PF PARQUE MOSQUERA","ACB067295","Calle 2a No 1 70","Cundinamarca","4.704294,-74.230035","N"
"EFECTY PRINCIPAL CARRERA 3","ACB111459","Cl 3 # 1-20","Cundinamarca","4.70472,-74.229075","N"
"EFECTY MOSQUERA VIRREYES","ACB170979","Cl 10 # 6 -86 Pso 2","Cundinamarca","4.712935,-74.226507","N"
"CONEXRED","ACB270947","Calle 13 4 A 30 Brr Serrezuelita","Cundinamarca","4.71601,-74.225737","N"
"CONEXRED","ACB320174","Carrera 29 13 42","Cundinamarca","4.731403,-74.221785","N"
"EFECTY VILLA MARIA TRANSVERSAL 15","ACB169935","Tv 15a # 8 -65","Cundinamarca","4.715914,-74.22346","N"
"EFECTY MOSQUERA EL TREBOL","ACB170968","Cr 3 # 13-15","Cundinamarca","4.711571,-74.223145","N"
"ACCIONES Y VALORES OFICINA ECOPLAZA","ACB065370","Kr 3 No 15 A 57 C C Eco Plaza Lc 148","Cundinamarca","4.712805,-74.221427","N"
"EFECTY MOSQUERA VILLANUEVA CENTRO","ACB322967","Cl 20 # 4 A 19","Cundinamarca","4.713832,-74.220519","N"
"EFECTY VILLETA MURILLO","ACB169308","Cr 9 # 5-02","Cundinamarca","5.010319,-74.473295","N"
"EFECTY VILLETA CRA 7 CON CUARTA","ACB167999","Cr 7 # 04-12","Cundinamarca","5.010488,-74.471103","N"
"EFECTY VILLA PAOLA","ACB322978","Cl 15 # 24-39 Brr Villa Paola","Cundinamarca","4.72645,-74.217261","N"
"EFECTY C.C. VILLA NUEVA CALLE 13","ACB115529","Cr 3 # 19-60","Cundinamarca","4.712842,-74.219544","N"
"BANCAMIA VILLETA","ACB063026","Carrera 6 02","Cundinamarca","5.011909,-74.470875","N"
"CONEXRED","ACB300044","Carrera 13 7 A 39 Barrio Serresuelita","Cundinamarca","4.714658,-74.217127","N"
"EFECTY VILLETA TERMINAL DE TRANSPORTES","ACB178593","Cl 7 # 5 -10","Cundinamarca","5.013038,-74.470748","N"
"EFECTY MOSQUERA CC SERREZUELITA","ACB151026","Cr 5 Este # 18 -50 Local 102","Cundinamarca","4.707977,-74.217653","N"
"EFECTY CHAGUYA PEATONAL","ACB306336","Av Cr 13-10 64 Loc 103","Cundinamarca","4.71495,-74.214729","N"
"EFECTY DIAGONAL CONCHA ACUSTICA","ACB323496","Cl 13 # 17-38","Cundinamarca","4.718487,-74.213659","N"
"EFECTY FUNZA EL LAGO","ACB171013","Cl 15 # 17 A-45","Cundinamarca","4.719808,-74.213188","N"
"EFECTY SECTOR WAYRA VARIANTE","ACB322990","Cl 9 N. 10-01 Lc 1 Brr La Cita","Cundinamarca","4.711647,-74.214065","N"
"BANCAMIA FUNZA","ACB062245","Calle 13 77","Cundinamarca","4.7166,-74.212706","N"
"EFECTY FUNZA CALLE 15","ACB136946","Cl 15 # 14-01","Cundinamarca","4.717472,-74.211761","N"
"EFECTY","ACB352557","Cl 14  11   38","Cundinamarca","4.715124,-74.211081","N"
"EFECTY EXPRESS EFECTY MOSQUERA EL RUBI 1","ACB304873","Cl 19 B # 12 E 13 Brr Rubi","Cundinamarca","4.703825,-74.213372","N"
"EFECTY FUNZA BARRIO PORVENIR","ACB324596","Cl 9 # 5 -25","Cundinamarca","4.706045,-74.211056","N"
"EFECTY FUNZA SERREZUELITA CARRERA 6","ACB156746","Cr 6 12 -19","Cundinamarca","4.708298,-74.210125","N"
"EFECTY FUNZA CENTRO","ACB126464","Av 13 # 12-57","Cundinamarca","4.716475,-74.20714","N"
"EFECTY","ACB352568","Via Siberia Funza 800 Metros","Cundinamarca","4.716475,-74.20714","N"
"EFECTY FUNZA PAR INDUSTRIAL PERU JAPON","ACB167890","Km 2 Via Siberia Funza Parque Indus Peru","Cundinamarca","4.716475,-74.20714","N"
"EFECTY AV. 9 CALLE 14 VARIANTE PRINCIPAL","ACB114397","Av 9 # 14-87","Cundinamarca","4.716474,-74.20714","N"
"EFECTY FUNZA BARRIO LA FORTUNA","ACB174072","Cl 15 # 4-31","Cundinamarca","4.708193,-74.206157","N"
"EFECTY FUNZA CALLE 19","ACB133657","Cl 19 # 7b-66","Cundinamarca","4.714659,-74.204536","N"
"EFECTY CARRERA 4","ACB112560","Cr 4 # 20-60","Cundinamarca","4.994537,-74.339563","N"
"CONEXRED","ACB303740","Calle 13  2  42","Cundinamarca","4.703436,-74.205646","N"
"CONEXRED","ACB322484","Carrera 14  11 02","Cundinamarca","4.519759,-74.350876","N"
"CONEXRED","ACB324277","Calle 26  14  05","Cundinamarca","4.712824,-74.197437","N"
"EFECTY SAN FRANCISCO CENTRO","ACB137541","Cl 3 # 6-84","Cundinamarca","4.973917,-74.289294","N"
"EFECTY CENTRO CRA.5","ACB117587","Cr 5 # 7-66","Cundinamarca","4.516572,-74.595279","N"
"A Y V CC PLAZA DE LAS AMERICAS","ACB060605","Tv 71 D No 26  94 Sur Lc 3503 3er Piso","Cundinamarca","4.618481,-74.135796","Y"
"GIROS Y FINANZAS C.C. PLAZA LAS AMÉRICAS","ACB024890","Cr 71d # 6-94 Sur L-1917","Cundinamarca","4.618512,-74.135403","Y"
"EFECTY SOACHA QUINTAS DE SANTA ANA","ACB177064","Cr 24 A Sur # 1 A 29","Cundinamarca","4.574122,-74.246052","N"
"EFECTY CIUDAD LATINA DIAGONAL 2","ACB302310","Dg 2 # 20-15","Cundinamarca","4.576196,-74.242847","N"
"EFECTY BOSA METROVIVIENDA","ACB152182","Cr 98 B # 73-15 Sur Lote 9 Casa 248","Cundinamarca","4.632408,-74.20519","N"
"EFECTY SOACHA VILLA ESPERANZA","ACB156207","Cl 1 # 17 B-02","Cundinamarca","4.574427,-74.241404","N"
"EFECTY SOACHA CC MIRAFLORES ISLA","ACB274819","Tv 32 # 24- 60-70","Cundinamarca","4.607142,-74.217446","N"
"CONEXRED","ACB279957","Calle 6 11 A 03 Barrio Planadas","Cundinamarca","4.692261,-74.180894","N"
"EFECTY SAN BERNANDINO CR 100 A","ACB279089","Cr 100 A # 61-15 Sur Mz 6 Casa 173","Cundinamarca","4.63836,-74.198774","N"
"CONEXRED","ACB322550","Calle 78 Sur  9021","Cundinamarca","4.624904,-74.205164","N"
"EFECTY BOSA C.C. METRO RECREO.","ACB075984","Cr 97c # 69a-08 Sur Local 103","Cundinamarca","4.633001,-74.200901","N"
"CONEXRED","ACB303739","Carrera 93d  72  47","Cundinamarca","4.628692,-74.202601","N"
"CONEXRED","ACB273610","Calle71 Sur 10251barriociudadelaelrecreo","Cundinamarca","4.630489,-74.201205","N"
"EFECTY BOSA SAN DIEGO","ACB152698","Cl 85a Sur # 78-79 Int 135","Cundinamarca","4.612138,-74.211178","N"
"CONEXRED","ACB273577","Calle57sur102a22 Barrio Bosa El Recuerdo","Cundinamarca","4.640998,-74.196046","N"
"GIROS Y FINANZAS SALITRE","ACB020456","Av Cl 24 # 69-71 L-1 Av La Esperanza 9","Cundinamarca","4.655186,-74.112082","Y"
"EFECTY SOACHA COMPARTIR PARADERO","ACB162280","Cl 18 Sur # 13 G-26","Cundinamarca","4.573061,-74.237365","N"
"EFECTY SOACHA HOGARES COMPENSAR","ACB307205","Tv 18 H # 7 62","Cundinamarca","4.58863,-74.224268","N"
"CONEXRED","ACB198546","Kr 102   70 76 Brr Alamos Norte","Cundinamarca","4.610158,-74.20999","N"
"CONEXRED","ACB320075","Calle 29 Sur  13a  38","Cundinamarca","4.569271,-74.239402","N"
"EFECTY BOSA ATALAYAS III","ACB301078","Cr 96 # 61 A-11 Sur","Cundinamarca","4.633994,-74.196823","N"
"EFECTY BOSA VILLAS DEL PROGRESO","ACB320635","Cl 71 Sur # 89 A-09","Cundinamarca","4.626083,-74.19945","N"
"EFECTY BOSA LAS MARGARITAS","ACB177877","Cr 92 # 69-10 Sur","Cundinamarca","4.629189,-74.197809","N"
"CONEXRED","ACB322671","Calle 54c Sur  100 24","Cundinamarca","4.642663,-74.191302","N"
"EFECTY MOSQUERA EL RUBI","ACB170957","Cl 17 # 5-13","Cundinamarca","4.695236,-74.173441","N"
"EFECTY","ACB306974","Cra 4  17   65","Cundinamarca","4.695914,-74.172806","N"
"EFECTY","ACB307096","Cra 100  50 B   45 Sur","Cundinamarca","4.64322,-74.189878","N"
"EFECTY QUINTANARES ENTRADA","ACB122646","Cr 7 # 4-42","Cundinamarca","4.58218,-74.225462","N"
"CONEXRED","ACB320042","Diagonal 72 Sur  88 17","Cundinamarca","4.621987,-74.199643","N"
"EFECTY CARREFOUR BOSA","ACB072871","Cr 92 # 60-90 Sur Local 22","Cundinamarca","4.630817,-74.193962","N"
"EFECTY","ACB357837","Calle 69 88i  03 Sur","Cundinamarca","4.625572,-74.1964","N"
"EFECTY BOSA CALDAS","ACB075632","Cl 56 H Sur # 93 C-98","Cundinamarca","4.634901,-74.191509","N"
"EFECTY AMBALEMA","ACB114188","Cl 8 # 5-15","Tolima","4.780968,-74.765879","N"
"EFECTY SOACHA DUCALES CALLE 11","ACB308064","Cl 11 Sur # 12 B-15","Cundinamarca","4.564444,-74.236461","N"
"EFECTY BOSA ESPERANZA CR 80 J SUR","ACB301100","Cr 80 J # 75-53 Sur","Cundinamarca","4.609935,-74.203633","N"
"EFECTY SOACHA COMPARTIR CALLE 7 A SUR","ACB162763","Cl 7a Sur # 12-85","Cundinamarca","4.5702,-74.230387","N"
"EFECTY BOSA MANZANARES II","ACB323737","Cr 80 J # 74 D 03 Sur","Cundinamarca","4.609428,-74.202698","N"
"EFECTY SOACHA SATELITE","ACB160518","Dg 9 # 6-119","Cundinamarca","4.580451,-74.221732","N"
"EFECTY EXPRESS BOSA PRIMAVERAL SUR","ACB308118","Cl 59 C Sur # 89 Bis A-52","Cundinamarca","4.628381,-74.192153","N"
"EFECTY EL CORZO CR 93 SUR","ACB324112","Cr 93 C # 54 F-48 Sur","Cundinamarca","4.634728,-74.188751","N"
"EFECTY PARQUE PRINCIPAL","ACB111569","Cl 12 # 7-29","Cundinamarca","4.581713,-74.220177","N"
"EFECTY SOACHA DUCALES TRANSVERSAL 11","ACB302309","Tv 11 A 7-23 Sur","Cundinamarca","4.56827,-74.230658","N"
"CONEXRED","ACB198294","Cl 12   7  09 Brr Centro","Cundinamarca","4.581633,-74.220053","N"
"EFECTY PORVENIR SUR","ACB301045","Cr 93 C # 54 D-24 Sur","Cundinamarca","4.634963,-74.188193","N"
"EFECTY SOACHA COLEGIO JUAN PABLO II","ACB174104","Cr 7 # 13 B-04 Sur","Cundinamarca","4.563741,-74.233932","N"
"GIROS Y FINANZAS C.C. GRAN ESTACIÓN","ACB025703","Av. Cl. 26 # 6247 L-246 Piso 2","Cundinamarca","4.647651,-74.101619","Y"
"CONEXRED","ACB198360","Kr 94 B   60 A 15  Sur Brr Atalayas","Cundinamarca","4.6367,-74.187135","N"
"GIROS Y FINANZAS C.C. CENTRO MAYOR","ACB025615","Cl 38a Sur # 34d51 L-1039 P-1 Entrada 1","Cundinamarca","4.592576,-74.123775","Y"
"EFECTY SOACHA VILLA CLARA","ACB167856","Cl 18 # 11a-20","Cundinamarca","4.586432,-74.215737","N"
"EFECTY SOACHA AUTOSUR CRA 4","ACB175996","Cr 4 # 5 -46","Cundinamarca","4.575298,-74.223873","N"
"EFECTY BOSA LA CABAÑA","ACB153699","Ak 89 B # 56 H-04 Sur","Cundinamarca","4.630911,-74.18944","N"
"EFECTY CENTRO CARRERA 7","ACB121283","Cl 14 # 7-21","Cundinamarca","4.582202,-74.218287","N"
"EFECTY BOSA PORTADA II","ACB278242","Cl 58 A Sur # 88 H-38","Cundinamarca","4.628083,-74.190477","N"
"EFECTY SOACHA NEMESIS","ACB139707","Cr 9 # 9 28 Sur","Cundinamarca","4.564519,-74.231829","N"
"EFECTY SOACHA EL ALTICO","ACB170881","Cl 6# 3-b 12","Cundinamarca","4.574939,-74.223303","N"
"EFECTY CENTRO COMERCIAL TREBOLI","ACB139170","Cr 95a # 49c-80 Sur Local 111","Cundinamarca","4.639083,-74.184019","N"
"EFECTY EXPRESS EFECTY LIBERTAD SUR","ACB322769","Cl 59 C Sur # 87 J-22 Local 2","Cundinamarca","4.624632,-74.190484","N"
"EFECTY","ACB352261","Calle 12 3b 42","Cundinamarca","4.578309,-74.2191","N"
"CONEXRED","ACB309593","Transversal 11c Sur  6b  80","Cundinamarca","4.561649,-74.232481","N"
"EFECTY BOSA NOVA","ACB177679","Cr 87 C # 62 B-21 Sur","Cundinamarca","4.622392,-74.191204","N"
"EFECTY BOSA HUMBERTO VALENCIA","ACB174038","Cl 72 A # 82-03 Sur","Cundinamarca","4.612609,-74.196117","N"
"EFECTY BOSA LAURELES CRA 81 SUR","ACB174049","Cr 81 # 72 A-27 Sur","Cundinamarca","4.610507,-74.197067","N"
"EFECTY SOACHA CRA 7 FISCALIA","ACB131699","Cr 7 # 17-94","Cundinamarca","4.58251,-74.215059","N"
"GIROS Y FINANZAS JUMBO TITAN","ACB025495","Cr 72 # 8094 L. 1  23","Cundinamarca","4.694386,-74.086076","Y"
"CONEXRED","ACB279430","Trasve 79 D Sur 73 16 Barr Bosa Carbonel","Cundinamarca","4.606933,-74.198966","N"
"EFECTY BOSA PORVENIR CALLE 54 C SUR","ACB277339","Cl 54 C # 88 I-98 Sur","Cundinamarca","4.631346,-74.185897","N"
"EFECTY BOSA. NARANJOS T","ACB178153","Tv 79 D # 73 A 19 Sur","Cundinamarca","4.606594,-74.198927","N"
"EFECTY BOSA LAURELES III.","ACB325971","Cl 73 Sur # 80 J-08","Cundinamarca","4.6082,-74.197949","N"
"EFECTY SOACHA FRENTE A MAYORISTA","ACB304488","Cl 15 # 3 A 35 Piso 2","Cundinamarca","4.579413,-74.216453","N"
"EFECTY SOACHA INSPECCION EL CHARQUITO","ACB194542","Cr 1 # 3-164","Cundinamarca","4.571334,-74.222451","N"
"EFECTY EXPRESS BOSA LIBERTAD CLL 59 SUR","ACB326037","Cl 59 C Sur # 87 C -14","Cundinamarca","4.623089,-74.189089","N"
"MULTIPAGAS","ACB197842","Calle 53 25-31","Cundinamarca","4.643302,-74.749474","N"
"CONEXRED","ACB270651","Calle 72 B Sur  80i 71","Cundinamarca","4.607812,-74.197248","N"
"EFECTY","ACB358003","Calle 72 B Sur  80 I   71","Cundinamarca","4.607748,-74.197279","N"
"EFECTY","ACB355527","Cra 78 C  73   46 Sur","Cundinamarca","4.604068,-74.199427","N"
"EFECTY BOSA CARLOS ALBAN","ACB324606","Cr 78 C # 73-46 Sur","Cundinamarca","4.604032,-74.199397","N"
"EFECTY BOSA HOLANDA","ACB072936","Cl 57 Sur # 87 I-18","Cundinamarca","4.626044,-74.187343","N"
"EFECTY BOSA EL PARAISO","ACB154315","Cl 58 C Sur # 87 F-15","Cundinamarca","4.623946,-74.188234","N"
"CONEXRED","ACB273126","Calle 13  36c 61  Ad 1 Barrio Amapola","Cundinamarca","4.5779,-74.216538","N"
"EFECTY TROPEZON CL 62 SUR II","ACB301001","Cl 62 Sur# 86 B-60","Cundinamarca","4.62031,-74.1893","N"
"EFECTY BOSA PORVENIR CRA 89 CON 50 B","ACB308130","Cr 90 # 49d-93 Sur","Cundinamarca","4.634032,-74.182521","N"
"EFECTY PATIO BONITO PALMITAS CALLE 40","ACB162619","Cl 40 Sur # 98 C-23","Cundinamarca","4.648449,-74.175506","N"
"EFECTY PATIO BONITO ALMENDROS I","ACB162608","Cl 40 Sur # 97 F-05","Cundinamarca","4.647537,-74.174892","N"
"EFECTY","ACB177581","Calle 15 N  119a 07 Local 2","Cundinamarca","4.680899,-74.16365","N"
"EFECTY BOSA BRASIL CR 88 C","ACB173983","Cr 88 C # 52-26 Sur Local 1","Cundinamarca","4.629991,-74.182174","N"
"AYV CC MERCURIO","ACB066865","Calle 65 Sur Numero 78 H 54 Local 110","Cundinamarca","4.589039,-74.204969","N"
"EFECTY BOSA LAS MARGARITAS","ACB076116","Cl 49 Sur # 89-27","Cundinamarca","4.633871,-74.179665","N"
"EXITO ANTARES SOACHA","ACB065589","Transversal 7c  30e 118 Soacha","Cundinamarca","4.587723,-74.205407","N"
"EFECTY SOACHA SANTA MARIA I","ACB162147","Cr 1 B Este # 17-04","Cundinamarca","4.577458,-74.212556","N"
"CONEXRED","ACB271618","Carrera 4 No 28 10 Local 022 Barrio San","Cundinamarca","4.585068,-74.206871","N"
"EFECTY LOS ALMENDROS CL 40 SUR","ACB304576","Cl 40 Sur # 96-45","Cundinamarca","4.646059,-74.173887","N"
"EFECTY BOSA BRASIL CR 86 SUR","ACB139763","Cr 86a # 57b 39 Sur","Cundinamarca","4.621155,-74.184956","N"
"EFECTY BOSA BRASILIA CL 51 SUR","ACB302738","Cl 51 Sur # 87 K-16","Cundinamarca","4.629823,-74.18072","N"
"EFECTY BOSA DANUBIO CRA 87 SUR","ACB320503","Cr 87 # 55b-23 Sur","Cundinamarca","4.623772,-74.183546","N"
"EFECTY BOSA LA PAZ","ACB320482","Cr 82 F # 62-09 Sur","Cundinamarca","4.615919,-74.187555","N"
"EFECTY SOACHA OLIVOS I SECTOR","ACB139851","Cr 24 # 45f 68","Cundinamarca","4.599283,-74.196902","N"
"GIROS Y FINANZAS VENTURA TERREROS","ACB020698","Cr 3 # 29 A-02 C.c. Unisur Soacha","Cundinamarca","4.584125,-74.206225","N"
"EFECTY EXPRESS EFECTY CARRERA 97","ACB191329","Cr 97 F # 26-71 Sur Local 10 B","Cundinamarca","4.650221,-74.171315","N"
"EFECTY FERNANDO MAZUERA","ACB307106","Cl 68 A Sur # 80 H-32","Cundinamarca","4.607037,-74.190569","N"
"EFECTY","ACB308141","Clle 42 A  91 B   13 Sur","Cundinamarca","4.640564,-74.173764","N"
"GIROS Y FINANZAS C.C. NIZA","ACB020159","Av. Cl. 127 # 60-92 L-66","Cundinamarca","4.711142,-74.073648","Y"
"ACCIONES Y VALORES CARULLA NIZ","ACB061529","Cll 127 No 60 - 74 P.1 Int Car","Cundinamarca","4.711492,-74.073204","Y"
"EFECTY SOACHA AV TERREROS","ACB171749","Dg 35 # 12 -01","Cundinamarca","4.589721,-74.200058","N"
"EFECTY CENTRO COMERCIAL PRADO VERDE","ACB169847","Tv 40 # 18-77 Lc 142","Cundinamarca","4.569284,-74.214452","N"
"EFECTY SOACHA CARRERA 23","ACB306260","Cl 45c 23a 85","Cundinamarca","4.569284,-74.214452","N"
"EFECTY CIUDAD VERDE CC MIRAFLORES","ACB274808","Tv 32 # 24 -60-70 Local 1","Cundinamarca","4.569284,-74.214452","N"
"EFECTY SOACHA TIBANICA","ACB123461","Cl 34 Nª 1a-82 Casa 222","Cundinamarca","4.569284,-74.214452","N"
"EFECTY SOACHA ENTRADA SAN MATEO UNISUR","ACB170870","Av 30 # 2 A 14","Cundinamarca","4.569284,-74.214452","N"
"EFECTY SAN MATEO PLAZA CRA 3","ACB130445","Cr 3 Este # 29 B-58","Cundinamarca","4.581664,-74.204967","N"
"EFECTY BOSA REGISTRADURIA II","ACB308185","Cr 78 C # 69 B-90 Sur","Cundinamarca","4.602184,-74.191047","N"
"BANCAMIA BOSA","ACB061925","Transversal 78l No 69c 02 Sur","Cundinamarca","4.60348,-74.19002","N"
"EFECTY BOSA LA PAZ CRA 84","ACB154678","Cr 84 # 56 B-10 Sur","Cundinamarca","4.618931,-74.181485","N"
"CONEXRED","ACB322406","Diagonal 49 Sur  86a  77","Cundinamarca","4.62704,-74.177265","N"
"EFECTY SAN PABLO CALLE 17 FONTIBON","ACB151257","Cl 17 D #118b-05","Cundinamarca","4.685797,-74.155807","N"
"EFECTY SOACHA LEON XIII - 2","ACB274260","Cl 42 # 7 -05","Cundinamarca","4.59141,-74.196042","N"
"EFECTY BOSA DESPENSA I","ACB276592","Cl 69 A Bis A # 77 J-73 Sur","Cundinamarca","4.60042,-74.190153","N"
"EFECTY RIVERAS DE OCCIDENTE","ACB132931","Cl 26 Sur N. 93-43","Cundinamarca","4.646882,-74.167394","N"
"EFECTY","ACB302321","Calle 47  8   07","Cundinamarca","4.592898,-74.194246","N"
"EFECTY BOSA BRASILIA SUR","ACB278264","Cr 85 # 51 D -06 Sur","Cundinamarca","4.623453,-74.177296","N"
"EFECTY","ACB306062","Cra 18l No 66 19 Sur","Cundinamarca","4.623115,-74.177456","N"
"EFECTY DIMONEX BOSA SUR I","ACB306941","Cl 52a # 83-32 Sur","Cundinamarca","4.622884,-74.177429","N"
"EFECTY LEON XIII COLEGIO COLOMBO LATINO","ACB173961","Cl 53 # 10 -33","Cundinamarca","4.596136,-74.191167","N"
"CONEXRED","ACB198403","Kr 93   128 A 24 Brr Suba Rincon","Cundinamarca","4.64796,-74.165562","N"
"MULTIPAGAS","ACB197819","Cra 93d 6d-50","Cundinamarca","4.65074,-74.163976","N"
"EFECTY BOSA SAN PABLO","ACB174016","Cr 77 J Bis # 68 Sur -03","Cundinamarca","4.599084,-74.188601","N"
"EFECTY FONTIBON BATAVIA","ACB326125","Cl 18 # 115 A-23","Cundinamarca","4.684234,-74.153293","N"
"PAGAFACIL BOSA","ACB065622","Cl 65 Sur No 78 L 64 Bosa","Cundinamarca","4.606051,-74.184137","N"
"EFECTY DIMONEX CALLE 42G","ACB194553","Cl 42g-sur -86g-22","Cundinamarca","4.631389,-74.17136","N"
"EFECTY CALANDAIMA","ACB153150","Cl 34 Bis A Sur # 89 D-54","Cundinamarca","4.642897,-74.166269","N"
"EFECTY FONTIBON SELFITA","ACB154865","Cr 120 #22g-58","Cundinamarca","4.691059,-74.151216","N"
"GIROS Y FINANZAS BOGOTA CCIAL GRAN PLAZA","ACX026342","Calle 65 Sur No. 78 H 51","Cundinamarca","4.604812,-74.184151","N"
"EFECTY CL 42 A SUR","ACB304455","Cl 42 A Sur #87c-16","Cundinamarca","4.633755,-74.169698","N"
"EFECTY NOCAIMA CALLE 7","ACB166570","Cl 7 # 6 33","Cundinamarca","5.070224,-74.377743","N"
"EFECTY ZONA FRANCA ZF TOWERS","ACB274282","Cl 13 # 108 A-85 Mz 23 Lote 135a","Cundinamarca","4.674787,-74.154805","N"
"EFECTY PATIO BONITO PRIMAVERA","ACB131886","Cl 2 # 91-10 Lc 13","Cundinamarca","4.646301,-74.164231","N"
"EFECTY SAN MATEO AVDA 30","ACB111558","Av Cl 30 # 8 B 12 Este","Cundinamarca","4.577953,-74.200587","N"
"EFECTY SOACHA LA DESPENSA","ACB177217","Cl 12 # 9-50","Cundinamarca","4.595047,-74.189284","N"
"EFECTY PORTAL AMERICAS","ACB154360","Cr 85 A # 44-09 Sur Local 18","Cundinamarca","4.62737,-74.171834","N"
"AYV EXITO BOSA 2","ACB066854","Calle 65 Sur Numero 78 H 54 Local 110","Cundinamarca","4.604771,-74.183254","N"
"ACCIONES Y VALORES EXITO BOSA","ACB061530","Cl 65 Sur No 78h 54 Exito Bosa","Cundinamarca","4.605155,-74.183025","N"
"EFECTY HOSPITAL IGLESIA SAN MATEO","ACB122679","Cr 9 Este # 30-61 Ex 2","Cundinamarca","4.577995,-74.200048","N"
"EFECTY SOACHA SAN MATEO SUMAPAZ","ACB175985","Cr 7 E # 32 C 21","Cundinamarca","4.580733,-74.198118","N"
"EFECTY BRITALIA LA LOMA","ACB301177","Cl 46 Sur # 82 D-06","Cundinamarca","4.625918,-74.172296","N"
"EFECTY PATIO CL 38 SUR","ACB278286","Cl 38 C # 88-69 Sur","Cundinamarca","4.637797,-74.166756","N"
"EFECTY EXPRESS CALANDAIMA CL 26 SUR","ACB305148","Cl 26 Sur # 89 C-36 Blq 3 Casa 22","Cundinamarca","4.643218,-74.164238","N"
"EFECTY","ACB308163","Carrera 111 A 16 J   25","Cundinamarca","4.679575,-74.152178","N"
"EFECTY BOSA LA AMISTAD","ACB178131","Cl 65 F Sur # 78-04","Cundinamarca","4.600398,-74.18485","N"
"EFECTY CARREFOUR PATIO BONITO L123","ACB074026","C.c. Milenio Plaza Local 123","Cundinamarca","4.630502,-74.169136","N"
"CONEXRED","ACB271629","Calle 38 Sur 88 13 Barrio Patio Bonito","Cundinamarca","4.638253,-74.165767","N"
"COOPERATIVA FINANCIERA DE ANTIOQUIA","ACB172519","Kr  86  42b  51 Sur 2 Local 174","Cundinamarca","4.630278,-74.169167","N"
"EFECTY FONTIBON COMPOSTELA CARRERA 104","ACB073300","Dg 15b # 104-46 Casa 21 Urb Compostela","Cundinamarca","4.671215,-74.154058","N"
"EFECTY BRITALIA CLL 49 SUR","ACB177932","Cl 49 Sur # 81 D-36","Cundinamarca","4.622327,-74.172653","N"
"EFECTY CC CIUDAD TINTAL LOCAL 32","ACB151950","Cr 94 # 6 C-30 Lc 32","Cundinamarca","4.652741,-74.159861","N"
"EFECTY PATIO BONITO CENTRO CALLE 38 SUR","ACB072860","Cr 87i # 37a-16 Sur","Cundinamarca","4.63795,-74.165382","N"
"GIROS Y FINANZAS C.C. CALIMA","ACB025253","Av Cl. 19 28-80 L-b131 2-paloquemao","Cundinamarca","4.618457,-74.085883","Y"
"EFECTY BOSA JOSE ANTONIO GALAN","ACB074147","Cl 58m # 79b-02","Cundinamarca","4.607972,-74.179559","N"
"EFECTY BRITALIA CAI","ACB075807","Cr 81 H 46-08 Sur","Cundinamarca","4.62403,-74.171293","N"
"CONEXRED","ACB192308","Cr 86n 42b 51 Sur Local 178","Cundinamarca","4.629949,-74.168568","N"
"CADE FONTIBON","ACB322417","Diagonal 16  104 51","Cundinamarca","4.67068,-74.15348","N"
"EFECTY FONTIBON FLANDES","ACB326961","Cl 18 # 111-25","Cundinamarca","4.681099,-74.15046","N"
"EFECTY EXITO VIVA FONTIBON II","ACB320547","Dg 16 # 104-51 Local 107","Cundinamarca","4.670202,-74.153445","N"
"ACCIONES Y VALORES","ACB061419","Exito Fontibon","Cundinamarca","4.672724,-74.152669","N"
"EFECTY VILLA DE LA LOMA","ACB326048","Cr 82 A # 42h 25 Sur","Cundinamarca","4.627198,-74.169278","N"
"EFECTY","ACB354340","Cra 82 A No 42h 25 Sur","Cundinamarca","4.627182,-74.169171","N"
"EFECTY PATIO BONITO CLLE 2","ACB177503","Cl 2 # 88 H-17 Lc 3","Cundinamarca","4.643482,-74.162067","N"
"EFECTY FONTIBON EL REFUGIO CALLE 23B","ACB177514","Cl 23b # 116 C-04 Piso 1","Cundinamarca","4.690261,-74.1474","N"
"EFECTY EL MIRADOR","ACB308228","Cl 63b Norte 118b 19","Cundinamarca","4.710333,-74.14342","N"
"EFECTY EXPRESS PAGOS SOACHA MALIBU","ACB322011","Cl 5 Bis # 4b-09","Cundinamarca","4.585935,-74.190962","N"
"EFECTY BOSA GUARILOCHE","ACB173972","Cl 65 Sur # 78-04","Cundinamarca","4.600919,-74.181731","N"
"EFECTY TINTAL PRADOS DE CASTILLA II","ACB274314","Cr 90 # 6 A-47 Casa 51","Cundinamarca","4.648638,-74.159299","N"
"EFECTY FONTIBON HB","ACB073827","Cl 17n # 107 A-16","Cundinamarca","4.677784,-74.14977","N"
"EFECTY FULL SERVICE CALLE 42","ACB173927","Cl 42 B Sur # 82 A-08","Cundinamarca","4.628303,-74.167443","N"
"EFECTY PATIO BONITO CALLE 38 A","ACB161102","Cl 38 A Sur # 86 C-98","Cundinamarca","4.635603,-74.164207","N"
"EFECTY","ACB273456","Calle 16f 103c 20","Cundinamarca","4.672609,-74.150651","N"
"ACCIONES Y VALORES CC GALERIAS","ACB060584","Cl 54 25 81 Lc 1104 Cc Galerias 1 Piso","Cundinamarca","4.643065,-74.074256","Y"
"CONEXRED","ACB270804","Carrera 80 Sur 53 20","Cundinamarca","4.615419,-74.172913","N"
"GIROS Y FINANZAS GALERÍAS PLAZA 54","ACB024834","Cr 24 # 53-73 L-112 C.c. Plaza 54","Cundinamarca","4.642981,-74.073875","Y"
"EFECTY BRITALIA","ACB074103","Cl 46 Sur # 80h-24","Cundinamarca","4.621653,-74.169364","N"
"EFECTY ENGATIVA C.C. EL TESORO","ACB161476","Cl 64 # 121-19 Lc 6","Cundinamarca","4.71462,-74.140972","N"
"EFECTY SOACHA JULIO RINCON","ACB178779","Tv 9 Este 44 -30","Cundinamarca","4.583695,-74.190606","N"
"EFECTY SANTAFE DEL TINTAL III","ACB306303","Cr 89 # 6a-95 Lc 3","Cundinamarca","4.647995,-74.157964","N"
"EFECTY EL PALMAR CRA 117","ACB272817","Cr 117 # 63 H-18","Cundinamarca","4.710476,-74.141274","N"
"EFECTY CENTRO COMERCIAL MUISCA","ACB178108","Cl 64 # 118 B 58 Local 205","Cundinamarca","4.712288,-74.140625","N"
"EFECTY","ACB358180","Avenida Carrera 24 No 7 32 Sur Local 102","Cundinamarca","4.607804,-74.17532","N"
"EFECTY COLSUBSIDIO ROMA SUR","ACB273731","Cl 53 Sur # 79 C-06 Lc 3","Cundinamarca","4.614617,-74.171712","N"
"EFECTY PATIO BONITO LA VIRGEN","ACB073443","Av Cr 86 # 36-20 Sur","Cundinamarca","4.634888,-74.162299","N"
"CONEXRED","ACB303300","Carrera 119  6455","Cundinamarca","4.713277,-74.140126","N"
"EFECTY EXPRESS EFECTY LAS PALMAS","ACB305654","Cr 121 # 66 A-15","Cundinamarca","4.715254,-74.139594","N"
"EFECTY CENTENARIO CR 100 II","ACB305719","Cr 100 # 16 D-27","Cundinamarca","4.670727,-74.148982","N"
"EFECTY FONTIBON EL CARMEN II","ACB170441","Cl 16 I # 103 A-14","Cundinamarca","4.673695,-74.148128","N"
"CONEXRED","ACB322703","Calle 64 113c81","Cundinamarca","4.710866,-74.139652","N"
"EFECTY TELECOMUNICACIONES CALLE 56A","ACB195400","Cl 56 A- 78k-33 Sur","Cundinamarca","4.61035,-74.172791","N"
"EFECTY VERSALLES II","ACB305533","Cl 22 F # 108-54 Local 1","Cundinamarca","4.682421,-74.145215","N"
"GIROS Y FINANZAS C C  DORADO PLAZA","ACB020995","Avenida Ciudad De Cali Con Calle 26 50","Cundinamarca","4.637635,-74.159606","N"
"EFECTY ENGATIVA TERMINAL SOTRANDES","ACB074521","Cr 113b # 63i-39 Local 107","Cundinamarca","4.709244,-74.139363","N"
"EFECTY","ACB320569","Kr 80 45 23 Sur","Cundinamarca","4.620234,-74.167103","N"
"BANCAMIA ENGATIVA","ACB062179","Kr 113b No 63i 39 Local 100 101","Cundinamarca","4.709377,-74.139129","N"
"EFECTY TRANSMILENIO TINTAL II","ACB273555","Cl 2 # 86-12","Cundinamarca","4.639279,-74.15825","N"
"EFECTY ENGATIVA LA FAENA","ACB177383","Cr 121 # 69 B-17 Barrio Faena Engativa","Cundinamarca","4.716407,-74.137576","N"
"EFECTY EL PALMAR CRA 116C","ACB272796","Cr 116c # 66-26","Cundinamarca","4.712555,-74.137958","N"
"EFECTY FONTIBON CRA 110","ACB152874","Cr 110 # 23 C-36","Cundinamarca","4.686319,-74.142995","N"
"CONEXRED","ACB199493","Cr 36a 12 71 Local 36 A","Cundinamarca","4.584352,-74.186171","N"
"EFECTY FONTIBON SAN PEDRO II","ACB075412","Cr 97 # 16b-12","Cundinamarca","4.667244,-74.147971","N"
"EFECTY CATALINA NO.2","ACB074389","Tv 78 L # 50-70 Sur","Cundinamarca","4.613409,-74.169172","N"
"GIROS Y FINANZAS C.C. TINTAL PLAZA","ACB026045","Av. Cr 86 # 6-37 L-151","Cundinamarca","4.642208,-74.156109","N"
"CONEXRED","ACB322516","Carrera 13  59 38","Cundinamarca","4.636013,-74.158454","N"
"AYV CC TINTAL PLAZA","ACB067316","Cc Tintal Plaza","Cundinamarca","4.641181,-74.156283","N"
"EFECTY MARIA PAZ","ACB177909","Cl 5 A Sur # 82-10","Cundinamarca","4.636737,-74.157658","N"
"CONEXRED","ACB279012","Carrera 102 18 28 Local 103 Fontibon","Cundinamarca","4.675427,-74.144513","N"
"EFECTY FONTIBON LA PLAZA","ACB304499","Cr 103 A # 20-27","Cundinamarca","4.676839,-74.144099","N"
"EFECTY GIROS CRA 79","ACB192056","Cr 79 # 46a-82 Sur","Cundinamarca","4.616736,-74.166568","N"
"EFECTY DIMONEX LAS HUERTAS CL 61 SUR","ACB308086","Cl 61 C # 77 A-11 Sur","Cundinamarca","4.590008,-74.180981","N"
"EFECTY TINTAL PLAZA I","ACB170924","Cr 86 # 6-37 Lc 5","Cundinamarca","4.641899,-74.15525","N"
"EFECTY PASEO DE SEVILLA","ACB272707","Cr 87 B #6 D- 10 Lc 114","Cundinamarca","4.644576,-74.154092","N"
"GIROS Y FINANZAS FONTIBÓN","ACB020247","Cr 100 18-59 Pasillo Principal L-18","Cundinamarca","4.674458,-74.144271","N"
"EFECTY INVER VARGAS CC FIESTA FONTIBON","ACB173905","Cr 100 # 18-59 Lc 101","Cundinamarca","4.674443,-74.144255","N"
"ACCIONES Y VALORES PF OFICINA FONTIBON","ACB064687","Kr 100 No 18 59 Cc Fiesta Fontibon 102","Cundinamarca","4.674353,-74.144248","N"
"EFECTY FONTIBON CAMBULOS","ACB177394","Cl 23 D # 107-30","Cundinamarca","4.685006,-74.141485","N"
"EFECTY NAGUARA","ACB163357","Dg 2b # 82-30 Local 40","Cundinamarca","4.638178,-74.156418","N"
"EFECTY ENGATIVA CLL 67","ACB173895","Cl 67 N. 115a-25","Cundinamarca","4.711204,-74.136273","N"
"EFECTY CIUDAD BOLIVAR CALLE 59 A SUR","ACB308075","Cl 59 A Sur # 75 L 40","Cundinamarca","4.59262,-74.17856","N"
"EFECTY","ACB306996","Cl 22 K  104   95 Barrio Giralda","Cundinamarca","4.681848,-74.14158","N"
"ACCIONES Y VALORES SURTIMAX FO","ACB060090","Cl 18 No 99 41","Cundinamarca","4.673845,-74.143556","N"
"EFECTY INVER VARGAS CC RONDA DEL RIO","ACB303025","Cl 78 B # 120 A-56 Lc 1-03","Cundinamarca","4.725188,-74.13364","N"
"EFECTY EXPRESS EFECTY TERESITA TRV 113","ACB326158","Tv 113 F # 67 B -17","Cundinamarca","4.710765,-74.135049","N"
"EFECTY PASTRANITA CRA 78G","ACB276624","Cr 78g Bis C-48a-30 Sur","Cundinamarca","4.613348,-74.166119","N"
"EFECTY BOMBEROS","ACB320581","Cl 42 F Sur # 79-21","Cundinamarca","4.618687,-74.16348","N"
"EFECTY CATALINA SUR","ACB301067","Cr 77 L # 54 A -11 Sur","Cundinamarca","4.606637,-74.169491","N"
"EFECTY","ACB301089","Carrera 80  40 C   06 Sur","Cundinamarca","4.624726,-74.160355","N"
"EFECTY FONTIBON CALLE 23 D","ACB326114","Cl 23 D # 104a-49","Cundinamarca","4.68314,-74.140024","N"
"EFECTY ESTANCIA KRA 75","ACB165700","Cr 75 # 57 R-50 Sur Lc 4","Cundinamarca","4.595341,-74.175238","N"
"CONEXRED","ACB309571","Carrera  104a 23b 45","Cundinamarca","4.682756,-74.140013","N"
"EFECTY SERVICIOS POSTALES AMAYA","ACB273720","Cr 100 # 21-30 Piso 2","Cundinamarca","4.676242,-74.141514","N"
"EFECTY GUADUAS CARRERA 6","ACB116025","Cr 6 # 1-74","Cundinamarca","5.067582,-74.596875","N"
"MULTIPAGAS","ACB420779","Avenida Calle 43 Sur 78l 42","Cundinamarca","4.616689,-74.163589","N"
"EFECTY","ACB357936","Calle 6 C 7a 45","Cundinamarca","4.641149,-74.15262","N"
"EFECTY SOACHA CALLE 42","ACB323870","Cl 42 8-36","Cundinamarca","4.580332,-74.183726","N"
"GIROS Y FINANZAS JUMBO CC SANTA FE","ACB025725","Autopista Norte Con 183 Piso 3 L-317","Cundinamarca","4.762541,-74.045918","Y"
"EFECTY","ACB354285","Calle 49 Sur No 77v 53","Cundinamarca","4.609297,-74.166483","N"
"EFECTY UNIR II","ACB169627","Cr 120 # 76 A-25","Cundinamarca","4.720369,-74.132048","N"
"EFECTY SOCORRO CALLE 49 SUR","ACB325982","Cl 49 Sur # 77v-53","Cundinamarca","4.60937,-74.166253","N"
"MULTIPAGAS","ACB196951","Carrera 9 # 12-39","Cundinamarca","4.601464,-74.758825","N"
"EFECTY CENTRO CALLE 3","ACB116377","Cl 3 # 3-52","Cundinamarca","4.929142,-74.173993","N"
"EFECTY","ACB357925","Cra 75 C  62   04 Sur","Cundinamarca","4.590623,-74.176076","N"
"EFECTY KRA 79 SUR KENNEDY","ACB173828","Cl 41 D Sur N. 78p 34","Cundinamarca","4.62062,-74.159876","N"
"EFECTY FONTIBON VERACRUZ CALLE 23 B","ACB274259","Cr 103 Bis # 23 B 58 Local 1","Cundinamarca","4.681253,-74.138395","N"
"EFECTY GUADUAS CRA 9","ACB174159","Cr 9 # 02-39","Cundinamarca","5.068367,-74.599826","N"
"EFECTY PIO XII CRA 80 C","ACB175929","Cl 6 Bis # 80 C-73 Local 1","Cundinamarca","4.636407,-74.152623","N"
"EFECTY","ACB357947","Calle 22 97 41","Cundinamarca","4.675022,-74.139631","N"
"EFECTY CORABASTOS","ACB073597","Av Cr 80  2 51 Sur Corabastos","Cundinamarca","4.632484,-74.154053","N"
"AYV PF CORABASTOS","ACB066733","Avenida 80 No 2 51 Bodega 41 Local 015","Cundinamarca","4.632466,-74.154052","N"
"EFECTY SUPER MANZANA 16 CL 42 SUR","ACB304653","Cl 42 Sur # 78 I-80","Cundinamarca","4.617954,-74.16008","N"
"EFECTY VALLADOLID II","ACB129863","Cl 8 B # 82-04","Cundinamarca","4.645793,-74.147844","N"
"EFECTY LA ESTANCIA","ACB074741","Cl 60 A Sur # 74-25","Cundinamarca","4.591837,-74.172973","N"
"CONEXRED","ACB322594","Diagonal 2  79c57","Cundinamarca","4.632112,-74.15283","N"
"EFECTY FONTIBON OVIEDO","ACB155976","Cr 97 # 22 K-06","Cundinamarca","4.676656,-74.13728","N"
"EFECTY","ACB173884","Carrera 111  64f23","Cundinamarca","4.703238,-74.131446","N"
"EFECTY SUBA STA RITA","ACB177592","Cl 138 # 155-03","Cundinamarca","4.744306,-74.126747","N"
"EFECTY FRANCISCO JOSE DE CALDAS I","ACB171783","Cl 35 Bis Sur # 79-27 Lc 103","Cundinamarca","4.628157,-74.153723","N"
"EFECTY TENJO AV PPAL","ACB167812","Cr 2 # 4 -28","Cundinamarca","4.873018,-74.144748","N"
"EFECTY ENGATIVA CRA 111 C","ACB177426","Cr 111 C # 70-11","Cundinamarca","4.70802,-74.129986","N"
"EFECTY OLARTE ENTRADA PORTAL","ACB153590","Cr 72 D # 57 A Sur-91","Cundinamarca","4.599625,-74.16711","N"
"EFECTY SIBATE EDS TERPEL","ACB116706","Cr 7 # 10-95 L-4 Estacion De Serv Terpel","Cundinamarca","4.492881,-74.258673","N"
"MULTIPAGAS","ACB198690","Calle 26 103-9","Cundinamarca","4.68896,-74.132838","N"
"EFECTY FONTIBON CR 100","ACB074729","Cr 100 # 23h-83 Local 104","Cundinamarca","4.681174,-74.134544","N"
"EFECTY EXPRESS EFECTY EL RINCON SANTO","ACB308174","Cr 97 # 23 F-04 Lc 1","Cundinamarca","4.678073,-74.135288","N"
"CONEXRED","ACB300297","Carrera 110  64d  03 Barrio Engativa","Cundinamarca","4.701791,-74.130068","N"
"EFECTY VILLAS DEL DORADO CR 110","ACB171859","Cr 110 # 64-92","Cundinamarca","4.701486,-74.130052","N"
"EFECTY CARRERA 7","ACB111921","Cr 7 # 9 B-24","Cundinamarca","4.491628,-74.258954","N"
"ACCIONES Y VALORES EXITO NUEVO KENNEDY","ACB065271","Kr 78k No 37a 53 Lc 0114 Interior Exito","Cundinamarca","4.62355,-74.153896","N"
"GIROS Y FINANZAS METRO AUTOPISTA SUR","ACB021194","Autopista Sur # 77a-18 L-26","Cundinamarca","4.597119,-74.166829","N"
"CONEXRED","ACB320031","Calle 72 Sur  97c 14","Cundinamarca","4.703265,-74.129002","N"
"CONEXRED","ACB193552","Kr 97  23 G   95 Brr Fontibon Arabia","Cundinamarca","4.678991,-74.134161","N"
"EFECTY BANDERAS CHICO","ACB320437","Cl 6b # 79-14","Cundinamarca","4.634313,-74.148634","N"
"EFECTY LAGO TIMIZA KRA 74","ACB178142","Cr 74 # 44 B-22 Sur","Cundinamarca","4.608093,-74.160519","N"
"CONEXRED","ACB300011","Carrera 116 77b 41","Cundinamarca","4.721608,-74.126034","N"
"EFECTY EL MUELLE CR 105 I","ACB171837","Cl 63 # 105 I-58","Cundinamarca","4.698786,-74.129539","N"
"EFECTY SUBA CLL 132 D","ACB170463","Cl 132 D # 153-42","Cundinamarca","4.742683,-74.124013","N"
"EFECTY","ACB152368","Carrera 8 6 40","Cundinamarca","4.487268,-74.263199","N"
"EFECTY VILLAS DEL DORADO","ACB074774","Cr 110 # 68 B-45","Cundinamarca","4.704392,-74.128203","N"
"EFECTY GRAN GRANADA CRA 114A","ACB191703","Cr 114a # 77-31","Cundinamarca","4.719096,-74.125901","N"
"EFECTY CASTILLA KRA 80","ACB160376","Ak 80 # 7 F-14","Cundinamarca","4.640287,-74.145687","N"
"EFECTY","ACB352371","Calle 37 Sur 78 H 28","Cundinamarca","4.623428,-74.152465","N"
"EFECTY","ACB357903","Cra 96 G Bis 23g  37","Cundinamarca","4.677297,-74.133483","N"
"GIROS Y FINANZAS C.C. UNICENTRO","ACB025572","Av. Cr 15 124-30 L-2-138 Piso 2","Cundinamarca","4.702674,-74.041456","Y"
"EFECTY KENNEDY CENTRAL CR 78 G","ACB175930","Cl 38 Sur # 78 G-03","Cundinamarca","4.622616,-74.152557","N"
"EFECTY ENGATIVA CR 106A II","ACB170452","Cr 106 A # 64 D-02","Cundinamarca","4.700097,-74.127944","N"
"CONEXRED","ACB279517","Calle 7 A Bis C  79 21 Barrio Castilla","Cundinamarca","4.638106,-74.145445","N"
"EFECTY VILLAS DE GRANADA PRINCIPAL","ACB074554","Cl 72f # 111-06","Cundinamarca","4.713133,-74.125678","N"
"EFECTY BOSQUES DE MARIANA III","ACB278297","Cr 110 # 70 G-24","Cundinamarca","4.708543,-74.12607","N"
"CONEXRED","ACB278934","Calle 70  108 A 12 Barrio Engativa","Cundinamarca","4.70599,-74.126483","N"
"EFECTY TIMIZA CRA 74 SUR","ACB326015","Cr 74 # 42-52 Sur","Cundinamarca","4.611359,-74.156827","N"
"EFECTY EXPRESS EFECTY EL MUELLE","ACB326136","Cl 64 B # 105 G-03","Cundinamarca","4.698941,-74.127644","N"
"EFECTY SAN PEDRO DE TIBABUYES","ACB177602","Cl 138 # 151-08","Cundinamarca","4.746066,-74.121982","N"
"EFECTY LAGOS DE CASTILLA CR 80","ACB171804","Cr 80 # 10 D-61","Cundinamarca","4.646835,-74.141125","N"
"EFECTY FONTIBON SAN JOSE II","ACB177404","Cl 25 D # 97-57 Lc 2","Cundinamarca","4.684637,-74.129966","N"
"EFECTY KENNEDY HOSPITAL","ACB072419","Cl 40 Sur # 73 D-62","Cundinamarca","4.617994,-74.152867","N"
"EFECTY VILLA DEL RIO AV VILLAVICENCIO","ACB178537","Cl 57 A Sur # 70 A-51","Cundinamarca","4.600027,-74.161816","N"
"EFECTY ANDALUCIA","ACB072804","Cr 81c # 13a-55","Cundinamarca","4.653136,-74.138616","N"
"EFECTY ENGATIVA CRA 110","ACB273708","Cr 110 # 72-38","Cundinamarca","4.710844,-74.124687","N"
"EFECTY BOSQUES DE MARIANA","ACB173840","Cl 70b # 107b-28","Cundinamarca","4.706399,-74.125294","N"
"CONEXRED","ACB307315","Carrera  93 22 24","Cundinamarca","4.669708,-74.133325","N"
"BANCAMIA KENNEDY","ACB062344","Calle 36s 78a 28","Cundinamarca","4.622611,-74.149932","N"
"EFECTY EL MUELLE 105C","ACB173873","Cr 105 C # 64 B-23","Cundinamarca","4.697885,-74.1263","N"
"EFECTY","ACB165117","Calle 10 79 7 To 3 Lc 2","Cundinamarca","4.64338,-74.141374","N"
"CONEXRED","ACB300033","Calle 15a 81d 8","Cundinamarca","4.655269,-74.137114","N"
"MULTIPAGAS","ACB199536","Calle 55 # 7-07","Cundinamarca","4.571472,-74.177682","N"
"CONEXRED","ACB300187","Carrera 112a 77c 20","Cundinamarca","4.717233,-74.122685","N"
"ACCIONES Y VALORES KENNEDY AV PRINCIPAL","ACB063158","Cr 78b No 33a 30 Sur Piso 2","Cundinamarca","4.624768,-74.148333","N"
"EFECTY CONDADO DE CASTILLA","ACB073487","Cl 7 A Bis C # 78-41","Cundinamarca","4.636443,-74.143424","N"
"EFECTY SUBA LISBOA CR 149 II","ACB169760","Cl 132 D # 149 C-13","Cundinamarca","4.744106,-74.120129","N"
"MULTIPAGAS","ACB303706","Cra 78b 33 A 26 Sur","Cundinamarca","4.624805,-74.148115","N"
"MULTIPAGAS","ACB196500","Carrera 78b # 33a - 26 Sur","Cundinamarca","4.624741,-74.148137","N"
"EFECTY CRA 73 CON 64 A","ACB190977","Cr 73 # 64 A-18 Sur","Cundinamarca","4.585401,-74.168314","N"
"EFECTY LA PROMESA","ACB274293","Cl 13 A # 80 C 27","Cundinamarca","4.651934,-74.1375","N"
"EFECTY VILLAS DE GRANADA EXITO","ACB154711","Cl 79 N # 113 A-22","Cundinamarca","4.720605,-74.121707","N"
"EFECTY BANDERAS III","ACB302761","Av Cl 6 # 78-47","Cundinamarca","4.630898,-74.145084","N"
"EFECTY OLIMPICA KENNEDY I","ACB130193","Cr 74 # 38-10 Sur","Cundinamarca","4.619778,-74.149824","N"
"EFECTY PERDOMO","ACB072761","Cl 63 Sur # 71 F-86","Cundinamarca","4.588109,-74.166147","N"
"EFECTY KENNEDY LEY I","ACB166349","Cl 26 Sur # 78 -27","Cundinamarca","4.624821,-74.147369","N"
"EXITO CASTILLA","ACB065721","Carrera 77 No 8a 95","Cundinamarca","4.640298,-74.141001","N"
"EFECTY VIÑA DEL MAR","ACB153358","Cr 105 # 64 F-22","Cundinamarca","4.69775,-74.124797","N"
"CONEXRED","ACB272741","Ac 24  95 A 80 Lc 13 Brr Capellania","Cundinamarca","4.677496,-74.129266","N"
"EFECTY KENNEDY CALLE 36 SUR","ACB151840","Cl 36 Sur # 74-11","Cundinamarca","4.621184,-74.148751","N"
"MULTIPAGAS","ACB197820","Cra 86 42b Sur 51","Cundinamarca","4.662722,-74.133144","N"
"EFECTY VILLA AMALIA","ACB170474","Av Cl 72 # 107-15","Cundinamarca","4.708622,-74.122669","N"
"CONEXRED","ACB320240","Carrera 147a Bis  139 54","Cundinamarca","4.748196,-74.118659","N"
"EFECTY","ACB355165","Cra 73d 37 19 Sur","Cundinamarca","4.619361,-74.149042","N"
"EFECTY QUINTA CAMACHO CALLE 72","ACB326817","Cr 73d N.37-19 Sur","Cundinamarca","4.619607,-74.148858","N"
"EFECTY SUBA BILBAO PARQUE","ACB154656","Cl 143 B # 147 B-21","Cundinamarca","4.75224,-74.118213","N"
"EFECTY CORTIJO CARRERA 116 A","ACB075599","Cr 116 A # 82-44","Cundinamarca","4.726641,-74.119679","N"
"ACCIONES Y VALORES","ACB061684","Exito Cl 134","Cundinamarca","4.712328,-74.033895","Y"
"EFECTY ESTACION TERPEL TIMIZA II","ACB191462","Cl 40 Sur # 73-12 Local 1","Cundinamarca","4.61422,-74.150812","N"
"CONEXRED","ACB279463","Carrera 75  24b 22","Cundinamarca","4.625839,-74.145533","N"
"EFECTY","ACB357893","Calle 79 112 A 18 Local 102","Cundinamarca","4.719216,-74.120201","N"
"EFECTY SUBA BERLIN PARQUE CR 145","ACB154645","Cl 139 # 145 B-03","Cundinamarca","4.747218,-74.117788","N"
"EFECTY CASTILLA II.","ACB279100","Cl 9 # 75-02","Cundinamarca","4.641114,-74.139156","N"
"EFECTY PLAZUELAS DEL VIRREY II","ACB165777","Cr 105 F # 70 C -13","Cundinamarca","4.705287,-74.121928","N"
"EFECTY CALLE 4","ACB115914","Cl 4 # 9-17 Centro","Cundinamarca","4.460341,-74.635565","N"
"EFECTY","ACB352447","Calle 20 82   52 Local 164 B","Cundinamarca","4.663164,-74.13106","N"
"EFECTY BOITA II","ACB074422","Cl 45 Sur # 72 N-34","Cundinamarca","4.604844,-74.1543","N"
"AyV CC HAYUELOS","ACB066920","Calle 20 No 82 52 Lc 151","Cundinamarca","4.663115,-74.131011","N"
"EFECTY","ACB352524","Av El Dorado 103 22 Entrada 2 Int 12","Cundinamarca","4.689451,-74.124273","N"
"EFECTY","ACB352535","Ac 26  103   22 In 12 En 2","Cundinamarca","4.689451,-74.124272","N"
"EFECTY CIUDADELA COLSUBSIDIO CALLE 80A","ACB169056","Cl 80a # 112-29 Lc 16","Cundinamarca","4.720496,-74.118864","N"
"EFECTY VILLA ALSACIA II","ACB152335","Cl 11 A # 73 A-41","Cundinamarca","4.643729,-74.137057","N"
"EFECTY TIMIZA CL 40 SUR","ACB279090","Cl 40 Sur # 72 N-63 Int 2","Cundinamarca","4.612231,-74.150081","N"
"EFECTY ENTRADA PRINCIPAL PERDOMO I","ACB171738","Cl 63 Sur # 70a-40","Cundinamarca","4.589403,-74.161917","N"
"EFECTY GARCES NAVAS CRA 109","ACB173817","Cr 109 # 78 B-03","Cundinamarca","4.714943,-74.119131","N"
"EFECTY CARACOLI CIUDAD BOLIVAR","ACB076457","Cl 76 Sur # 73 C 18","Cundinamarca","4.574228,-74.170981","N"
"EFECTY EXPRESS GARCES NAVAS CRA. 110","ACB326169","Cr 110 # 78 F-04","Cundinamarca","4.715777,-74.118882","N"
"CONEXRED","ACB324299","Calle 11a  72a  76","Cundinamarca","4.643226,-74.136318","N"
"EFECTY SUBA LOS NOGALES CALLE 132D I","ACB276789","Cl 132d # 140-17","Cundinamarca","4.744339,-74.115725","N"
"EFECTY","ACB352359","Carrera 73  37   10 Sur","Cundinamarca","4.617251,-74.146646","N"
"EFECTY EXPRESS VILLA DEL MAR CR. 102","ACB320679","Cr 102 # 70-50 Casa 130","Cundinamarca","4.702615,-74.120111","N"
"EFECTY VILLA DEL RIO III","ACB325937","Cl 57 B Sur # 63-31","Cundinamarca","4.599829,-74.154949","N"
"EFECTY GARCES NAVAS ORIENTAL-","ACB302871","Tv 106 # 77 B-16","Cundinamarca","4.712047,-74.118164","N"
"CONEXRED","ACB302969","Carrera 141a Bis  143b  57 Barrio Suba B","Cundinamarca","4.752504,-74.114678","N"
"EFECTY SIERRA MORENA","ACB134340","Cl 70 Sur N. 72b-06","Cundinamarca","4.579166,-74.166207","N"
"EFECTY SUBA BERLIN CLL 139 II","ACB173785","Cl 139 # 140-03","Cundinamarca","4.746939,-74.11479","N"
"EFECTY TIERRA GRATA CL 68 B","ACB162905","Cl 68 B # 99-63","Cundinamarca","4.698743,-74.120133","N"
"EFECTY CARVAJAL CALLE 36 II","ACB300956","Cl 38 Sur 72 P -54","Cundinamarca","4.615648,-74.146438","N"
"EFECTY MADELENA DG 62 SUR","ACB277768","Dg 62 # 68 B-20 Sur","Cundinamarca","4.590675,-74.15899","N"
"EFECTY CASTILLA BAVARIA II","ACB274677","Av Boyaca # 8-47","Cundinamarca","4.637092,-74.137023","N"
"EFECTY EXPRESS DIMONEX ALAMOS NORTE","ACB320459","Cr 103 # 72-09","Cundinamarca","4.705561,-74.118249","N"
"EFECTY MADELENA III","ACB272433","Cl 60 A Sur # 66-56","Cundinamarca","4.592543,-74.157337","N"
"EFECTY GARCES NAVAS B CRA 104","ACB320558","Cr 104 # 75 D-25 Lc 101","Cundinamarca","4.709246,-74.117252","N"
"EFECTY AMERICAS OCCIDENTAL III","ACB150508","Cl 3 # 72 C-13","Cundinamarca","4.625955,-74.140494","N"
"CONEXRED","ACB320239","Calle 139  134 12","Cundinamarca","4.746889,-74.113236","N"
"EFECTY TIMIZA CRA 72","ACB074499","Cr 72k # 40-17 Sur","Cundinamarca","4.609004,-74.147943","N"
"GIROS Y FINANZAS UNICENTRO OCCIDENTE","ACB021237","Cr 111c # 86-74 L-221-222 Unic. De Occ.","Cundinamarca","4.722419,-74.115037","N"
"A Y V CC PASEO VILLA DEL RIO","ACB067712","Dg 57c Su No 62 60 Local 1 10d","Cundinamarca","4.599057,-74.152953","N"
"CONEXRED","ACB300769","Calle 23b  82  51 Barrio Modelia","Cundinamarca","4.667321,-74.125592","N"
"EFECTY DIVER ALAMOS CR 101 2","ACB190339","Cr 101 # 71 C-93","Cundinamarca","4.704255,-74.11733","N"
"EFECTY","ACB352470","Calle 26  92   32   21 Local G12   03","Cundinamarca","4.682397,-74.121624","N"
"EFECTY CARIMAGUA","ACB076765","Cl 39 Bis 72k 10 Sur","Cundinamarca","4.610955,-74.146576","N"
"EFECTY OXXO AV EL DORADO CON 92","ACB139202","Av El Dorado # 92-32","Cundinamarca","4.682596,-74.121391","N"
"EFECTY SUBA TOSCANA","ACB154557","Cl 132 D # 129-03","Cundinamarca","4.742654,-74.112678","N"
"EFECTY BOLIVIA ORIENTAL 2","ACB175875","Cl 81 # 106 A-27 Lc 102","Cundinamarca","4.716396,-74.115099","N"
"AyV PF UNICENTRO DE OCCIDENTE","ACB067042","Cra 111 C No 86   05 1er Piso Cc Unicen","Cundinamarca","4.723396,-74.114209","N"
"EFECTY CARVAJAL CLLE 37 SUR","ACB152807","Cl 37 # 72 L-96 Sur","Cundinamarca","4.61583,-74.143893","N"
"MULTIPAGAS","ACB271937","Avenida El Dorado  92   32","Cundinamarca","4.684337,-74.120562","N"
"EFECTY","ACB323748","Transv 50  76   76 Sur","Cundinamarca","4.572798,-74.166874","N"
"CONEXRED","ACB309922","Carrera 100 72 4","Cundinamarca","4.703816,-74.116104","N"
"EFECTY TUNDAMA CALLE 45","ACB171750","Cl 45 Sur 72 D-17","Cundinamarca","4.60177,-74.149194","N"
"CONEXRED","ACB273391","Calle 68 B  69 45   Sur  Mz 7 C 186","Cundinamarca","4.582973,-74.15943","N"
"CONEXRED","ACB303278","Calle 24f  85b24","Cundinamarca","4.673408,-74.121854","N"
"EFECTY KENNEDY CERVANTES","ACB156218","Av Primera De Mayo # 72-64 Sur","Cundinamarca","4.61907,-74.140396","N"
"ACCIONES Y VALORES EXITO ALAMOS","ACB065435","Tr 96 70a 85 Lc 0207 Interior Exito","Cundinamarca","4.700947,-74.115407","N"
"EFECTY CENTRO COMERCIAL BAZAR ALSACIA","ACB076073","Cl 12 B 71d 61 Local 106","Cundinamarca","4.645259,-74.129577","N"
"EFECTY VILLAS DEL MADRIGAL","ACB136496","Cr 100b # 77b-29","Cundinamarca","4.709699,-74.113607","N"
"EFECTY CENTRO COMERCIAL DORADO PLAZA","ACB151972","Cl 26 # 85 D-55","Cundinamarca","4.675591,-74.120334","N"
"EFECTY SUBA TIBABUYES CLL 143 II","ACB135440","Cr 128 # 142d-35","Cundinamarca","4.748402,-74.109881","N"
"EFECTY ISLA DEL SOL CRA 64","ACB274237","Cr 64 # 62 C 94 Sur","Cundinamarca","4.590188,-74.154073","N"
"EFECTY SERVIENTREGA DORADO PLAZA II","ACB352458","Cr 85c # 25f-33","Cundinamarca","4.674991,-74.1204","N"
"CONEXRED","ACB279968","Carrera 124 128 15 Barrio Suba Tibabuyes","Cundinamarca","4.733408,-74.110693","N"
"EFECTY ISLA DEL SOL","ACB134713","Cr 64 B # 63-47 Sur","Cundinamarca","4.589973,-74.154167","N"
"EFECTY MODELIA AV CALLE 24","ACB072969","Av Cl 24 # 81c-10","Cundinamarca","4.66867,-74.122004","N"
"EFECTY SUBA GAITANA CALLE 133 I","ACB323067","Tv 126 B # 133- 22","Cundinamarca","4.742333,-74.110034","N"
"EFECTY CLINICA OCCIDENTE KRA 71 B","ACB163599","Av Americas # 71 B-11 Lc 1","Cundinamarca","4.629502,-74.135018","N"
"AyV CC EL EDEN","ACB067097","Av Cra 72 No 12 B  48 L2 093c","Cundinamarca","4.646521,-74.128649","N"
"EFECTY TECHO ESTADIO","ACB152171","Cr 71 D # 2-65 Local 2","Cundinamarca","4.623986,-74.137022","N"
"GIROS Y FINANZAS C.C. DIVER PLAZA","ACB026034","Trans. 99 # 70a89 L-2254","Cundinamarca","4.700497,-74.114368","N"
"CONEXRED","ACB279836","Calle 72 C 48 04 Barrio La Pradera","Cundinamarca","4.573734,-74.163135","N"
"EFECTY SABANA TIBABUYES 143 A","ACB076732","Cr 128 # 143 A-16","Cundinamarca","4.750317,-74.109169","N"
"EFECTY LA CHUCUA","ACB178120","Tv 72 F # 42 C-57 Sur La Chucua","Cundinamarca","4.603584,-74.146193","N"
"CONEXRED","ACB322473","Calle 73c Sur 45c2","Cundinamarca","4.571022,-74.164539","N"
"EFECTY DIMONEX MADELENA SUR","ACB320404","Cl 67b Sur N. 65- 03","Cundinamarca","4.588328,-74.15402","N"
"CONEXRED","ACB303256","Diagonal 139a Bis 127a18","Cundinamarca","4.746265,-74.108877","N"
"EFECTY TIBABUYES CAI","ACB173718","Tv 127 # 138 C-17","Cundinamarca","4.745236,-74.108912","N"
"MULTIPAGAS","ACB197017","Av. Calle 26 # 85d-21","Cundinamarca","4.677109,-74.11876","N"
"EFECTY C.C. CARAVANA","ACB325993","Cr 72h # 38-39 Sur","Cundinamarca","4.610144,-74.142501","N"
"EFECTY BOLIVIA II","ACB320525","Cr 103 D # 83-18 Lc 102","Cundinamarca","4.718196,-74.110934","N"
"ACCIONES Y VALORES SAO PORTAL 80","ACB061606","Tv 100a No 80a 20 Lc N1 002","Cundinamarca","4.711041,-74.111842","N"
"EFECTY LA CAÑIZA CR 124","ACB177019","Cr 124 # 130-03","Cundinamarca","4.735886,-74.109091","N"
"EFECTY MULTIPLAZA LA FELICIDAD","ACB192045","Cl 19 A # 72-57 Lc C-133","Cundinamarca","4.653211,-74.124884","N"
"EFECTY ARBORIZADORA CAI","ACB178306","Cr 43 # 74 A-03 Sur","Cundinamarca","4.568361,-74.165181","N"
"EFECTY CALLE 40 SUR","ACB325959","Cl 40 Sur # 72 F -38","Cundinamarca","4.604482,-74.144354","N"
"ACCIONES Y VALORES HOMECENTER EL DORADO","ACB060364","Cl 50 No 82 55","Cundinamarca","4.678563,-74.117322","N"
"EFECTY SUBA GAITANA CRA 125","ACB165788","Cr 125 # 132 D-10","Cundinamarca","4.741044,-74.108024","N"
"EFECTY PLAZA DE LAS AMERICAS","ACB300527","Cr 71 D # 6-94 Sur","Cundinamarca","4.618196,-74.137221","N"
"EFECTY CARVAJAL BOYACA","ACB074411","Cr 69b # 37b-05 Sur","Cundinamarca","4.611764,-74.140035","N"
"EXITO LA FELICIDAD","ACB065820","Ave Boyaca Con Calle 13 Esquina No","Cundinamarca","4.651582,-74.124151","N"
"CONEXRED","ACB309812","Diagonal 146  118  73","Cundinamarca","4.754232,-74.106594","N"
"EFECTY SUBA PORTAL DE HATO CHICO III","ACB151433","Cr 128 # 146-29 Lc 1 10","Cundinamarca","4.755187,-74.106439","N"
"EFECTY ALSACIA ATALANTA.","ACB152380","Cl 12 C # 71 C-31 Local 00","Cundinamarca","4.643473,-74.126524","N"
"EFECTY CANDELARIA LA NUEVA II","ACB150751","Cr 49 # 68d-29 Sur","Cundinamarca","4.577217,-74.157713","N"
"EFECTY","ACB358201","Calle 2b Bis No 53c 10","Cundinamarca","4.695878,-74.112293","N"
"EFECTY EL PROGRESO SUR I","ACB305764","Cl 43 A Sur # 72-16","Cundinamarca","4.601388,-74.144196","N"
"EFECTY PLAZA DE LAS AMERICAS","ACB072970","Cl 8 Sur # 71 B 31 Entrada 5","Cundinamarca","4.617504,-74.136425","N"
"EFECTY CANDELARIA LA NUEVA CLL 68 SUR","ACB194036","Cl 68 A Sur N 49-35","Cundinamarca","4.578148,-74.156828","N"
"CONEXRED","ACB270189","Carrera 123 130c 66 Brr Suba","Cundinamarca","4.736607,-74.106784","N"
"EFECTY SUBA CR 136 A","ACB173686","Cr 136 A # 152 B-19 In 20 Lc 1","Cundinamarca","4.759259,-74.105755","N"
"EFECTY MODELIA KRA 75","ACB151235","Cr 75 # 24 D 27","Cundinamarca","4.667789,-74.118006","N"
"EFECTY SANTA ROSITA CALLE 75","ACB274358","Cl 75 # 94-31","Cundinamarca","4.703423,-74.110149","N"
"EFECTY SUBA VILLA MARIA CALLE 129D","ACB173697","Cl 129 D # 121-45 Local 17","Cundinamarca","4.733399,-74.10622","N"
"EFECTY","ACB352272","Carrera 51  59 C Sur   93","Cundinamarca","4.581159,-74.15389","N"
"EFECTY DELICIAS","ACB074619","Av Boyaca # 44 C 12 Sur","Cundinamarca","4.596954,-74.145021","N"
"EFECTY MARSELLA ANTIGUA I","ACB304093","Cr 69c -7-14","Cundinamarca","4.631703,-74.129109","N"
"EFECTY CARVAJAL CALLE 37","ACB161322","Cr 68 M # 37 D-12 Sur","Cundinamarca","4.60847,-74.139036","N"
"EFECTY FLORIDA BLANCA CR 89","ACB173730","Cl 68 A N. 89-39","Cundinamarca","4.692872,-74.111162","N"
"EFECTY PUERTAS DEL SOL II","ACB276745","Cl 139 Bis # 114-06","Cundinamarca","4.744337,-74.104795","N"
"EFECTY ENVIOS CALLE 9","ACB191770","Cl 9 D # 69 B-11 Local 1","Cundinamarca","4.635448,-74.127351","N"
"EFECTY SERVIENTREGA TIMON","ACB072255","Cr 71 # 21-91","Cundinamarca","4.654692,-74.120714","N"
"EFECTY LA FLORENCIA CRA 92 A","ACB326147","Cr 92 A # 73a -96 Local 1","Cundinamarca","4.701883,-74.109359","N"
"EFECTY JERUSALEN CRA 46 SUR","ACB166855","Cr 46 Sur # 69 D-21","Cundinamarca","4.572943,-74.158019","N"
"EFECTY SERVIENTREGA MODELIA","ACB072112","Cr 77a # 44a-07","Cundinamarca","4.673631,-74.115131","N"
"BANCAMIA SUBA","ACB062915","Calle 139 112b 27","Cundinamarca","4.74372,-74.10417","N"
"EFECTY RED PLATINUM MONTEVIDEO","ACB273742","Cl 17 # 69 B-36","Cundinamarca","4.64563,-74.122916","N"
"EFECTY NUEVO MUZU","ACB178504","Cr 61 B # 51 A-39 Sur","Cundinamarca","4.588204,-74.148241","N"
"EFECTY NUEVO MUZO DG 51 SUR","ACB300945","Dg 51 Sur # 60 F-47","Cundinamarca","4.589369,-74.147568","N"
"CONEXRED","ACB322615","Calle 128d 119d11","Cundinamarca","4.731209,-74.104762","N"
"EFECTY NUEVA TIBABUYES CRA 119 D","ACB304279","Cr 119 D # 128 C 59","Cundinamarca","4.731086,-74.104744","N"
"EFECTY","ACB352393","Av Americas 68a 78","Cundinamarca","4.630083,-74.128435","N"
"AYV CIUDAD BOLIVAR","ACB066689","Calle 68 Sur N 47a  10 Lc 212","Cundinamarca","4.575837,-74.15515","N"
"EFECTY EXPRESS EFECTY TORRE CAMPO","ACB305445","Cl 65 B # 86-86","Cundinamarca","4.689321,-74.11059","N"
"EFECTY BACHUE CALLE 83","ACB152852","Cl 83 # 95 D -71","Cundinamarca","4.712616,-74.106528","N"
"EFECTY MARSELLA II","ACB152159","Av Americas # 68 F-57 Local 104","Cundinamarca","4.629077,-74.128457","N"
"EFECTY","ACB357002","Cl 68 Sur No 46 A 05","Cundinamarca","4.575216,-74.155216","N"
"EFECTY","ACB356793","Cl 68 Sur No 46 A 05","Cundinamarca","4.575216,-74.155216","N"
"EFECTY","ACB136672","Calle 116 No 9 22","Magdalena","4.575395,-74.154989","N"
"EFECTY SUBA COMPARTIR.","ACB173664","Cr 117 # 151 D-40","Cundinamarca","4.75692,-74.102843","N"
"EFECTY SUBA- VILLA MARIA KRA 111B","ACB173565","Cr 111b # 138-03","Cundinamarca","4.74243,-74.103267","N"
"EFECTY AV PRIMERA DE MAYO 69","ACB176766","Av Primera Mayo # 69-39","Cundinamarca","4.61295,-74.134765","N"
"EFECTY DIMONEX CORUÑA SUR.","ACB320592","Cl 59 Sur # 48 B -03","Cundinamarca","4.577983,-74.152767","N"
"EFECTY","ACB357068","Calle 44 Sur 68d 02","Cundinamarca","4.597016,-74.142196","N"
"EFECTY","ACB356858","Calle 44 Sur 68d 02","Cundinamarca","4.597016,-74.142196","N"
"EFECTY SANTA ROCITA DE LAS VEGAS","ACB153842","Cl 70 Sur # 40b-21","Cundinamarca","4.566392,-74.159766","N"
"EFECTY FLORALIA CALLE 34 SUR","ACB277515","Cl 34 Sur # 68 I 07","Cundinamarca","4.609767,-74.135566","N"
"EFECTY","ACB169869","Cr 109 # 131 B - 69 Local 5 Suba Aures","Cundinamarca","4.733912,-74.102424","N"
"CONEXRED","ACB303586","Calle 151c  114 F 10 Barrio Almendros","Cundinamarca","4.755644,-74.101355","N"
"EFECTY SUBA VILLAMARIA 139 II","ACB190384","Cl 139 # 109 B-53","Cundinamarca","4.742742,-74.101709","N"
"EFECTY","ACB358014","Calle 76a  90 86","Cundinamarca","4.703962,-74.105745","N"
"EFECTY ACUARELA II","ACB304631","Cl 2 # 68f 20","Cundinamarca","4.622651,-74.128654","N"
"EFECTY VENECIA AVDA BOYACA","ACB075357","Av Boyaca # 51 B 12 Sur","Cundinamarca","4.588789,-74.144843","N"
"EFECTY COTA C.C. TERRACOTAP","ACB156263","Cr 5 # 7-88 Lc 145","Cundinamarca","4.807194,-74.103579","N"
"ACCIONES Y VALORES EXITO QUIRIGUA","ACB060166","Tv 92a No 82 00","Cundinamarca","4.708348,-74.104526","N"
"EFECTY LA IGUALDAD","ACB074950","Cl 1 Sur # 68 D 40 Sur","Cundinamarca","4.621211,-74.12895","N"
"EFECTY SUBA EL REFUGIO","ACB166909","Cl 135 A # 108-04","Cundinamarca","4.73972,-74.101201","N"
"PAGAFACIL ENGATIVA","ACB065633","Trans 94 82a 86 Bloque 125 Piso 2","Cundinamarca","4.708678,-74.104317","N"
"EFECTY CORINTO CLL 127","ACB192089","Cl 127 # 104 A-05","Cundinamarca","4.727955,-74.101888","N"
"EFECTY","ACB073421","Calle 57 A No 79 A  26","Cundinamarca","4.679288,-74.109603","N"
"EFECTY ALQUERIA CARRERA 68 D SUR_","ACB272938","Cr 68 D # 38-13 Sur","Cundinamarca","4.603433,-74.136462","N"
"EFECTY SUBA OASIS IV","ACB152214","Cl 151 # 111 A-87 Casa 182","Cundinamarca","4.753346,-74.100078","N"
"EFECTY SUBA LOMBARDIA CALLE 145","ACB076501","Cl 145 # 110-13","Cundinamarca","4.748469,-74.100074","N"
"EFECTY","ACB352601","Autopista Bogota   Medellin Km 8 5","Cundinamarca","4.809789,-74.10293","N"
"EFECTY SUBA ALMENDROS III","ACB153776","Cr 115 # 152d-40","Cundinamarca","4.758377,-74.099698","N"
"EFECTY CORINTO 128","ACB306095","Cl 128 C # 104-04","Cundinamarca","4.729167,-74.101146","N"
"CONEXRED","ACB303805","Calle 131 Bis 104 33","Cundinamarca","4.73483,-74.100562","N"
"EFECTY AURES II CLL 129 F","ACB178692","Cl 129 F # 104-03","Cundinamarca","4.731614,-74.100794","N"
"EFECTY FLORALIA CRA 68 G","ACB175897","Cr 68 G Bis # 28-12 Sur","Cundinamarca","4.610752,-74.132374","N"
"DON PAGO","ACB322264","Dg 49 Sur  53 71","Cundinamarca","4.592034,-74.141415","N"
"EFECTY CIUDAD QUIRIGUA","ACB151499","Tv 94 # 83 B-13","Cundinamarca","4.709624,-74.103043","N"
"ACCIONES Y VALORES","ACB061628","Av Americas No 68a 94 Lc 0111d","Cundinamarca","4.629721,-74.124129","N"
"EFECTY","ACB352436","Ac 24  69 D   65","Cundinamarca","4.657211,-74.114591","N"
"EFECTY","ACB171002","Calle 91 A  95 G   11","Cundinamarca","4.719359,-74.101616","N"
"CONEXRED","ACB279474","Carrera 5  11 38 Barrio Cota","Cundinamarca","4.809521,-74.102131","N"
"EFECTY VENECIA CRA 54 SUR","ACB277274","Cr 54 Sur # 51-36","Cundinamarca","4.59011,-74.14204","N"
"EFECTY NORMANDIA CLL 53 II","ACB277867","Cl 53 # 74 A-24","Cundinamarca","4.675292,-74.109149","N"
"ACCIONES Y VALORES ALKOSTO VENECIA","ACB065172","Dg 45b S 51 90 Plazoleta Comida Piso 2","Cundinamarca","4.595696,-74.138809","N"
"MULTIPAGAS","ACB303696","Av  Calle 80  82a   44","Cundinamarca","4.70397,-74.10315","N"
"EFECTY BACHUE CALLE 87","ACB075094","Cl 87 # 94 P 16 Int. 1","Cundinamarca","4.713196,-74.101631","N"
"EFECTY COTA ALCALDIA","ACB126068","Cr 5 # 12-71","Cundinamarca","4.810311,-74.101502","N"
"CONEXRED","ACB279485","Avenida 53  73 A 78","Cundinamarca","4.674891,-74.108724","N"
"AYV PF TERMINAL DE TRASNPORTE","ACB065194","Calle 22c No 68f  53 Md 4 Zn Comun","Cundinamarca","4.653229,-74.114649","N"
"EFECTY CANDELARIA LA NUEVA CR 38 SUR","ACB194146","Cr 38 N 63 -10 Sur","Cundinamarca","4.57121,-74.15187","N"
"EFECTY LA ANDREA CRA 4 SUR","ACB305203","Cr 4 # 80 A-29 Sur","Cundinamarca","4.570498,-74.152183","N"
"EFECTY SUBA LAS FLORES AV CIUDAD DE CALI","ACB166053","Cl 140a # 104-07","Cundinamarca","4.743582,-74.098335","N"
"EFECTY COTA PUEBLO VIEJO","ACB165250","Cr 2 B # 10 -13","Cundinamarca","4.806344,-74.100626","N"
"EFECTY EXPRESS EFECTY SUBA LONDRES","ACB302716","Cl 153 # 114-40","Cundinamarca","4.758126,-74.097848","N"
"EFECTY VILLA LUZ","ACB072705","Cr 77 A # 64f-18","Cundinamarca","4.68242,-74.106507","N"
"EFECTY VENECIA DIAG 45 SUR II","ACB178472","Dg 45 Sur # 53-82","Cundinamarca","4.594465,-74.13836","N"
"EFECTY SUBA CRA 106 B","ACB324046","Cr 106b # 143-63","Cundinamarca","4.74699,-74.097874","N"
"MULTIPAGAS","ACB197897","Transversal 4 No 12-09","Cundinamarca","4.810061,-74.100753","N"
"EFECTY","ACB355549","Diagonal 50 Sur  53 10","Cundinamarca","4.590975,-74.139938","N"
"MULTIPAGAS","ACB197578","Calle 12 # 13-85","Cundinamarca","4.60216,-74.794944","N"
"EFECTY PARIS AV CALI 1","ACB320668","Av Ciudad De Cali # 77 A 12","Cundinamarca","4.700995,-74.102551","N"
"EFECTY CAMARA Y COMERCIO SINALOA","ACB325960","Cr 68a # 33- 30 Sur","Cundinamarca","4.606533,-74.13206","N"
"EFECTY CENTRO","ACB111547","Cl 10 # 4-54","Cundinamarca","4.404044,-74.386523","N"
"CONEXRED","ACB300275","Calle 132  103a  5 Barrio Suba","Cundinamarca","4.734915,-74.098292","N"
"AYV PF TERMINAL BOGOTA","ACB066821","Calle 22 C N 68 F 53 Modulo 4","Cundinamarca","4.652931,-74.113794","N"
"EFECTY VENECIA DIG 47 II","ACB304543","Dg 47 Sur # 53-18","Cundinamarca","4.593012,-74.138435","N"
"EFECTY AV 68 ZONA INDUSTRIAL","ACB074938","Cr 68 # 10-42","Cundinamarca","4.632738,-74.120637","N"
"EFECTY","ACB173642","Av Ciudad De Cali  77 A   12","Cundinamarca","4.701732,-74.101936","N"
"EXITO SUBA","ACB065875","Calle 145c 106 48","Cundinamarca","4.748484,-74.097163","N"
"MULTIPAGAS","ACB199547","Diagonal 48 Sur 53 09","Cundinamarca","4.592004,-74.13864","N"
"EFECTY CARREFOUR ALQUERIA","ACB074620","Ak 68 # 38 Sur-87","Cundinamarca","4.603565,-74.132823","N"
"EFECTY NUEVO COTA CRA 5","ACB131808","Cr 5 # 14-05","Cundinamarca","4.811836,-74.100216","N"
"EFECTY SALAZAR GOMEZ CLLE 12 A","ACB177437","Cl 12 A # 67 A-05","Cundinamarca","4.635891,-74.119018","N"
"EFECTY GALAN DG 2","ACB161267","Dg 2 # 66-86","Cundinamarca","4.623343,-74.123758","N"
"EFECTY MILENTA","ACB075380","Ak 68 # 18 Sur-26","Cundinamarca","4.6134,-74.127979","N"
"REDY SANTA HELENITA","ACB363261","Calle 72 No 81 A   06","Cundinamarca","4.693555,-74.102905","N"
"EFECTY DIMONEX VENECIA","ACB324628","Dg 50 Sur # 53-10","Cundinamarca","4.590699,-74.138839","N"
"CONEXRED","ACB309746","Carrera 102a  132d  03","Cundinamarca","4.736391,-74.097256","N"
"EFECTY CANDELARIA LA NUEVA II","ACB166129","Cl 64 # 35-03 Sur","Cundinamarca","4.569586,-74.150718","N"
"EFECTY C.C. PLAZA IMPERIAL II","ACB075885","Cr 104 # 148-07 Local 273","Cundinamarca","4.748973,-74.096449","N"
"CONEXRED","ACB279001","Carrera  5  6 35","Cundinamarca","4.402632,-74.38602","N"
"AYV JUMBO PLAZA IMPERIAL","ACB067185","Calle 146 A N0 106 20 Local 101","Cundinamarca","4.749322,-74.09596","N"
"BANCAMIA VENECIA","ACB063004","Transversal 44 No 50b 14 Sur","Cundinamarca","4.589656,-74.138597","N"
"EFECTY LAS MERCEDEZ CRA 110","ACB153709","Cr 110 N.152f-37","Cundinamarca","4.756314,-74.095691","N"
"EFECTY SUBA COSTA AZUL CLL 135 II","ACB164392","Cr 102 A # 135-15","Cundinamarca","4.73799,-74.096391","N"
"EFECTY PARAISO CL 71 P SUR","ACB325850","Cl 71 P # 27 M-09 Sur","Cundinamarca","4.549308,-74.163371","N"
"EFECTY CIUDAD BOLIVAR DG 60 SUR","ACB306194","Dg 60 Sur # 32-28","Cundinamarca","4.571413,-74.148807","N"
"EFECTY EXPRESS EFECTY SANTA HELENITA","ACB320613","Cr 80 #71a-23 Lc1","Cundinamarca","4.691693,-74.102246","N"
"EFECTY OPORTO SALITRE_","ACB272884","Cr 68 C # 22 B-71 To 4 Lc 3","Cundinamarca","4.651736,-74.112329","N"
"EFECTY PRADERA CALLE 4D","ACB177459","Cl 4 D # 65 A-30","Cundinamarca","4.625726,-74.121443","N"
"EFECTY EL REAL CALLE 64 F","ACB304082","Cl 64 F # 74 A-39","Cundinamarca","4.680365,-74.104439","N"
"GIROS Y FINANZAS C.C. PLAZA IMPERIAL","ACB026133","Av. Cr 104 # 148-07 L-2-17","Cundinamarca","4.749177,-74.095392","N"
"EFECTY PLAZA DEL QUIRIGUA","ACB073278","Cl 90 # 91-52 Exterior","Cundinamarca","4.713731,-74.098242","N"
"EFECTY SUBA AURES I","ACB173608","Cr 100 A # 130 F-17","Cundinamarca","4.732457,-74.096257","N"
"EFECTY LA ALQUERIA CALLE 42 SUR","ACB150740","Cl 42 Sur # 52 A-14 Alqueria","Cundinamarca","4.597242,-74.133968","N"
"MULTIPAGAS","ACB197095","Calle 17 # 68d-68","Cundinamarca","4.639893,-74.115855","N"
"EFECTY ALQUERIA CRA 52 C SUR","ACB325948","Cr 52c # 37a-16 Sur","Cundinamarca","4.60306,-74.131017","N"
"A Y V HOMECENTER SUBA CC PLAZA IMPERIAL","ACB061068","Ak 104 No 148 07 Lc 1 151 1 152","Cundinamarca","4.74989,-74.09513","N"
"EFECTY SAN MARCOS CRA 77A","ACB173653","Cr 77 A # 68 B-60","Cundinamarca","4.687608,-74.102435","N"
"CONEXRED","ACB193673","Kr 77 A  68 21 Brr Villa Luz","Cundinamarca","4.685848,-74.102699","N"
"EFECTY LOS CEREZOS","ACB173620","Cl 86 # 87-05","Cundinamarca","4.707824,-74.098521","N"
"EFECTY NORMANDIA CLL 51 CON 70D","ACB278253","Cl 51 # 70 D- 16","Cundinamarca","4.667581,-74.106767","N"
"CONEXRED","ACB303289","Carrera 77a  69a58","Cundinamarca","4.688452,-74.101843","N"
"EFECTY SUBA BOCHALEMA CRA 103 A","ACB279067","Cr 103 A # 141-15","Cundinamarca","4.743739,-74.094898","N"
"CONEXRED","ACB302970","Calle 71bis  27b  18 Barrio Paraiso","Cundinamarca","4.553635,-74.158939","N"
"EFECTY NORMANDIA CRA 71 C","ACB326093","Cl 53 A # 71c-20 Local 4","Cundinamarca","4.671338,-74.105655","N"
"EFECTY SUBA EL LAGUITO","ACB173587","Cl 129c # 97-27","Cundinamarca","4.728413,-74.09579","N"
"EFECTY EXPRESS CR 77 STA HELENITA","ACB301111","Cr 77 Bis # 69 A-10","Cundinamarca","4.687615,-74.101817","N"
"EFECTY EXPRESS DIMONEX LOS CEREZOS","ACB301090","Cl 87 # 87 A -31","Cundinamarca","4.709088,-74.098043","N"
"EFECTY COSTA AZUL CLL 139","ACB276646","Cl 139 # 101 B 27","Cundinamarca","4.740192,-74.094586","N"
"EFECTY","ACB357860","Carrera 81 75b 21","Cundinamarca","4.697414,-74.099608","N"
"EFECTY C.C. OUTLET FACTORY","ACB170902","Cl 9 Av Americas # 62-84 Local 233 A","Cundinamarca","4.629017,-74.118605","N"
"EFECTY","ACB167472","Calle 24 68c 86","Cundinamarca","4.654336,-74.10969","N"
"BANCAMIA SANTA HELENITA","ACB062838","Av Cl 72 No 77a 56","Cundinamarca","4.691588,-74.100372","N"
"CONEXRED","ACB300682","Carrera  69  24c 78","Cundinamarca","4.656696,-74.10887","N"
"EFECTY","ACB166954","Cra 37   50 - 45 Sur Fatima","Cundinamarca","4.588267,-74.136924","N"
"EFECTY SUBA EL RUBY","ACB173598","Cl 128 C # 95-34","Cundinamarca","4.725182,-74.095159","N"
"EFECTY PARAISO CIUDAD BOLIVAR II","ACB176876","Cr 27 B # 71 I-14 Sur","Cundinamarca","4.550092,-74.159871","N"
"EFECTY C.C. ZONA IN","ACB190362","Cl 13 # 65-21","Cundinamarca","4.634837,-74.115591","N"
"EFECTY EL ENCANTO","ACB135154","Cl 64 C # 72 A-19","Cundinamarca","4.677719,-74.102777","N"
"AYV PF VALKOR PUENTE ARANDA","ACB066809","Ac 13  No 65 21 Cc Centenario L B5","Cundinamarca","4.634212,-74.115808","N"
"EFECTY GALAN ZAPATOCA II","ACB301155","Cr 56 # 2-51","Cundinamarca","4.616798,-74.12219","N"
"EFECTY SUBA TURINGIA II","ACB300989","Cr 103 D # 152-35 Local 106","Cundinamarca","4.75187,-74.09272","N"
"CONEXRED","ACB278967","Carrera 9 26 33 Local 04 Chuchurubi","Cundinamarca","4.69368,-74.098794","N"
"EFECTY LA CONSOLACION CRA 74 A","ACB165997","Cr 74 A # 66 A-86","Cundinamarca","4.684501,-74.100632","N"
"EFECTY LA CABAÑA","ACB178450","Cr 71c # 63a-16 Local 2","Cundinamarca","4.674276,-74.10295","N"
"CONEXRED","ACB303267","Calle 130 F  96 A 12 Barrio Suba","Cundinamarca","4.731666,-74.093683","N"
"EFECTY","ACB352403","Calle 13  65 18 Mall Plaza 65a","Cundinamarca","4.634987,-74.114848","N"
"EFECTY SAN FRANCISCO CR 20 SUR","ACB176986","Cr 20 D # 68 A-14 Sur","Cundinamarca","4.562925,-74.150357","N"
"BANCAMIA EL TEJAR","ACB062168","Cl 27 Sur No 52a 09","Cundinamarca","4.606213,-74.126596","N"
"EFECTY SANTA HELENITA CR 80","ACB073179","Av Cl 68  76 19","Cundinamarca","4.690372,-74.099233","N"
"EFECTY SALITRE CRA 69","ACB164446","Cr 69 # 25b 44 Lc 102a","Cundinamarca","4.657541,-74.107246","N"
"EFECTY TEJAR","ACB072507","Cl 27 Sur # 52 50 Local 5","Cundinamarca","4.606066,-74.12657","N"
"GIROS Y FINANZAS C.C. PLAZA CENTRAL","ACB026232","Cr 65 # 11-50 Local 1-58","Cundinamarca","4.631953,-74.115554","N"
"EFECTY CALLE 53 CON 70_","ACB326059","Cl 53 # 70-18 Local 102","Cundinamarca","4.668526,-74.103967","N"
"EFECTY SAN VICENTE FERRER KR 32 SUR","ACB325904","Cr 32 Sur # 52 B-05 Lc 2","Cundinamarca","4.583101,-74.137766","N"
"MULTIPAGAS","ACB271960","Carrera 65  11   50","Cundinamarca","4.631996,-74.115136","N"
"EFECTY LA TRINIDAD CR 60","ACB272806","Cl 5a # 59-25","Cundinamarca","4.625479,-74.117521","N"
"EFECTY SUBA LA CHUCUA","ACB151280","Cl 132 # 97-05","Cundinamarca","4.733511,-74.09264","N"
"EFECTY GALAN MULTIPLAZA 56","ACB304071","Cr 56 # 2 B-83 Local 107","Cundinamarca","4.619387,-74.119968","N"
"EFECTY CASA LINDA KRA 22","ACB178351","Cr 22 G # 58 A-32 Sur","Cundinamarca","4.571,-74.144261","N"
"EFECTY SAN FRANCISCO CARRERA 20 D SUR","ACB272950","Cr 20 D # 66-76 Sur","Cundinamarca","4.563409,-74.14874","N"
"EFECTY GALAN CARRERA 60","ACB073355","Cr 60 5c-47","Cundinamarca","4.627387,-74.116251","N"
"EFECTY CASA LINDA II","ACB170210","Cr 22 G # 60-48 Sur","Cundinamarca","4.56886,-74.144982","N"
"EFECTY LA SERENA 2","ACB166262","Av Cl 90 # 86-06 Lc 103","Cundinamarca","4.710191,-74.094495","N"
"EFECTY SAN EUSEBIO CARRERA 52","ACB191385","Cr 52 # 22-30 Sur","Cundinamarca","4.606659,-74.124731","N"
"CONEXRED","ACB320228","Transversal 79a  84a  12","Cundinamarca","4.706358,-74.09491","N"
"BANCAMIA GALAN","ACB062267","Kr 56 No 4a  39","Cundinamarca","4.621316,-74.118294","N"
"EFECTY GALAN TRINIDAD KRA 56","ACB073036","Cr 56 # 4-72","Cundinamarca","4.620927,-74.118453","N"
"CONEXRED","ACB303290","Carrera 94 C  42 56","Cundinamarca","4.728788,-74.092061","N"
"EFECTY LA ESPAÑOLA DIAG 84A","ACB173554","Dg 84a # 77-81","Cundinamarca","4.705931,-74.094664","N"
"EFECTY EXPRESS EFECTY FATIMA CL 50 SUR","ACB305555","Cl 50 # 33-02 Sur","Cundinamarca","4.585288,-74.134916","N"
"CONEXRED","ACB199196","Cl 130 C   94 B 22 Brr Suba Costarica","Cundinamarca","4.729188,-74.091681","N"
"EFECTY JAVA II","ACB178065","Cr 98 B # 140 B-19","Cundinamarca","4.740789,-74.090819","N"
"EFECTY CUR COMPENSAR","ACB076688","Cl 49a # 69a-15 P1","Cundinamarca","4.662074,-74.103811","N"
"EFECTY ALCALA II","ACB320646","Cl 33 Sur # 51 A 83","Cundinamarca","4.601706,-74.126356","N"
"EFECTY","ACB134098","Carrera 93 128b 25","Cundinamarca","4.723162,-74.092064","N"
"EFECTY","ACB358212","Calle 69 A 91 10","Cundinamarca","4.723012,-74.092069","N"
"EFECTY SAN VICENTE CLLE 53 I SUR","ACB178328","Cr 25 # 53 A-33 Sur","Cundinamarca","4.577869,-74.138007","N"
"EFECTY EL CHICAL SUR","ACB278275","Cl 60 Sur # 22-62 Casa 3","Cundinamarca","4.568379,-74.1434","N"
"EFECTY SANTA MARIA DEL LAGO","ACB307139","Cr 73 A # 72-21","Cundinamarca","4.688892,-74.096537","N"
"EFECTY SAN FRANCISCO CRA 91 SUR","ACB178164","Cr 19 D # 67-09 Sur","Cundinamarca","4.560352,-74.148307","N"
"EFECTY SUBA RINCON MIAMI","ACB075939","Cl 129 B Bis # 93-60","Cundinamarca","4.725747,-74.090951","N"
"EFECTY ACACIA CL 65 SUR","ACB276657","Cl 65 Sur # 20 A 14","Cundinamarca","4.56275,-74.146542","N"
"EFECTY SUBA COSTA RICA","ACB171035","Cr 93 A # 130 B-17","Cundinamarca","4.728126,-74.090245","N"
"EFECTY PINARES DE SUBA II","ACB301023","Cl 153 # 101-10","Cundinamarca","4.753065,-74.088824","N"
"EFECTY SUBA LA ESPERANZA.","ACB155778","Av Cl 132 # 94 C-04","Cundinamarca","4.732188,-74.089865","N"
"EFECTY SAN FRANCISCO CRA 20","ACB166130","Cr 20 B # 63-98 Sur","Cundinamarca","4.5634,-74.14563","N"
"EFECTY LA PALESTINA II","ACB304192","Tv 77 #80 -14","Cundinamarca","4.698347,-74.093893","N"
"EFECTY KRA 52 TORRE MOLINOS","ACB178384","Cr 52 # 16-07 Sur Torre Molinos","Cundinamarca","4.609333,-74.120956","N"
"EFECTY BOSQUE POPULAR.","ACB323342","Cl 63 C # 69p-14","Cundinamarca","4.672373,-74.099285","N"
"EFECTY PUENTE ARANDA","ACB073168","Cl 13 # 59-16","Cundinamarca","4.632054,-74.111575","N"
"CONEXRED","ACB322682","Calle 129  91a 25","Cundinamarca","4.724014,-74.090146","N"
"EFECTY SUBA LAS FLORES","ACB173499","Cl 139 # 95a-68","Cundinamarca","4.73851,-74.088842","N"
"EFECTY ESPAÑOLA II TV 76","ACB305467","Tv 76 # 83 A -23","Cundinamarca","4.704741,-74.092435","N"
"BANCAMIA SUBA RINCON","ACB062926","Carrera 93 129c 61","Cundinamarca","4.72855,-74.08952","N"
"EFECTY ALFONSO LOPEZ","ACB072518","Cl 94 Sur # 51-17","Cundinamarca","4.624577,-74.113918","N"
"EFECTY ACACIA SUR","ACB305863","Cr 20 C # 62-11 Sur","Cundinamarca","4.56446,-74.143978","N"
"EFECTY SUBA RINCON CRA 91 II","ACB154667","Cr 91 # 128 A-71","Cundinamarca","4.721284,-74.089935","N"
"MULTIPAGAS","ACB197480","Calle 1 # 4-50","Cundinamarca","4.583614,-74.796397","N"
"EFECTY LA ACACIA CRA 19 SUR","ACB272862","Cr 19 D # 64-99 Sur","Cundinamarca","4.561012,-74.146014","N"
"EFECTY SUBA QUINTAS DE SAN JORGE","ACB074071","Cl 127b # 89-28","Cundinamarca","4.718019,-74.09026","N"
"EFECTY RINCON CLL 129B","ACB152391","Cl 129b N. 91-23","Cundinamarca","4.724495,-74.089453","N"
"EFECTY ESCUELA MILITAR CLL 80","ACB133745","Cl 80 # 38-00 Edif Centro Social 3r Piso","Cundinamarca","4.622909,-74.114173","N"
"EFECTY GUACAMAYAS CRA 2 B BIS SUR","ACB305632","Cr 2 B Bis C # 38-22 Sur","Cundinamarca","4.622909,-74.114173","N"
"EFECTY BARRIO JAQUELINE","ACB190296","Cr 77 Z # 11 Cl 45 Sur","Cundinamarca","4.622909,-74.114173","N"
"EFECTY CHICO SUR CALLE 97","ACB178362","Av Ciu De Villavicencio # 5 Este 87f-09","Cundinamarca","4.622909,-74.114173","N"
"EFECTY CHICO SUR CALLE 97","ACB178362","Av Ciu De Villavicencio # 5 Este 87f-09","Cundinamarca","4.622909,-74.114173","N"
"EFECTY FLORESTA AV 68","ACB169111","Av 68 # 98 A-79","Cundinamarca","4.622909,-74.114173","N"
"EFECTY CC DIVER PLAZA","ACB151554","Tv 99 # 70 A-89 C.c. Diver Plaza","Cundinamarca","4.622909,-74.114173","N"
"EFECTY SANTA LIBRADA CALLE 74 SUR","ACB305214","Cl 74 C Sur # 7 A- 50","Cundinamarca","4.622909,-74.114173","N"
"EFECTY DIMONEX KRA 80 SUR","ACB164259","Cr 80 # 78 B-10 Sur","Cundinamarca","4.622909,-74.114173","N"
"EFECTY SANTA HELENITA CR 80 CON 70","ACB160947","Cr 80 N. 70-90","Cundinamarca","4.622909,-74.114173","N"
"EFECTY EL TESORO","ACB169858","Dg 79 B # 18 G-12 Sur","Cundinamarca","4.622909,-74.114173","N"
"EFECTY CASA GRANDE","ACB076677","Av Cr 68 Sur 69 45 Mz 7 Interior 188","Cundinamarca","4.622909,-74.114173","N"
"EFECTY BOCHICA SUR II","ACB190395","Cl 18 L # 5 C-18 Sur","Cundinamarca","4.622909,-74.114173","N"
"EFECTY PTO LIGERO TRANSMI PORTAL 170","ACB300648","Estacion De Trasmilenio Portal 170","Cundinamarca","4.622909,-74.114173","N"
"EFECTY CHARALA","ACB075061","Av Cr 5este Nº 93-19sur","Cundinamarca","4.622909,-74.114173","N"
"EFECTY SAN FERNANDO AV 68 II.","ACB190405","Av 68 # 56 B-22","Cundinamarca","4.622909,-74.114173","N"
"EFECTY SUBA RINCON CODENSA CALLE 130","ACB073971","Cr 91. # 130-45","Cundinamarca","4.726622,-74.089141","N"
"EFECTY BOGOTA FATIMA EL CARMEN","ACB073498","Tv 33 # 47 B-06 Sur","Cundinamarca","4.585674,-74.131396","N"
"EFECTY CENTRO","ACB111932","Cl 3 A # 3-11","Cundinamarca","5.118453,-74.346155","N"
"CONEXRED","ACB279760","Calle 148 97 25 Barrio Suba La Campina","Cundinamarca","4.74525,-74.087786","N"
"EFECTY SUBA VILLA ELISA CRA 94","ACB154809","Cl 135 A # 94 C-32","Cundinamarca","4.734804,-74.088342","N"
"EFECTY PONDEROSA","ACB272785","Cl 1 B # 52-45","Cundinamarca","4.610703,-74.118929","N"
"EFECTY SANTA RITA CRA 50 SUR","ACB177800","Av Cr 50 # 31-96 Sur Local 3","Cundinamarca","4.599248,-74.123697","N"
"EFECTY CC PORTON DE LA ESTRADA II","ACB277153","Av Cr 70 # 65 A-71 Local 113","Cundinamarca","4.677247,-74.096243","N"
"EFECTY BOSQUE POPULAR CL 63","ACB166394","Cl 63 # 69 A-22","Cundinamarca","4.669078,-74.097979","N"
"EFECTY VILLA ELIZA IV","ACB277263","Cr 91 # 131 D-15","Cundinamarca","4.730164,-74.087521","N"
"EFECTY SUPATA CENTRO","ACB114232","Cl 4 # 7-57","Cundinamarca","5.062226,-74.23583","N"
"EFECTY CINCO DE NOVIEMBRE","ACB178559","Cl 39 C Sur # 39 A-58","Cundinamarca","4.592648,-74.126129","N"
"CONEXRED","ACB270178","Carrera 6 Este 97b 44 Sur","Cundinamarca","4.752073,-74.086085","N"
"MULTIPAGAS","ACB307250","Carrera 18l 70g Sur","Cundinamarca","4.550358,-74.150865","N"
"EFECTY","ACB358191","Calle 58 Sur No78j 10","Cundinamarca","4.613632,-74.116157","N"
"EFECTY","ACB190340","Cl 5  53 B   18","Cundinamarca","4.621539,-74.112723","N"
"EFECTY SUBA RINCON CALAZANS","ACB154799","Cr 88 A Bis B # 128 F-28","Cundinamarca","4.722892,-74.087494","N"
"A Y V PF OFICINA CENTRO SUBA","ACB064764","Cl 140 91 19 Zona Comun Area 2 Suba","Cundinamarca","4.737755,-74.086122","N"
"BANCAMIA SAN FRANCISCO","ACB062795","Calle 61b 40","Cundinamarca","4.56197,-74.14262","N"
"COOPERATIVA FINANCIERA DE ANTIOQUIA","ACB199097","Calle 145   9119 Cc Centro Suba","Cundinamarca","4.737547,-74.085975","N"
"EFECTY BONANZA II CL 75","ACB323715","Cl 75 # 71 D-10","Cundinamarca","4.690502,-74.091971","N"
"EFECTY BARCELONA","ACB176964","Av Cr 50 # 3-07","Cundinamarca","4.615657,-74.114608","N"
"EFECTY SUBA ORQUIDEAS","ACB151565","Cl 157 A # 98 A-57","Cundinamarca","4.756535,-74.085106","N"
"EFECTY","ACB320536","Calle 72 70 D 25 Local 103","Cundinamarca","4.685246,-74.092809","N"
"EFECTY PUENTE ARANDA CAI.","ACB151510","Cr 55 # 15-56","Cundinamarca","4.631582,-74.108134","N"
"A Y V PF OFICINA CENTRO DE PAGOS SUBAZAR","ACB064698","Kr 92 No 145 40 Lc 119 C C Subazar","Cundinamarca","4.738475,-74.085589","N"
"CONEXRED","ACB270958","Carrera 20d  67 25 Sur Brr San Francisco","Cundinamarca","4.565258,-74.139772","N"
"GIROS Y FINANZAS SUBA","ACB020676","Cl. 140 # 91-19 L-5-116 Centro Suba","Cundinamarca","4.736947,-74.085423","N"
"AYV PF CENTRO MAYOR","ACB067536","Calle 38a N 34d   51 Sur","Cundinamarca","4.591737,-74.124857","N"
"EFECTY VILLA MAYOR II","ACB322824","Dg 40 Sur # 34 A-03","Cundinamarca","4.590405,-74.125438","N"
"EFECTY LA CAMPIÑA II","ACB195378","Cr 92 # 147-15","Cundinamarca","4.742354,-74.08484","N"
"ACCIONES Y VALORES EXITO CC CENTRO MAYOR","ACB061541","Au Sur No Cl 38a Sur 07 Ent 2 Del Cc","Cundinamarca","4.593162,-74.123848","N"
"EFECTY SUBA ROMI SALITRE CR 92","ACB301056","Cr 92 # 151-01 Local 103","Cundinamarca","4.74687,-74.084435","N"
"EFECTY BOSQUE POPULAR CRA 69","ACB173576","Cr 69 Nº 64d-09","Cundinamarca","4.672731,-74.094672","N"
"ACCIONES Y VALORES EXITO GRAN","ACB063103","Cl 26 No 62 47 Lc 102b","Cundinamarca","4.647656,-74.101625","N"
"EFECTY ESTRADA IGLESIA.","ACB173521","Cr 69 I # 68-04","Cundinamarca","4.678422,-74.092977","N"
"MULTIPAGAS","ACB199152","Calle 26 67 47","Cundinamarca","4.648799,-74.100729","N"
"EFECTY AV ROJAS CL 72","ACB320657","Av Cr 70 # 72-29","Cundinamarca","4.684384,-74.091419","N"
"BANCAMIA CENTRO SUBA","ACB062047","Av Suba Cl 145 No 89 22","Cundinamarca","4.737579,-74.083846","N"
"EFECTY C.C. CARRERA","ACB076347","Av Americas # 50-15 Local C-238","Cundinamarca","4.626721,-74.107891","N"
"ACCIONES Y VALORES CC CIUDAD TUNAL","ACB453812","Cr 24 C No 48 94 Sur Lc 2 155","Cundinamarca","4.577891,-74.130321","N"
"CONEXRED","ACB309724","Diagonal 71b Sur  18i  73","Cundinamarca","4.546988,-74.149381","N"
"GIROS Y FINANZAS C.C. CIUDAD TUNAL","ACB020643","Cl. 47b Sur # 24b-33 L-2054-2069","Cundinamarca","4.578637,-74.12981","N"
"ACCIONES Y VALORES EXITO TUNAL","ACB063114","Carrera 24b 33s 0102","Cundinamarca","4.57818,-74.12972","N"
"EFECTY JAZMIN","ACB076150","Cr 41 # 2f-40","Cundinamarca","4.612689,-74.112789","N"
"EFECTY","ACB326026","Calle 2g  40d   35","Cundinamarca","4.612646,-74.112774","N"
"EFECTY BONANZA CL. 79 B","ACB304400","Cl 79 B # 71-04","Cundinamarca","4.6939,-74.088062","N"
"BANCAMIA FONTIBON","ACB062223","Cl 17 No 100  16","Cundinamarca","4.62986,-74.10534","N"
"EFECTY SAN CARLOS CALLE 57 SUR.","ACB325861","Cl 57 Sur # 19 A-38","Cundinamarca","4.566469,-74.135552","N"
"EFECTY MEISSEN","ACB073311","Ac 60 Sur # 18 B-21","Cundinamarca","4.562129,-74.137989","N"
"MULTIPAGAS","ACB196939","Av. Calle 40 # 13-13","Cundinamarca","4.600837,-74.812228","N"
"EFECTY BONANZA AV CRA 70","ACB075962","Av Cr 70 # 75 81","Cundinamarca","4.68883,-74.088291","N"
"EFECTY CLARET","ACB074279","Dg 44 Sur # 26-06","Cundinamarca","4.58175,-74.126255","N"
"BANCAMIA PATIOBONITO","ACB062607","Carrera 86f 36 16","Cundinamarca","4.73961,-74.08141","N"
"EFECTY SUBA SALITRE","ACB152270","Cr 92 # 157-37","Cundinamarca","4.75402,-74.080782","N"
"EFECTY BATALLON PM 13","ACB075072","Cr 50 # 18 06 Tienda Del Soldado","Cundinamarca","4.6316,-74.103551","N"
"MULTIPAGAS","ACB271926","Carrera 72  80   94","Cundinamarca","4.694851,-74.086393","N"
"EFECTY CIUDAD MONTES CARRERA 38","ACB173763","Cl 8 Sur # 38 B-11 Ciudad Montes","Cundinamarca","4.604772,-74.114111","N"
"EFECTY SAN FERNANDO OCCIDENTAL","ACB173422","Cr 64 # 74-49 Lc 3","Cundinamarca","4.684265,-74.088013","N"
"EFECTY PRIMAVERA III","ACB320624","Cr 41 A # 4 C-61","Cundinamarca","4.615216,-74.108951","N"
"EFECTY LAS FERIAS","ACB073081","Cr 68 H # 72-25","Cundinamarca","4.680741,-74.088144","N"
"EFECTY C COMERCIAL CIPRES","ACB323056","Ak 50-22-41","Cundinamarca","4.6361,-74.100653","N"
"EFECTY","ACB300967","Cr 17 F  66 A   33 Sur","Cundinamarca","4.554345,-74.140173","N"
"CONEXRED","ACB322330","Carrera 79a  5  27","Cundinamarca","4.690665,-74.085798","N"
"EFECTY DIMONEX CASTAÑO 69","ACB326071","Cl 71a # 68f-07","Cundinamarca","4.679133,-74.087907","N"
"EFECTY FERIAS PARQUE PRINCIPAL","ACB173455","Cr 69 H Nº 74b-95","Cundinamarca","4.685223,-74.086522","N"
"EFECTY INGLES CALLE 41 CON 25 B SUR","ACB325894","Cl 41 Sur # 25b-26","Cundinamarca","4.582505,-74.123153","N"
"EFECTY","ACB355307","Av Calle 6 42  19","Cundinamarca","4.618793,-74.1062","N"
"EFECTY GORGONZOLA II","ACB326950","Av Cl 6 # 42-19","Cundinamarca","4.618738,-74.106182","N"
"EFECTY SAN CARLOS II","ACB272697","Dg 54 # 18 C-28 Sur","Cundinamarca","4.567432,-74.131262","N"
"EFECTY PRIMAVERA OCCIDENTAL CL 3 B","ACB320415","Cr 41a # 5a-23","Cundinamarca","4.615977,-74.107085","N"
"EFECTY LUCERO DEL SUR CR 17 SUR","ACB302662","Cr 17 M Sur N 69-05 Piso 1","Cundinamarca","4.549671,-74.141881","N"
"EFECTY LUCERO BAJO","ACB074268","Dg 64 A Bis Sur # 17b18","Cundinamarca","4.554538,-74.138609","N"
"EFECTY SAN CARLOS CRA 19 A","ACB277779","Cr 19 A # 51-01 Sur","Cundinamarca","4.569507,-74.129248","N"
"EFECTY CAN CRA 59","ACB139015","Cl 44 # 59-36 Local 102","Cundinamarca","4.649127,-74.094544","N"
"EFECTY PORTAL USME","ACB308053","Av Caracas # 63-00 Sur","Cundinamarca","4.556615,-74.13675","N"
"EFECTY SAN BENITO CLL 57 SUR II","ACB305478","Cr 17 A # 57-86 Sur","Cundinamarca","4.563517,-74.132278","N"
"EFECTY CR 16 SUR MEXICO","ACB195037","Cr 17 Bis # 64- 00 Sur","Cundinamarca","4.555132,-74.137055","N"
"CONEXRED","ACB322329","Carrera 30  30  66","Cundinamarca","4.592048,-74.116028","N"
"EFECTY BARRIO JOTA VARGAS II","ACB173488","Cl 67b N. 65b-41","Cundinamarca","4.673046,-74.086829","N"
"EFECTY DIMONEX LA ESTRELLA","ACB302651","Cr 18 A Bis # 73 Sur-38","Cundinamarca","4.544077,-74.143387","N"
"EFECTY BOCHICA CENTRAL","ACB168758","Cr 36 # 1 D-40","Cundinamarca","4.604796,-74.109373","N"
"EFECTY SAN CARLOS CRA 17 SUR","ACB277450","Cr 17 # 55 Sur 07 Local 3","Cundinamarca","4.564681,-74.129966","N"
"EFECTY","ACB173444","Avenida Carrera 68 No 72 88","Cundinamarca","4.676449,-74.085098","N"
"MULTIPAGAS","ACB271849","Calle 8 S  35   25","Cundinamarca","4.601324,-74.110402","N"
"EFECTY DIMOXCAN 44 2","ACB305885","Cr 57 # 44-20 Interior 4","Cundinamarca","4.646734,-74.092989","N"
"EFECTY FERIAS CALLE 77","ACB165591","Cl 77 # 68 C-25","Cundinamarca","4.683188,-74.083339","N"
"EFECTY SAN FERNANDO CALLE 72","ACB177372","Cl 72 # 65b-70","Cundinamarca","4.676318,-74.084377","N"
"EFECTY LAS GALIAS CALLE 80","ACB072475","Cr 69 H # 80-40 Local 3","Cundinamarca","4.688975,-74.081571","N"
"EFECTY TUNJUELITO KRA 14 A SUR","ACB178416","Cr 14 A # 51-13 Sur Tunjuelito","Cundinamarca","4.56852,-74.125747","N"
"EFECTY C.C. METROPOLIS II","ACB326103","Ak 68 # 75a-50 Lc 161","Cundinamarca","4.6797,-74.082884","N"
"EFECTY SENA CARRERA 30","ACB074653","Cl 20 Sur # 29c-83","Cundinamarca","4.594508,-74.111933","N"
"GIROS Y FINANZAS C.C. METROPOLIS","ACB020863","Av. 68 75d -50 L- 118","Cundinamarca","4.680878,-74.082526","N"
"CONEXRED","ACB309670","Calle 57 Sur  14  72","Cundinamarca","4.561348,-74.129538","N"
"SANTA LUCIA","ACB322428","Avenida Caracas 41 B   30 Sur","Cundinamarca","4.575288,-74.121462","N"
"EFECTY QUINTAPAREDES CLL 22B II","ACB151246","Av De La Esperanza # 44a-86 Lc 107","Cundinamarca","4.634427,-74.095158","N"
"EFECTY C.C 2000 CR 37","ACB323485","Cl 10 # 37 61 Local 2015","Cundinamarca","4.616207,-74.101947","N"
"EFECTY LAS QUINTAS II","ACB277735","Cr 17 F # 71 A -95 Sur Lc 79","Cundinamarca","4.545359,-74.139246","N"
"EFECTY CASA BLANCA SUBA","ACB165942","Cr 76 # 146 C-29","Cundinamarca","4.738518,-74.074122","N"
"EFECTY QUIROGA CRA 24 SUR-","ACB277186","Cr 24 # 33-98 Sur","Cundinamarca","4.58194,-74.117452","N"
"MULTIPAGAS","ACB271904","Calle 9  37 A   62","Cundinamarca","4.61591,-74.101443","N"
"EFECTY EXPRESS DIMONEX CR 38","ACB194081","Cr 38 N 12 A-47 Local 115","Cundinamarca","4.61935,-74.099729","N"
"EFECTY GORGONZOLA KRA 38","ACB151279","Cr 38 # 12 A-47 Local 116","Cundinamarca","4.61935,-74.099729","N"
"EFECTY CENTRO EMPRESARIAL PONTEVEDRA","ACB320460","Cl 98 # 70-91 Local 26","Cundinamarca","4.694224,-74.078528","N"
"EFECTY SERVIENTREGA AV 6 DIREC GENERAL","ACB071748","Av 6 # 34a-45","Cundinamarca","4.610358,-74.10299","N"
"EFECTY SOLUCIONES PABLO VI 2","ACB305940","Cl 57 # 56-14 Bloque 46","Cundinamarca","4.651322,-74.088296","N"
"EFECTY CENTENARIO CALLE 29 SUR","ACB302826","Cl 29 # 26 B-09 Sur","Cundinamarca","4.587762,-74.113265","N"
"EFECTY SAN ANDRESITO CRA 38","ACB076655","Cl 9 # 36 03 Local 164","Cundinamarca","4.614381,-74.101218","N"
"EFECTY QUIROGA KRA 21","ACB178009","Cr 21 # 36-10 Sur","Cundinamarca","4.578241,-74.118072","N"
"EFECTY SAN FERNANDO CLL 76","ACB320680","Cl 76 # 65-29","Cundinamarca","4.678519,-74.081149","N"
"EFECTY SANTA MATILDE","ACB072859","Cl 8 Sur # 31 A 52","Cundinamarca","4.599104,-74.107622","N"
"EFECTY SOTAVENTO CLL 73 SUR","ACB191208","Cl 73 A Sur # 16 F-28","Cundinamarca","4.544608,-74.137397","N"
"EFECTY COLSUBSIDIO QUIROGA II","ACB272828","Cr 23 C # 32-47 Sur","Cundinamarca","4.581671,-74.115432","N"
"EFECTY","ACB352492","Avenida 68 80 77","Cundinamarca","4.683397,-74.079396","N"
"EFECTY LA FRAGUA CR 29","ACB164930","Cr 29 C # 16-28 Sur","Cundinamarca","4.595122,-74.108674","N"
"EFECTY SAN JORGE DG 45 BIS.","ACB277746","Dg 45 Bis B # 13 F-62 Sur","Cundinamarca","4.571636,-74.120707","N"
"BANCAMIA SAN FERNANDO","ACB062784","Av Cl 68 No 60 08","Cundinamarca","4.67187,-74.081683","N"
"CONEXRED","ACB198557","Cl 28 Sur   01 03 Brr Cordoba","Cundinamarca","4.587615,-74.111906","N"
"CONEXRED","ACB300132","Calle 74a 62 71","Cundinamarca","4.675936,-74.080538","N"
"ACCIONES Y VALORES HOMECENTER CL 80","ACB060386","Av 68 Cl 80 Homecenter Primer Piso","Cundinamarca","4.68471,-74.078657","N"
"EFECTY MARCO FIDEL SUAREZ SUR","ACB154524","Tv 13 G # 45 D 22 Sur","Cundinamarca","4.569507,-74.121322","N"
"MULTIPAGAS","ACB271883","Carrera 70 D  127   48","Cundinamarca","4.711466,-74.074011","N"
"EFECTY EXPRES DIMONEX SIMON BOLIVAR CR62","ACB301122","Cr 62 # 74-15","Cundinamarca","4.675007,-74.080277","N"
"EFECTY SAN FERNANDO","ACB072662","Av Cl 68 # 58-76","Cundinamarca","4.670688,-74.081087","N"
"EFECTY SIMON BOLIVAR II","ACB170946","Cr 64 # 79-35","Cundinamarca","4.679703,-74.078812","N"
"EFECTY C.C. NIZA AV CLL 127","ACB300538","Av Cl 127 # 60-24 L 5","Cundinamarca","4.71103,-74.073339","N"
"EFECTY CASA DE TEJA","ACB162291","Tv 16 C # 75 B-48 Sur","Cundinamarca","4.541331,-74.137536","N"
"EFECTY CIUDAD JARDIN CLL 129","ACB167746","Cl 129 N. 59a-23","Cundinamarca","4.719265,-74.072028","N"
"EFECTY CALLE 72 - CRA 60","ACB277340","Cl 72 # 60 -36","Cundinamarca","4.6729,-74.079864","N"
"EFECTY SAN NICOLAS CLL 116 II","ACB194827","Dg 115 A # 70 D-88 Lc 3","Cundinamarca","4.69808,-74.074767","N"
"EFECTY STA ROSA NORTE","ACB324617","Cl 102 A # 70b-49","Cundinamarca","4.696745,-74.074904","N"
"EFECTY","ACB355538","Cl 102 A  70 B   37","Cundinamarca","4.696666,-74.074904","N"
"EFECTY ASD CRA. 17 SUR","ACB301012","Cr 17 A # 80 -22 Sur","Cundinamarca","4.536972,-74.140115","N"
"EFECTY FLORESTA OULET CRA 69","ACB076336","Cl 98 # 68f-23","Cundinamarca","4.690491,-74.075923","N"
"EFECTY","ACB273719","Carrera 31 C  5 B  28","Cundinamarca","4.607895,-74.100756","N"
"EFECTY CENTENARIO II","ACB178076","Cr 27 # 23-16 Sur","Cundinamarca","4.588601,-74.109443","N"
"EFECTY ESTACION COMUNEROS CLLE 3","ACB151422","Ac 3 # 30a-40 Santa Isabel","Cundinamarca","4.604189,-74.101748","N"
"EFECTY RESTREPO CRA 27 CON 17 B","ACB195565","Cr 27 # 17 B 74 Sur","Cundinamarca","4.590117,-74.107908","N"
"CONEXRED","ACB273148","Carrera 65  58 03 Local 3 Barrio Madelen","Cundinamarca","4.683612,-74.076119","N"
"EFECTY QUINTA PAREDES CL 25 B.","ACB175842","Cl 25 B # 40-25","Cundinamarca","4.633434,-74.089708","N"
"EFECTY AV CARACAS CRA 18 SUR","ACB177624","Cr 18 # 32-43 Sur","Cundinamarca","4.577152,-74.114125","N"
"EFECTY CIUDAD JARDIN NORTE","ACB073256","Cr 59 # 130 A-74","Cundinamarca","4.72205,-74.070045","N"
"EFECTY PENSILVANIA CR 32","ACB195147","Cr 32 N 7-96 Local 201","Cundinamarca","4.610132,-74.098359","N"
"CONEXRED","ACB300154","Calle 98 68 74 Barrio Floresta","Cundinamarca","4.689304,-74.074647","N"
"EFECTY SERVIENTREGA NIZA","ACB071946","Av Suba # 123-03","Cundinamarca","4.70767,-74.071598","N"
"EFECTY OLAYA CRA. 24","ACB173729","Cr 24 # 27-13 Sur","Cundinamarca","4.584388,-74.109981","N"
"CONEXRED","ACB279924","Calle 43 Sur 14 90","Cundinamarca","4.569658,-74.117439","N"
"EFECTY INV. VARGAS C.C. BULEVAR NIZA","ACB074851","Ak 58 # 127a-59 Lc 222","Cundinamarca","4.713219,-74.070226","N"
"EFECTY PENSILVANIA CR 31","ACB076600","Cr 31a # 9-99","Cundinamarca","4.6114,-74.096559","N"
"EFECTY PRADO VERANIEGO CRA 52 II","ACB173356","Cr 52 # 128 C-77 Lc 3","Cundinamarca","4.71721,-74.069345","N"
"ACCIONES Y VALORES CAFAM LA FL","ACB060144","Cr 68f 96 50 Cc Cafam Floresta","Cundinamarca","4.686393,-74.074045","N"
"EFECTY CC EL EDEN","ACB277009","Av Boyaca # 15-98 L2 096 D","Cundinamarca","4.541334,-74.133784","N"
"CONEXRED","ACB270848","Carrera 22 Sur 75 4","Atlantico","4.62487,-74.091019","N"
"EFECTY TABIO CALLE 6","ACB139598","Cl 6 # 4-13","Cundinamarca","4.917404,-74.098171","N"
"EFECTY RESTREPO OCCIDENTAL TVR 24","ACB177976","Tv 24 I # 14-54 Sur Restrepo Occidental","Cundinamarca","4.592617,-74.103955","N"
"EFECTY RED PLATINUM CALLE 25 B","ACB150498","Cl 25 B # 38 A-13","Cundinamarca","4.63242,-74.087674","N"
"EFECTY SAN JORGE CLL 43 SUR","ACB177998","Cl 43 Sur # 12 F -17","Cundinamarca","4.568128,-74.11605","N"
"EFECTY CENTRO COMERCIAL CARACAS","ACB073146","Cl 51 Sur # 9-30 Local 118","Cundinamarca","4.557962,-74.121916","N"
"AYV REDY FLORESTA","ACB067570","Cra 67 A No 95 63","Cundinamarca","4.688334,-74.072243","N"
"REDY FLORESTA","ACB363117","Cra 67 A No 95   63","Cundinamarca","4.688334,-74.072243","N"
"A Y V EXITO COLINA CAMPESTRE","ACB061695","Av Boyaca Kr 72 No 146a 25","Cundinamarca","4.734398,-74.065928","N"
"EFECTY NICOLAS DE FEDERMAN CALLE 63","ACB173411","Cr 36 # 63-45","Cundinamarca","4.652976,-74.080143","N"
"EFECTY OLAYA CRA 19 II SUR","ACB277164","Cr 19 C # 27-82 Sur","Cundinamarca","4.580706,-74.108254","N"
"EFECTY SERVIENTREGA EXITO CALLE 80","ACB072189","Cr 59a # 79-30","Cundinamarca","4.678304,-74.073476","N"
"EFECTY SUBA II TV 60","ACB305829","Tv 60# 115-20 Lc21","Cundinamarca","4.69869,-74.069428","N"
"GIROS Y FINANZAS JUMBO CALLE 170","ACB021006","Cl. 170 64-47 L-4 Extremo 7","Cundinamarca","4.756744,-74.064266","N"
"EFECTY EL RECUERDO CLL 25B","ACB177471","Cl 25 B # 36-18","Cundinamarca","4.630698,-74.086418","N"
"EFECTY","ACB352360","Kra 32 17b 04 Lc 1030","Cundinamarca","4.618189,-74.090899","N"
"EFECTY LOS MOLINOS DEL SUR","ACB178241","Cl 50 A # 7-10 Sur","Cundinamarca","4.556731,-74.120926","N"
"EFECTY GOVARONA II","ACB169759","Cr 9 # 49 G-18 Sur","Cundinamarca","4.557902,-74.120113","N"
"EFECTY SAN CIPRIANO AV BOYACA II","ACB151785","Cl 167 # 65-37 Local 1","Cundinamarca","4.750434,-74.063948","N"
"EFECTY SANTA ISABEL CARRERA 27","ACB074675","Cr 27 # 4-36","Cundinamarca","4.602061,-74.09718","N"
"EFECTY CLLE 20 CUNDINAMARCA","ACB151488","Cl 19 B # 32-55","Cundinamarca","4.62125,-74.089295","N"
"EFECTY PORTOALEGRE","ACB073454","Cr 58 # 137 B -01 Local 26","Cundinamarca","4.727364,-74.064954","N"
"EFECTY RICAURTE","ACB073234","Cr 28 # 8-06","Cundinamarca","4.607352,-74.094518","N"
"A Y V OLIMPICA COLINA CAMPESTR","ACB060199","Kr 58 No 137b 01 Cc Portoalegr","Cundinamarca","4.727595,-74.064814","N"
"EFECTY VERAGUAS KRA 27","ACB151938","Av Cl 6 # 27-07","Cundinamarca","4.604419,-74.095694","N"
"MULTIPAGAS","ACB197314","Carrera 59 # 152b-79","Cundinamarca","4.741736,-74.063799","N"
"PF PORTOALEGRE","ACB065941","Carrera 58 No 137b 01  Bogota","Cundinamarca","4.727761,-74.064652","N"
"EFECTY","ACB357914","Cra 62 160a 24","Cundinamarca","4.744744,-74.063223","N"
"EFECTY RESTREPO COLSUBSIDIO II","ACB177569","Cl 19 Sur # 24-05","Cundinamarca","4.585768,-74.10364","N"
"EFECTY BARRIO GAITAN","ACB074697","Cr 54 # 78-21","Cundinamarca","4.674016,-74.072519","N"
"EFECTY 12 DE OCTUBRE","ACB177361","Cr 50 # 72-15","Cundinamarca","4.668376,-74.073813","N"
"EFECTY GUSTAVO RESTREPO","ACB190317","Cl 31 F # 12 K-32 Sur","Cundinamarca","4.574273,-74.109357","N"
"MULTIPAGAS","ACB197479","Carrera 28 # 11-21","Cundinamarca","4.610297,-74.092421","N"
"GIROS Y FINANZAS RESTREPO","ACB020160","Cr 24 18-11 Sur L-201 C.c. El Portal","Cundinamarca","4.586356,-74.103005","N"
"EFECTY CRA 29 CON 66 II","ACB165469","Cr 29 # 66-06","Cundinamarca","4.6608,-74.075414","N"
"EFECTY C.C. RICAURTE 2","ACB169748","Cr 28 # 11-67","Cundinamarca","4.61062,-74.092099","N"
"PAGAFÁCIL SALUD MARKET","ACB065776","Cl 134 No 57 20","Cundinamarca","4.723337,-74.064236","N"
"EFECTY","ACB352425","Cra 30  53 A   89 Local 3","Cundinamarca","4.645074,-74.079155","N"
"EFECTY RESTREPO CRA. 17.","ACB133459","Av Primero De Mayo # 18 Sur-08","Cundinamarca","4.582811,-74.103636","N"
"EFECTY RED PLATINUM CALLE 26","ACB138652","Cl 26 # 33-49","Cundinamarca","4.630404,-74.083516","N"
"EFECTY MARRUECOS","ACB173806","Cl 49g Sur # 5x-25","Cundinamarca","4.555131,-74.118707","N"
"EFECTY PALOQUEMAO CARRERA 28 A","ACB072321","Cr 28 A # 17-26","Cundinamarca","4.615227,-74.088592","N"
"EFECTY VILLA GLADYS SUR","ACB279078","Cr 10 # 48b-35 Sur","Cundinamarca","4.561629,-74.114286","N"
"EFECTY CENTRO COMERCIAL PUENTE LARGO II","ACB171826","Tv 59 # 106-21 Local 25","Cundinamarca","4.693599,-74.066605","N"
"EFECTY","ACB351293","Cra 28 A 67 64","Cundinamarca","4.66136,-74.07351","N"
"REDY PUENTE LARGO","ACB362996","Av Suba Ak 64 No 104   07","Cundinamarca","4.692033,-74.066754","N"
"EFECTY","ACB350917","Av Calle 72 82 12","Cundinamarca","4.666692,-74.071922","N"
"EFECTY VERGEL CRA 24 II","ACB277285","Cr 24 # 2-19 Local 2","Cundinamarca","4.597537,-74.095599","N"
"EFECTY INVER VARGAS CC PASEO SAN RAFAEL","ACB177338","Cl 134 # 55-30 Local 1-17","Cundinamarca","4.723933,-74.062245","N"
"ACCIONES Y VALORES HOMECENTER KR 30","ACB063082","Cra 30 Con Cl 22 Esquina Cc","Cundinamarca","4.619304,-74.086435","N"
"AyV REDY PUENTE LARGO","ACB067361","Av Suba No 104   07","Cundinamarca","4.691883,-74.066455","N"
"EFECTY","ACB358179","Cra 10 No 12 80","Cundinamarca","4.604364,-74.09226","N"
"AyV EXITO CC CALIMA","ACB066931","Av Calle 19 No 28   80 Lc 3","Cundinamarca","4.617784,-74.086762","N"
"EFECTY 11 DE NOVIEMBRE CALLE 72","ACB074367","Cl 72 # 29-16","Cundinamarca","4.666475,-74.071539","N"
"CONEXRED","ACB303157","Carrera 24  2  297","Cundinamarca","4.604217,-74.092231","N"
"CONEXRED","ACB279869","Calle 63 G 27 A 18 Barrio Siete De Agost","Cundinamarca","4.656723,-74.074029","N"
"EFECTY RESTREPO CALLE 15","ACB074608","Cl 15 Sur # 18-63","Cundinamarca","4.586891,-74.100049","N"
"EFECTY","ACB352283","Calle 15 Sur 18 40","Cundinamarca","4.586836,-74.099812","N"
"EFECTY SIETE DE AGOSTO CRA 27","ACB073795","Cr 27a # 65-37","Cundinamarca","4.658404,-74.073301","N"
"EFECTY RESTREPO CLL 17 SUR","ACB274271","Cl 17 Sur 17-44 Lc 8-9","Cundinamarca","4.585333,-74.100444","N"
"EFECTY EL TRIUNFO CRA 12 BIS C","ACB278307","Cr 12 Bis C # 42b-13 Sur","Cundinamarca","4.564666,-74.111151","N"
"EFECTY EXPRESS MASTER CENTER AV CL 100","ACB274303","Cl 100 # 60-04 Lc 105","Cundinamarca","4.689501,-74.06583","N"
"RESTREPO CENTRO","ACB065710","Calle 15 1760","Cundinamarca","4.586438,-74.099379","N"
"CONEXRED","ACB309757","Calle 138  55  53","Cundinamarca","4.726709,-74.060761","N"
"EFECTY SAN ANDRESITO CRA 23 II","ACB272664","Cr 23 # 8-82","Cundinamarca","4.60537,-74.09073","N"
"EFECTY GRAN AMERICA CRA 30 II","ACB301144","Cr 30 # 25a-47 Local 102","Cundinamarca","4.625724,-74.082629","N"
"EFECTY SABANA CALLE 12","ACB153501","Cr 24 # 12-00","Cundinamarca","4.608712,-74.089099","N"
"EFECTY COUNTRY CALLE 27 SUR 12 G","ACB277757","Cl 27 Sur # 12 G-51","Cundinamarca","4.576561,-74.103933","N"
"EFECTY FUNDACION MUJERES DE EXITO II","ACB177921","Av Cl 22 Sur # 12 H -55","Cundinamarca","4.580503,-74.101707","N"
"BANCAMIA RESTREPO","ACB062728","Avenidanqs 1 16 54","Cundinamarca","4.58076,-74.10156","N"
"EFECTY RIONEGRO AVENIDA SUBA","ACB074390","Cr 60 # 99-05","Cundinamarca","4.688262,-74.065431","N"
"EFECTY SERVIENTREGA NQS U. NACIONAL","ACB072530","Av Cr 30 # 45-20","Cundinamarca","4.634884,-74.079144","N"
"EFECTY C.C. PUERTA GRANDE CLL11","ACB154733","Cl 10 # 22 14 En 6 Lc C 132 B","Cundinamarca","4.606446,-74.089598","N"
"EFECTY 7 DE AGOSTO AV CLL 66","ACB309317","Av Cl 66 # 26-25","Cundinamarca","4.658164,-74.072006","N"
"EFECTY","ACB352294","Ac 3  20a   65 Lc 8","Cundinamarca","4.598064,-74.09312","N"
"ACCIONES Y VALORES OLIMPICA RESTREPO","ACB060210","Cl 16 Sur No 16 43","Cundinamarca","4.585104,-74.0991","N"
"EFECTY","ACB326060","Kr 24  52   53","Cundinamarca","4.610167,-74.087918","N"
"EFECTY","ACB272840","Calle 116  53   43","Cundinamarca","4.700685,-74.062726","N"
"CONEXRED","ACB303168","Carrera  53b 128b 76","Cundinamarca","4.715535,-74.060643","N"
"MULTIPAGAS","ACB271948","Carrera 21  8   42","Cundinamarca","4.604351,-74.089882","N"
"EFECTY 7 DE AGOSTO.","ACB276679","Cr 25 # 64-29","Cundinamarca","4.656714,-74.071812","N"
"REDY BARRIOS UNIDOS","ACB363272","Carrera 25 No 67   78","Cundinamarca","4.656017,-74.071906","N"
"MULTIPAGAS","ACB271915","Carrera 21  9   05","Cundinamarca","4.604925,-74.089409","N"
"EFECTY RIONEGRO CRA 58","ACB276866","Cr 58 N. 97-47","Cundinamarca","4.685899,-74.064879","N"
"CONEXRED","ACB309450","Carrera 27  22  42","Cundinamarca","4.618847,-74.083763","N"
"EFECTY 7 DE AGOSTO IGLESIA II","ACB156494","Cr 24 # 63 F-39","Cundinamarca","4.65599,-74.071693","N"
"EFECTY AV CARACAS CALLE 17 SUR","ACB170528","Cl 17 Sur # 14-20","Cundinamarca","4.583664,-74.098883","N"
"AyV REDY BARRIO 7 DE AGOSTO","ACB067350","Carrera 24 No 63f   52","Cundinamarca","4.655907,-74.071556","N"
"EFECTY SAN JOSE CRA 12 I","ACB194443","Cr 12 D Bis # 24-79 Sur","Cundinamarca","4.576937,-74.102111","N"
"REDY BARRIO 7 DE AGOSTO","ACB362985","Carrera 24 No 63f   52","Cundinamarca","4.656012,-74.071388","N"
"AYV PF GALERIAS","ACB066788","Calle 53 B 25 21 Cc Galerias Entrada 3","Cundinamarca","4.643202,-74.075033","N"
"EFECTY SERVIENTREGA AV CL SEXTA CON 19","ACB072332","Av 6 # 19 A-46","Cundinamarca","4.601285,-74.090428","N"
"EFECTY SERVIENTREGA CRA.24 CALLE 60","ACB071980","Cr 24 # 60-74","Cundinamarca","4.647753,-74.07357","N"
"EFECTY","ACB352337","Calle 15  22 34","Cundinamarca","4.611184,-74.086158","N"
"EFECTY INGLES KRA 27","ACB139697","Cr 27 # 39-84 Local 101","Cundinamarca","4.631518,-74.078509","N"
"EFECTY RIO NEGRO CRA 57 II.","ACB175787","Cl 92 # 57-37","Cundinamarca","4.680827,-74.065062","N"
"EFECTY SAMPER MENDOZA KRA 26","ACB177866","Cr 26 # 22 B-09","Cundinamarca","4.619382,-74.082634","N"
"EFECTY RIO NEGRO CRA 57 CON 94","ACB162718","Cr 57 # 94 B-51","Cundinamarca","4.684107,-74.064254","N"
"EFECTY 7 DE AGOSTO C.C. LAS RAMPAS","ACB075544","Av Cr 24 # 67-37","Cundinamarca","4.658614,-74.070068","N"
"EFECTY BRITALIA NORTE CLL 169","ACB190449","Cl 169 A # 55 A-84","Cundinamarca","4.752556,-74.056738","N"
"EFECTY SAN ANDRESITO SAN JOSE","ACB073047","Cr 20 # 10-10","Cundinamarca","4.605531,-74.087917","N"
"EFECTY CANTALEJO CLL 162","ACB177570","Cr 55 # 162-41","Cundinamarca","4.745273,-74.056785","N"
"EFECTY PASADENA II","ACB076413","Cr 53 # 102 A 82","Cundinamarca","4.691301,-74.062592","N"
"EFECTY DIRECCION GENERAL DIMONEX","ACB170649","Av Americas # 27b-79","Cundinamarca","4.621669,-74.081378","N"
"EFECTY SAN ANDRESITO CLL 9","ACB177855","Cl 9 A # 19 A-21 Lc 105","Cundinamarca","4.604442,-74.087863","N"
"EFECTY COLSUBSIDIO CLL 63 II","ACB153347","Cl 63 # 22-30","Cundinamarca","4.650966,-74.071481","N"
"EFECTY PIJAOS I","ACB302783","Cl 34 B # 11 A-18 Sur","Cundinamarca","4.567844,-74.105358","N"
"EFECTY","ACB357826","Cra 19 D Sur 61 10","Cundinamarca","4.600403,-74.089328","N"
"EFECTY GALERIAS II TRANSVERSAL 24","ACB074598","Tv 24 # 53c-23","Cundinamarca","4.643643,-74.073453","N"
"EFECTY PRINCIPE DE BOCHICA","ACB274413","Cl 48 I # 5 C-18 Sur","Cundinamarca","4.557407,-74.111017","N"
"EFECTY GALERIAS CARRERA 24","ACB354362","Cr 24 # 52-53","Cundinamarca","4.641276,-74.074157","N"
"EFECTY SANTA SOFIA CALLE 77 CON 27 B","ACB277427","Cl 77 # 27 B-14","Cundinamarca","4.668876,-74.066622","N"
"EFECTY NIZA 9","ACB177547","Cl 127 D # 51 A-32","Cundinamarca","4.712242,-74.058815","N"
"EFECTY EXPRESS EFECTY CALLE 27 SUR","ACB323100","Cl 27 Sur # 12-30","Cundinamarca","4.574734,-74.10137","N"
"EFECTY","ACB352414","Kr 24  51   29","Cundinamarca","4.640174,-74.074365","N"
"EFECTY","ACB352348","Cl 19  21   89","Cundinamarca","4.614023,-74.083552","N"
"EFECTY CC SAN FAZON","ACB072903","Cl 13 # 20 -90 Loc 171 Cc San Fazon","Cundinamarca","4.608785,-74.085377","N"
"EFECTY SAN ANTONIO SUR","ACB075401","Cr 15 # 3-12 Sur","Cundinamarca","4.590584,-74.092867","N"
"EFECTY C.C PUERTO RICO","ACB279616","Cr 20 # 13-58 Local 171","Cundinamarca","4.608637,-74.085014","N"
"EFECTY PRADO CALLE 132","ACB300990","Cl 132 # 51-30","Cundinamarca","4.716474,-74.057497","N"
"EFECTY EDUARDO SANTOS DG 4A","ACB273434","Dg 4a # 18a-08","Cundinamarca","4.5974,-74.089589","N"
"EFECTY CC PLAZA ESPAÑA","ACB323319","Cr 19 # 10-85 Local 024 Cc Plaza España","Cundinamarca","4.604834,-74.086309","N"
"CONEXRED","ACB309405","Carrera 18a Bis 73   32","Cundinamarca","4.601376,-74.087591","N"
"EFECTY","ACB357871","Calle 95 49a 11","Cundinamarca","4.684281,-74.062023","N"
"EFECTY C.C. SABANA PLAZA","ACB075643","Cl 13 # 19-71 Lc Lc 1 298","Cundinamarca","4.607637,-74.084686","N"
"MULTIPAGAS","ACB271894","Carrera 51  128 C   80","Cundinamarca","4.716024,-74.056958","N"
"EFECTY ESTANZUELA","ACB073223","Cr 18 # 6-75","Cundinamarca","4.599758,-74.087898","N"
"EFECTY VILLA DEL PRADO CLL 173 IV","ACB151192","Cr 55 # 173-28","Cundinamarca","4.75581,-74.054357","N"
"EFECTY CC FERROCARRIL PLAZA","ACB150717","Cr 19 # 12-74 Local 206","Cundinamarca","4.606582,-74.084948","N"
"EFECTY","ACB352469","Ac 93  49   36","Cundinamarca","4.681001,-74.062332","N"
"EFECTY CRA 24 7 DE AGOSTO","ACB074839","Cr 24 # 74 A-09","Cundinamarca","4.66536,-74.065797","N"
"EFECTY","ACB075566","Calle 167  54 B 38 Local 102","Cundinamarca","4.749509,-74.05442","N"
"EFECTY PRADO CLL 138 II","ACB177822","Cr 52 A # 137 A-45 Local D","Cundinamarca","4.724845,-74.055818","N"
"EFECTY CIUDAD JARDIN CALLE 17 SUR","ACB325883","Cl 17 Sur # 12a-28","Cundinamarca","4.581442,-74.096124","N"
"EFECTY","ACB354186","Calle 17 Sur No 12a 28","Cundinamarca","4.581441,-74.095992","N"
"EFECTY C.C ALTAVISTA","ACB076754","Ak 1 # 65 D-58 Sur Lc 1 30","Cundinamarca","4.538446,-74.120495","N"
"EFECTY CHIA CENTRO COMERCIAL VIVENZA","ACB125111","Cr 10 # 0-49 Local 152","Cundinamarca","4.850613,-74.063547","N"
"EFECTY","ACB356287","Cl 27  25   67","Cundinamarca","4.623603,-74.07762","N"
"EFECTY","ACB351226","Cl 27  25   67","Cundinamarca","4.623603,-74.07762","N"
"EFECTY PRADO VERANIEGO","ACB072365","Cr 49 # 128 B-05","Cundinamarca","4.714316,-74.056296","N"
"EFECTY POLO CLUB","ACB073058","Ak 24 # 86-43","Cundinamarca","4.674705,-74.062798","N"
"EFECTY SANTA SOFIA CLL 80","ACB166789","Av Cl 80 # 24 75","Cundinamarca","4.669383,-74.063985","N"
"EFECTY DIMONEX CRA 49","ACB194508","Cr 49 # 131-12 Lc 3","Cundinamarca","4.717797,-74.055612","N"
"EFECTY DANUBIO AZUL CRA 4 SUR","ACB153688","Cl 56 Sur # 4 H-17","Cundinamarca","4.540909,-74.117984","N"
"REDY POLO","ACB363085","Carrera 24 No 82   64 Lc 04","Cundinamarca","4.670996,-74.063289","N"
"AYV REDY POLO","ACB067459","Carrera 24 No 82   64 Lc 04","Cundinamarca","4.670996,-74.063289","N"
"EFECTY CALLE 135 NORTE","ACB326170","Cl 135 # 49-13","Cundinamarca","4.721925,-74.055013","N"
"EFECTY SOCIEGO KRA 27 SUR","ACB169090","Cl 27 Sur # 10 B-06","Cundinamarca","4.572968,-74.098967","N"
"EFECTY ESTANZUELA CRA 17","ACB074004","Cr 17 # 8-18","Cundinamarca","4.601196,-74.085617","N"
"EFECTY VOTO NACIONAL CLLE 11","ACB154634","Cl 11 # 17-35 Local 105 Voto Nacional","Cundinamarca","4.604085,-74.084237","N"
"EFECTY SEVILLA","ACB177723","Cl 3 Sur # 13-19","Cundinamarca","4.589031,-74.090799","N"
"EFECTY COLOMBIA CRA 19","ACB322989","Cr 19 # 70-03","Cundinamarca","4.658309,-74.065659","N"
"EFECTY SAN FELIPE CALLE 76","ACB308152","Cl 76 # 22-51","Cundinamarca","4.665671,-74.063696","N"
"ACCIONES Y VALORES CARULLA ALHAMBRA","ACB063170","Kr 47 No114a 28 Lc 0206","Cundinamarca","4.698809,-74.057129","N"
"EFECTY","ACB352645","Calle 6  12   110 Local 4","Cundinamarca","4.857756,-74.063396","N"
"GIROS Y FINANZAS METRO 20 DE JULIO","ACB024812","Cr 10 # 30b-20 Sur Piso 2","Cundinamarca","4.569964,-74.099319","N"
"EFECTY AC 6TA POLICIA","ACB272675","Cr 15a # 7-26","Cundinamarca","4.599468,-74.084989","N"
"EFECTY SOCIEGO SUR - COMPENSAR CRA 10","ACB191527","Av Primera De Mayo # 10-73 Local 1","Cundinamarca","4.576189,-74.095404","N"
"EFECTY SAN CIPRIANO","ACB305896","Cl 167 # 51-23","Cundinamarca","4.748651,-74.051259","N"
"CONEXRED","ACB303409","Carrera 4  5 41 Barrio Centro","Cundinamarca","4.349617,-74.452735","N"
"EFECTY ESTANZUELA ESTACION CLL 6","ACB175831","Cr 15 # 7-09","Cundinamarca","4.598903,-74.08445","N"
"EFECTY 20 DE JULIO CALLE 27 SUR","ACB325872","Cl 27 # 9-28 Sur","Cundinamarca","4.57167,-74.097326","N"
"CONEXRED","ACB300242","Diagonal 139 A Bis  127c   47 Barrio Sub","Cundinamarca","4.707077,-74.054382","N"
"EFECTY TEUSAQUILLO ALFONSO LOPEZ","ACB178032","Cr 17 # 48-21","Cundinamarca","4.636302,-74.070196","N"
"CONEXRED","ACB193639","Kr 10 N 5b-30","Cundinamarca","4.855693,-74.061435","N"
"CONEXRED","ACB278945","Carrera 45 A  136 35 Barrio Alcala","Cundinamarca","4.722509,-74.052304","N"
"EFECTY CHIA BARRIO LA BALSA","ACB162400","Cr 4 N. 1-29s","Cundinamarca","4.847201,-74.059143","N"
"EFECTY CHIA LAS ACACIAS","ACB173367","Cl 11 # 13 -39","Cundinamarca","4.8618,-74.062515","N"
"EFECTY CHIA EL ROSARIO","ACB167933","Cr 13 # 10-02","Cundinamarca","4.861127,-74.062319","N"
"EFECTY DANUBIO AZUL CALLE 56 SUR","ACB190351","Cl 56 Sur # 3 F-18","Cundinamarca","4.538819,-74.115608","N"
"EFECTY MOLINOS 2 CRA 5 SUR","ACB307546","Cr 5 # 48r 23 Sur","Cundinamarca","4.549488,-74.108964","N"
"EFECTY","ACB173378","Calle 70a  14a  37","Cundinamarca","4.657621,-74.06332","N"
"EFECTY CENTRO NEGOCIOS AVENIDA COLON","ACB300978","Cl 13 # 15-61 Local A-142","Cundinamarca","4.604352,-74.080971","N"
"CONEXRED","ACB303607","Calle 65 C Sur 1184","Cundinamarca","4.533497,-74.118665","N"
"EFECTY","ACB352326","Calle 13  15   23","Cundinamarca","4.604193,-74.080782","N"
"CONEXRED","ACB303937","Calle 167 48 62","Atlantico","4.748617,-74.049694","N"
"EFECTY CALLE 57 CARRERA 14 II","ACB151828","Cl 57 # 14-89","Cundinamarca","4.644117,-74.066529","N"
"EFECTY PALERMO 45","ACB305434","Cl 45 # 16-77 -79","Cundinamarca","4.63278,-74.069963","N"
"EFECTY SAN PEDRO.","ACB177536","Cl 187 # 55 A 40 L- A 27 C.c. San Pedro","Cundinamarca","4.7668,-74.049285","N"
"EFECTY BRITALIA NORTE CLL 167","ACB177613","Cl 167 # 48-61 Lc 102","Cundinamarca","4.748292,-74.049451","N"
"EFECTY MUNDO TECH","ACB154029","Cl 13 # 14-61","Cundinamarca","4.603974,-74.08053","N"
"EFECTY CC MAZUREN","ACB074181","Aut Norte Cl 152 Cc. Mazuren Lc 1-61","Cundinamarca","4.735215,-74.050024","N"
"EFECTY","ACB352304","Av Caracas 9 48 Lc 117","Cundinamarca","4.600275,-74.082056","N"
"EFECTY CONCEPCION CLL 69 BIS","ACB154623","Cl 69 Bis # 14-32","Cundinamarca","4.656082,-74.062859","N"
"EFECTY FERIAS OCCIDENTAL","ACB153402","Cl 66 # 13-65 Local 8","Cundinamarca","4.652879,-74.063621","N"
"MULTIPAGAS","ACB196830","Calle 11 # 10-35","Cundinamarca","4.860853,-74.060985","N"
"EFECTY GALERIAS CALLE 53","ACB178043","Cl 53 # 14-78","Cundinamarca","4.640621,-74.067037","N"
"EFECTY AV CARACAS CON 72 II","ACB169474","Av Caracas # 72-24","Cundinamarca","4.659756,-74.061665","N"
"EFECTY TEUSAQUILLO CALLE 32 I","ACB308107","Av Cl 32 # 18-06","Cundinamarca","4.620577,-74.073737","N"
"MULTIPAGAS","ACB271827","Carrera 1  65 D 58 S","Cundinamarca","4.532218,-74.11844","N"
"EFECTY CRA 8 SUR","ACB277043","Cr 8 # 22-68 Sur","Cundinamarca","4.572519,-74.094598","N"
"EFECTY","ACB352315","Avenida Caracas 10 22 Loc 101","Cundinamarca","4.601061,-74.081243","N"
"DON PAGO","ACB322253","Cr 10  30 B 20   Sur","Cundinamarca","4.574758,-74.093196","N"
"EFECTY EXPRESS EFECTY LAS FLORES.","ACB326082","Cr 13 #68-14 Local12","Cundinamarca","4.65466,-74.06253","N"
"EFECTY MINICENTRO CALLE 60","ACB279627","Cr 13 A # 60-24 Local 188","Cundinamarca","4.647524,-74.064385","N"
"GIROS Y FINANZAS CHAPINERO","ACB020928","Cr 13 # 63-39 L-14","Cundinamarca","4.649791,-74.063686","N"
"EFECTY PALERMO SUR","ACB325849","Cr 3 # 49b-20 Sur","Cundinamarca","4.544587,-74.109797","N"
"EFECTY PALERMO CALLE 45 2","ACB277449","Cl 45 # 15-06","Cundinamarca","4.632762,-74.06875","N"
"EFECTY POLICARPA","ACB072596","Cl 4 # 11a-06","Cundinamarca","4.59416,-74.083564","N"
"EFECTY SANTA LUCIA","ACB074060","Av Caracas Ak 14 # 48-58 Sur","Cundinamarca","4.60433,-74.079157","N"
"BANCAMIA AV CARACAS","ACB061860","Av Caracas 74 51 55","Cundinamarca","4.63897,-74.06667","N"
"CONEXRED","ACB270145","Carrera 13 63 21 Lc 103","Cundinamarca","4.649624,-74.0635","N"
"EFECTY LAS MARGARITAS CALLE 150","ACB075906","Cl 150 # 23-32","Cundinamarca","4.732022,-74.049071","N"
"EFECTY SAN BERNARDO CRA 11","ACB177745","Cr 11 # 1b-42","Cundinamarca","4.590965,-74.084863","N"
"AYV REDY CALLE 58","ACB067448","Calle 58 No 13   40 Lc Piso 1","Cundinamarca","4.644649,-74.064858","N"
"REDY CALLE 58","ACB363074","Calle 58 No 13   40 Lc Piso 1","Cundinamarca","4.644649,-74.064858","N"
"EFECTY CENTRO PRINCIPAL","ACB077261","Cl 10 # 9-43","Cundinamarca","4.859648,-74.059703","N"
"BANCAMIA CHIA","ACB062058","Cl 10 No 9 13","Cundinamarca","4.859925,-74.059637","N"
"MULTIPAGAS","ACB198997","Carrera 13  11   32","Norte De Santander","4.60168,-74.079965","N"
"EFECTY AV CARACAS CON 48","ACB150519","Av Caracas # 48-71","Cundinamarca","4.6361,-74.067213","N"
"ACCIONES Y VALORES EXITO CHAPINERO","ACB061705","Cl 52 No 13 70 Primer Piso","Cundinamarca","4.639935,-74.065939","N"
"REDY 20 DE JULIO","ACB363283","Carrera 7 No 24   22 Sur","Cundinamarca","4.571132,-74.094017","N"
"MULTIPAGAS","ACB197105","Calle 61 # 11-35","Cundinamarca","4.647673,-74.063473","N"
"EFECTY","ACB320493","Calle 24  15   22","Cundinamarca","4.613184,-74.074807","N"
"EFECTY GRANADA NORTE II","ACB153336","Autopista Norte # 167 A-27","Cundinamarca","4.749028,-74.047375","N"
"CONEXRED","ACB303366","Carrera 9 1115","Cundinamarca","4.860735,-74.059106","N"
"CONEXRED","ACB320086","Calle 12a  18  91","Boyaca","4.649123,-74.06268","N"
"EFECTY 20 DE JULIO IGLESIA","ACB076138","Cr 5 A # 27-18 Sur","Cundinamarca","4.568728,-74.094677","N"
"COOPERATIVA FINANCIERA DE ANTI","ACB172508","Cra 13 # 55-30","Cundinamarca","4.64248,-74.064548","N"
"EFECTY CHAPINERO CLL 66.","ACB152269","Cr 11 # 66-53","Cundinamarca","4.652482,-74.061647","N"
"CONEXRED","ACB303102","Carrera 6 24a Sur 36","Cundinamarca","4.570708,-74.093569","N"
"ACCIONES Y VALORES OFICINA EL LAGO","ACB063181","Kr 15 No 75 63 Lc 2","Cundinamarca","4.665107,-74.058266","N"
"MULTIPAGAS","ACB197293","Av. Carrera 15 #78 33","Cundinamarca","4.665036,-74.05822","N"
"ACCIONES Y VALORES PF OFICINA TOBERIN","ACB065017","Autopista Norte 163a 40","Cundinamarca","4.744909,-74.047135","N"
"ACCIONES Y VALORES HOMECENTER AUTONORTE","ACB060375","Autopista Norte No 175 50 Primer Nivel","Cundinamarca","4.755598,-74.046694","N"
"EFECTY SERVIENTREGA COUNTRY II","ACB072848","Cl 79 # 15-22","Cundinamarca","4.665475,-74.057903","N"
"CONEXRED","ACB279595","Calle 9 Sur  8 07 Barrio Narino Sur","Cundinamarca","4.581711,-74.087563","N"
"EFECTY C.C. MADRUGON CALLE 11","ACB130797","Cl 11 N. 11-19 L C6","Cundinamarca","4.600667,-74.07902","N"
"EFECTY GRAN CENTRO SAN VICTORINO","ACB073290","Cl 9 # 10-10 Lc 1282","Cundinamarca","4.598547,-74.07962","N"
"EFECTY C.C. SANTA FE LOCAL 3-38","ACB177525","Cl 185 # 45-03 Local 3-38","Cundinamarca","4.763346,-74.046232","N"
"A Y V PF OFICINA ANTIGUO COUNTRY","ACB064665","Kr 16 A No 85 21 Lc Edificio Cruz","Cundinamarca","4.670976,-74.056238","N"
"EFECTY NARIÑO SUR","ACB073092","Cr 8 # 8-34 Sur","Cundinamarca","4.581897,-74.086951","N"
"CONEXRED","ACB300143","Carrera 2 87 C 91  Sur Barrio Chico Sur","Cundinamarca","4.584014,-74.085876","N"
"ACCIONES Y VALORES EXITO 20 DE JULIO","ACB060111","Cl 21 No 5 A 34 Sur Exito 20 De Julio","Cundinamarca","4.572385,-74.091577","N"
"CONEXRED","ACB157077","Ac 100 19  61 Of 901 Barrio Chico","Cundinamarca","4.685794,-74.052917","N"
"EFECTY CHAPINERO CALLE 61","ACB073344","Cl 61 # 9-40","Cundinamarca","4.646937,-74.061944","N"
"EFECTY SAN VICTORINO CRA 10","ACB273247","Cl 12 # 10-69 Lc 79","Cundinamarca","4.601137,-74.078016","N"
"EFECTY VILLA DE LOS ALPES CLLE 32 SUR","ACB178098","Cr 3 C # 32 Sur-02 Villa De Los Alpes","Cundinamarca","4.562318,-74.096657","N"
"EFECTY GUACAMAYAS","ACB178197","Cl 37 A Bis Sur # 2g-45 Ps 1","Cundinamarca","4.558186,-74.098888","N"
"EFECTY 20 DE JULIO EXITO","ACB074213","Cl 20 N # 5a-18 Sur","Cundinamarca","4.572506,-74.091197","N"
"EFECTY DIANA TURBAY CRA 1 SUR","ACB177493","Cl 48 X Sur # 1 A-50","Cundinamarca","4.545839,-74.106027","N"
"MULTIPAGAS","ACB271795","Carrera 10 30b 20","Cundinamarca","4.654557,-74.059658","N"
"EFECTY EXPRESS LA SALLE CRA 13 A","ACB320426","Cr 13 A #77 A-22","Cundinamarca","4.663534,-74.057323","N"
"MULTIPAGAS","ACB271850","Carrera 10  10   11","Cundinamarca","4.599435,-74.078385","N"
"EFECTY CENTRO COMERCIAL PUERTO LOCURA","ACB166064","Cr 10 # 11-45","Cundinamarca","4.600698,-74.077831","N"
"EFECTY CHIA LAURA VICUÑA","ACB156889","Cl 12 # 7-46","Cundinamarca","4.860813,-74.057357","N"
"EFECTY HOSPITAL DE LA SAMARITANA CRA 8","ACB178119","Cr 8 # 1 A 09 Sur","Cundinamarca","4.586122,-74.084146","N"
"EFECTY CHAPINERO CALLE 57","ACB073191","Cl 57 # 7-54","Cundinamarca","4.643406,-74.062449","N"
"MULTIPAGAS","ACB270639","Calle 185 45-03","Cundinamarca","4.76245,-74.045201","N"
"EFECTY CHICO CRA 15 CON 84","ACB300439","Cr 15 #84 A-54","Cundinamarca","4.669549,-74.055442","N"
"EFECTY C.C.AV CHILE","ACB320570","Av Chile Cr 10 # 72-21","Cundinamarca","4.656786,-74.058489","N"
"BANCAMIA PRINCIPAL","ACB062674","Kr 9 No 66 25 O Cl 67 No 9 17","Cundinamarca","4.651748,-74.059818","N"
"EFECTY","ACB358168","Calle 60 D Sur No 13a 28 Este","Cundinamarca","4.601386,-74.076941","N"
"EFECTY TEUSAQUILLO II","ACB151862","Cr 13 # 38-94","Cundinamarca","4.626864,-74.067222","N"
"GIROS Y FINANZAS ÉXITO AUTOPISTA NORTE","ACB024768","Cl. 175 # 22-13 L-10","Cundinamarca","4.755034,-74.044854","N"
"EFECTY","ACB350962","Calle 5  1b  09 Local 1","Cundinamarca","4.850559,-74.054076","N"
"EFECTY","ACB356001","Calle 5  1b  09 Local 1","Cundinamarca","4.850559,-74.054076","N"
"CONEXRED","ACB303915","Carrera 7  8  105","Cundinamarca","4.580898,-74.085689","N"
"EFECTY DIMONEX CALLE 10","ACB325915","Cl 10 # 9-29","Cundinamarca","4.598456,-74.077724","N"
"EFECTY SAN JAVIER","ACB178296","Cr 7 # 10-42 Sur","Cundinamarca","4.579182,-74.086409","N"
"EFECTY BULEVAR CALLE 41","ACB178373","Cl 41 A # 8-25","Cundinamarca","4.629316,-74.065947","N"
"EFECTY AV JIMENEZ CON 9","ACB073849","Ac 13 # 9-62 Lc 107","Cundinamarca","4.602321,-74.076018","N"
"EFECTY CRA 7 CON 51","ACB153666","Cr 7 # 51 A-04","Cundinamarca","4.63796,-74.063149","N"
"EFECTY CEDRITOS AV 19","ACB073926","Ak 19 # 136-38","Cundinamarca","4.720487,-74.046258","N"
"EFECTY LA FISCALA","ACB167054","Tv 2 C Este # 64-74 Sur","Cundinamarca","4.534015,-74.111615","N"
"EFECTY JUZGADOS CRA 9","ACB272653","Cr 9 # 11-34 Loc 120","Cundinamarca","4.599687,-74.07682","N"
"A Y V CC SORPRESAS  CEDRITOS","ACB061190","Av Kr 19 No 136a 06","Cundinamarca","4.721102,-74.046069","N"
"CONEXRED","ACB195949","Cl 3 # 14 A - 28","Atlantico","4.535169,-74.110728","N"
"GIROS Y FINANZAS CENTRO INTERNACIONAL","ACB020061","Cl. 28 # 13-22 L-28 C.c. Palma Real","Cundinamarca","4.615883,-74.070236","N"
"EFECTY EXPRESS EFECTY LAS NIEVES","ACB308097","Cr 10# 21-29","Cundinamarca","4.608835,-74.07292","N"
"EFECTY LA ALAMEDA CENTRO CLL 25","ACB177789","Cl 25 # 12-27 Local 3","Cundinamarca","4.612044,-74.071658","N"
"EFECTY BATALLON DE INFANTERIA","ACB277483","Cr 8 # 6c-25","Cundinamarca","4.59401,-74.079052","N"
"AyV REDY CENTRO INTERNACIONAL","ACB067404","Carrera 10 No 27  51 Lc 181a","Cundinamarca","4.61292,-74.071303","N"
"EFECTY CENTRO FRENTE CONTRALORIA","ACB076743","Cl 17 # 9-33 Local 2","Cundinamarca","4.604761,-74.074345","N"
"EFECTY CALLE 22 A SUR","ACB301034","Cl 22 A Sur # 3-52","Cundinamarca","4.570806,-74.089865","N"
"EFECTY CHIA CC SAN TELMO","ACB171936","Cl 10 # 3-82","Cundinamarca","4.857307,-74.054772","N"
"EFECTY CAMARA Y COMERCIO II","ACB277438","Cr 9 16 49","Cundinamarca","4.603975,-74.074536","N"
"EFECTY C.C. AUTOPISTA 184","ACB072837","Av Cr 45 # 183a-86 Lc 65","Cundinamarca","4.761462,-74.04355","N"
"EFECTY UNIVERSIDAD JAVERIANA","ACB323045","Cr 7 # 41-45","Cundinamarca","4.629074,-74.06511","N"
"ACCIONES Y VALORES S.A.","ACB060902","Cra 16 93 A 16 Pi 3","Cundinamarca","4.678991,-74.051779","N"
"BANCAMIA CENTROBOGOTA","ACB062025","Cl 12b No 8  43","Cundinamarca","4.600744,-74.075559","N"
"EFECTY PAGOS Y GIROS MUNDO MOVIL","ACB277362","Cl 15 # 8 A -27","Cundinamarca","4.602421,-74.074793","N"
"ACCIONES Y VALORES S A CSC","ACB060012","Cll 72 No 7 - 64","Cundinamarca","4.678014,-74.051638","N"
"EFECTY","ACB352502","Calle 98  17 A   31","Cundinamarca","4.684511,-74.050365","N"
"MULTIPAGAS","ACB271861","Carrera 7  32   35","Cundinamarca","4.619311,-74.068129","N"
"CONEXRED","ACB192539","Cl 20 No 9   03","Atlantico","4.607327,-74.072658","N"
"BANCAMIA PRIMERO DE MAYO","ACB062663","Transversal 78 H No 44 A  05 Sur","Cundinamarca","4.66274,-74.05496","N"
"EFECTY LAS CRUCES","ACB178207","Cr 7 # 2-92","Cundinamarca","4.590406,-74.079706","N"
"EFECTY HOSPITAL MILITAR","ACB154777","Cl 49 # 5-10","Cundinamarca","4.635762,-74.062435","N"
"EFECTY","ACB278880","Carrera 15 N  93a 15","Cundinamarca","4.678187,-74.051456","N"
"EFECTY CARRERA 9 CON 20","ACB323463","Cr 9 # 20-58 Loca L 14","Cundinamarca","4.607476,-74.072476","N"
"GIROS Y FINANZAS JUMBO MERCURIO","ACB024724","Cr 7 # 32-25 L-170 Soacha","Cundinamarca","4.619507,-74.06789","N"
"EFECTY VILLA MAGDALA AV 19 NO 154-55","ACB073960","Av 19 # 154-55","Cundinamarca","4.737921,-74.043621","N"
"EFECTY","ACB162741","Carrera 8 12a 47","Cundinamarca","4.600396,-74.075234","N"
"ACCIONES Y VALORES","ACB060979","Oficina Chico","Cundinamarca","4.67844,-74.051233","N"
"EFECTY RED PLATINUM C.C. SAN MARTIN","ACB199338","Cr 7 # 32-12 Lc 001","Cundinamarca","4.61886,-74.067977","N"
"REDY CENTRO INTERNACIONAL","ACB363030","Carrera 10 No 27   51 Lc 181a","Cundinamarca","4.614526,-74.069568","N"
"EFECTY EL NOGAL.","ACB152225","Cr 11 # 80-27","Cundinamarca","4.664614,-74.053794","N"
"ACCIONES Y VALORES S A","ACB063697","Calle 72 No 7 64 Piso 11","Cundinamarca","4.655515,-74.055956","N"
"ACCIONES Y VALORES OFICINA CL 72","ACX061738","Cl 72 No 7 64 Piso 12","Cundinamarca","4.655749,-74.055793","N"
"AyV FIC","ACB067635","Calle 72 No 7 - 64","Cundinamarca","4.655691,-74.055788","N"
"AyV DAVIPLATA","ACB067624","Calle 72 No 7 - 64","Cundinamarca","4.655691,-74.055788","N"
"EFECTY CENTRO COMERCIAL CENTRO CHIA","ACB270244","Av Pradilla # 9-00 Este Local 2020","Cundinamarca","4.863509,-74.054695","N"
"MULTIPAGAS","ACB197303","Calle 30a # 6-24","Cundinamarca","4.616708,-74.067774","N"
"EFECTY CANDELARIA CENTRO CRA 7","ACB074192","Cr 7 # 12a-20 Local 16","Cundinamarca","4.599615,-74.07441","N"
"MULTIPAGAS","ACB271805","Carrera 7 12b 27","Cundinamarca","4.600495,-74.074013","N"
"EFECTY PLAZA BOLIVAR","ACB073201","Cl 12 Bis # 6-91 Local","Cundinamarca","4.599154,-74.074557","N"
"REDY MERCANTIL","ACB363250","Calle 19 No 7   44 Ed Covinoc P H","Cundinamarca","4.605801,-74.071811","N"
"GIROS Y FINANZAS CALLE 73  POSTNET","ACB026012","Cl 73 No 7 16 Interior Postnet","Cundinamarca","4.656312,-74.055076","N"
"GIROS Y FINANZAS C.C. PASAJE SANTANDER","ACB025978","Cr 7 # 1775 L-4","Cundinamarca","4.604156,-74.072152","N"
"GIROS Y FINANZAS CALLE 73 (POSTNET)","ACB020753","Cl. 73 # 7-16 Local 2","Cundinamarca","4.656192,-74.054938","N"
"AyV PAGAFACIL CHICO 94","ACB368464","Cl 94  11a   50","Cundinamarca","4.678237,-74.049795","N"
"GIROS Y FINANZAS C.C. CEDRITOS","ACB020940","Diag. 151 # 32-19 L-1054","Cundinamarca","4.73215,-74.042435","N"
"GIROS Y FINANZAS CHICÓ","ACB020027","Cr 15 # 97-66","Cundinamarca","4.682886,-74.048767","N"
"EFECTY REAL DE LA CANDELARIA II","ACB325926","Cl 12 # 6-45 Local 144 D","Cundinamarca","4.598677,-74.074189","N"
"EFECTY CENTRO COMERCIAL MONSERRATE CRA 7","ACB151015","Cr 7 # 18-42 Lc 110","Cundinamarca","4.604711,-74.071679","N"
"EFECTY CHIA AVENIDA PRADILLA","ACB190450","Av Pradilla # 5 -45","Cundinamarca","4.862407,-74.053439","N"
"CONEXRED","ACB198788","Cl 17 21 52 Brr Topacio","Atlantico","4.686479,-74.047889","N"
"EFECTY","ACB352513","Carrera 15  100   69 Local 3","Cundinamarca","4.686472,-74.047852","N"
"CONEXRED","ACB355000","Carrera 6 4 50","Cundinamarca","4.352087,-74.361996","N"
"CONEXRED","ACB324662","Carrera 6 4 50","Cundinamarca","4.352087,-74.361996","N"
"EFECTY CC MONSERRATE","ACB074136","Cl 19 # 5-93 Lc 250 A","Cundinamarca","4.604575,-74.07127","N"
"EFECTY SAN MARTIN.","ACB136474","Cr 5 # 32-21","Cundinamarca","4.617744,-74.066071","N"
"AYV PF FUSAGASUGA","ACB065084","Calle 8 No 6   13","Cundinamarca","4.352359,-74.359502","N"
"EFECTY PEPE SIERRA - CARRULLA VIVERO","ACB073322","Cl 114 # 16-32","Cundinamarca","4.696429,-74.045682","N"
"EFECTY GLORIETA CLL 100","ACB177657","Cl 100 # 14-63 Local 107","Cundinamarca","4.684363,-74.047599","N"
"EFECTY","ACB357859","Calle 11 Sur 2  11 Local 3","Cundinamarca","4.575916,-74.083506","N"
"ACCIONES Y VALORES","ACB061343","Avenida Cl 19","Cundinamarca","4.604772,-74.070435","N"
"ACCIONES Y VALORES PF OFICINA CHICO 94","ACB064786","Cra 13 94  26 Barrio Chico","Cundinamarca","4.678595,-74.04828","N"
"EFECTY CHIA AV CHILACOS ALTAVISTA","ACB169661","Cl 21 # 6-43","Cundinamarca","4.867534,-74.053417","N"
"EFECTY CENTRO CALLE 22 II","ACB178229","Cl 22 # 5-15","Cundinamarca","4.607052,-74.069288","N"
"ACCIONES Y VALORES OFICINA AV JIMENEZ","ACB060100","Av Jimenez Calle 15","Cundinamarca","4.600788,-74.071776","N"
"EFECTY SERVIENTREGA AVENIDA 15","ACB072222","Av 15 # 106-51","Cundinamarca","4.691251,-74.04562","N"
"EFECTY CANDELARIA","ACB073575","Cr 5 # 12c-55","Cundinamarca","4.600271,-74.071735","N"
"EFECTY PUNTO MOVIL BOGOTA II","ACB074972","Cl 96 # 12-55","Cundinamarca","4.680405,-74.047539","N"
"EFECTY DIRECCION GENERAL EFECTY","ACB072190","Cl 96 # 12-55","Cundinamarca","4.680405,-74.047539","N"
"EFECTY LA COLMENA CRA 2 ESTE SUR","ACB274336","Cr 2 Este # 40 A-18 Sur","Cundinamarca","4.551153,-74.095868","N"
"EFECTY 20 DE JULIO CC ANDES PLAZA","ACB192012","Cr 1c # 12 -39 Local 5","Cundinamarca","4.857596,-74.050474","N"
"EFECTY EXPRESS EFECTY CENTRO CALLE 6.","ACB320602","Cl 6 D # 3 A-08","Cundinamarca","4.592232,-74.074353","N"
"EFECTY SANTA BARBARA CRA 15","ACB300572","Cr 15 124-09 Local 102","Cundinamarca","4.702363,-74.043018","N"
"EFECTY C.C. CHIA ALEROS DE LA SABANA","ACB308284","Av Pradilla 3-40 Lc 126","Cundinamarca","4.863357,-74.051073","N"
"EFECTY TOBERIN PARQUE PRINCIPAL","ACB177767","Cl 164 # 16 B- 78","Cundinamarca","4.743487,-74.039072","N"
"EFECTY CENTRO COMERCIAL UNICENTRO_","ACB300549","Ak 15 # 124-30","Cundinamarca","4.702205,-74.042706","N"
"EFECTY CALLE 185 NORTE","ACB326181","Cl 185 # 17-42","Cundinamarca","4.761982,-74.038497","N"
"EFECTY ORQUIDEAS CLL 161","ACB131358","Cl 161 # 16 A-05","Cundinamarca","4.739711,-74.03905","N"
"EFECTY EL TRIUNFO CLLE 1 A","ACB178285","Cl 1 A Bis A # 2 A-35","Cundinamarca","4.583353,-74.077822","N"
"EFECTY CHIA TIQUIZA 4 ESPQUINAS","ACB190416","Sc 4 Lt 2 Tiquiza Esquinas","Cundinamarca","4.864751,-74.05093","N"
"EFECTY CHIA C.C. FONTANAR.","ACB305544","Cc Fontanar Chia Kiosko Zona Ervicios","Cundinamarca","4.864751,-74.05093","N"
"CONEXRED","ACB303070","Carrera 5  79  05","Cundinamarca","4.660231,-74.050287","N"
"EFECTY CEDRITOS CALLE 147","ACB076215","Cl 147 # 14-09","Cundinamarca","4.728426,-74.039245","N"
"EFECTY LA VICTORIA","ACB072882","Cr 4 Este # 36k-28 Sur","Cundinamarca","4.554444,-74.091873","N"
"CONEXRED","ACB300208","Calle 32a Sur 26 C 04 Barrio Murillo Tor","Cundinamarca","4.617146,-74.063139","N"
"BANCAMIA TOBERIN","ACB062937","Cl 166 No 19 B 70","Cundinamarca","4.74516,-74.03802","N"
"EFECTY","ACB352481","Calle 100  11 B   27 Piso 2","Cundinamarca","4.683179,-74.045018","N"
"EFECTY MARICHUELA","ACB178340","Tv 1 D # 76 B-03 Sur","Cundinamarca","4.512193,-74.11844","N"
"EFECTY SERVIENTREGA COUNTER UNICENTRO","ACB072178","C.c. Unicentro Parqueadero","Cundinamarca","4.70217,-74.04152","N"
"EFECTY FRENT AL TERM DE TRANSPORTES","ACB301616","Cr 27 # 3 36","Cundinamarca","4.344925,-74.376713","N"
"EFECTY USAQUEN 182 A","ACB177734","Cr 16 # 182 A-24","Cundinamarca","4.759694,-74.037313","N"
"A Y V PF OFICINA CC UNICENTRO","ACB065491","Carrera 15 124 30","Cundinamarca","4.702282,-74.041482","N"
"EFECTY JUMBO CHIA","ACB112373","Av Pradilla # 2 E-71 Local 68","Cundinamarca","4.863451,-74.049374","N"
"CONEXRED","ACB307348","Cale 7  4  17","Cundinamarca","5.18753,-74.481222","N"
"CONEXRED","ACB300231","Carrera 9 26 78","Cundinamarca","4.347186,-74.364133","N"
"EFECTY HOSPITAL SAN BLAS","ACB320514","Cl 19 Sur # 10-08 Este","Cundinamarca","4.570387,-74.082209","N"
"EFECTY","ACB352656","Km 10 3 Via Bogota  Sopo","Cundinamarca","4.865817,-74.049647","N"
"EFECTY","ACB131006","Carrera 14 Bis  54   08 Sur","Cundinamarca","4.514362,-74.115893","N"
"CONEXRED","ACB270673","Calle 2 11a 30","Cundinamarca","4.346712,-74.365344","N"
"CONEXRED","ACB270761","Diagonal 87 Sur 14i 05 Lc 1","Cundinamarca","4.512113,-74.117446","N"
"CONEXRED","ACB198481","Cra 10b Este    21 70 Sur Brr San Blas","Cundinamarca","4.567644,-74.083298","N"
"CONEXRED","ACB322583","Carrera 6  23b 01","Cundinamarca","4.347349,-74.361712","N"
"EFECTY SANTA LIBRADA IV.","ACB154689","Av Cr 1 # 75-53 Local 7","Cundinamarca","4.655696,-74.049676","N"
"EFECTY LA VICTORIA PARQUE PRINCIPAL II","ACB178230","Cl 39 A Sur # 5-44 Este","Cundinamarca","4.551103,-74.091722","N"
"EFECTY SAN BLAS CARRERA 10 ESTE","ACB168198","Cr 10 B Este # 24 Sur-42","Cundinamarca","4.566506,-74.083291","N"
"EFECTY CALLE 129","ACB073003","Cr 13 # 128 C-73 Lc 104","Cundinamarca","4.713439,-74.038582","N"
"CONEXRED","ACB192210","Cr 1 C  74 B 48 Sur","Cundinamarca","4.516263,-74.113618","N"
"EFECTY UTICA CRA 3","ACB136452","Cr 3 # 4-37","Cundinamarca","5.188743,-74.479551","N"
"EFECTY SAN JUAN BAUTISTA CL 74 SUR","ACB272895","Cl 74 B Sur # 0-07","Cundinamarca","4.518175,-74.111993","N"
"CONEXRED","ACB198492","Cll 19 Sur   10b  37 Este","Cundinamarca","4.569469,-74.081173","N"
"EFECTY CTRO CIAL PUERTA DEL SOL","ACB073124","Cl 140 N # 11-58 Lc 30","Cundinamarca","4.719454,-74.036541","N"
"EFECTY MARICHUELA CALLE 76 SUR","ACB170485","Cl 76 C Sur # 0-05","Cundinamarca","4.511474,-74.115269","N"
"EFECTY SAN CRISTOBAL II","ACB166701","Cl 13 Sur # 10 C-84 Este","Cundinamarca","4.571209,-74.078918","N"
"BANCAMIA FUSAGASUGA","ACB062256","Cl 7 No 5 49","Cundinamarca","4.344501,-74.361429","N"
"EFECTY SAN ANTONIO NORTE C.C. MULTIPLAZA","ACB075159","Cr 11 # 183-15 Lc 103 104","Cundinamarca","4.760501,-74.033341","N"
"EFECTY LA GLORIA DIAGONAL 43 SUR","ACB272873","Dg 43 Sur # 6 B -30 Este","Cundinamarca","4.545796,-74.09135","N"
"EFECTY FUSAGASUGA CATEDRAL","ACB178823","Cr 6 # 6 -24","Cundinamarca","4.343727,-74.361552","N"
"EFECTY CALLE 7 PRINCIPAL","ACB079373","Cl 7 # 7-56","Cundinamarca","4.343422,-74.362805","N"
"CONEXRED","ACB307326","Calle 188 11 34","Cundinamarca","4.765255,-74.032676","N"
"CONEXRED","ACB275041","Carrera 7  7 10 Barrio Centro","Cundinamarca","4.343276,-74.362242","N"
"GIROS Y FINANZAS SANTA BARBARA-MOVISTAR","ACB020391","Av. Cr 7 # 116-50 L-101 Int.movistar","Cundinamarca","4.695429,-74.037609","N"
"EFECTY TIBABITA","ACB152841","Cr 11 A # 191 A-52 Local 1","Cundinamarca","4.769349,-74.03251","N"
"EFECTY EXPRESS EFECTY CALLE 92 B SUR","ACB305401","Cl 92 B Sur # 2-18","Cundinamarca","4.506067,-74.116793","N"
"CONEXRED","ACB320196","Carrera 6  7  49","Cundinamarca","4.343334,-74.361703","N"
"EFECTY EXITO CALLE 134","ACB074301","Cl 134 # 9-51 Local 2081-160","Cundinamarca","4.713207,-74.034928","N"
"EFECTY","ACB357639","Calle 188 9 87","Cundinamarca","4.7648,-74.03217","N"
"CONEXRED","ACB199503","Cr 5 7 51","Cundinamarca","4.343152,-74.360877","N"
"AYV PF CC AVENIDA FUSAGASUGA","ACB067525","Calle 8 N 24   84 Lc 133b Cc Av Fusagasu","Cundinamarca","4.343377,-74.358539","N"
"EFECTY FUSAGASUGA BARRIO VERGEL","ACB301605","Cl 26 B # 3 F-34","Cundinamarca","4.340643,-74.369653","N"
"EFECTY LA ANDREA II","ACB173752","Cl 78 Sur # 1 D-44 Este","Cundinamarca","4.510711,-74.111952","N"
"CONEXRED","ACB198470","Av Cra 9 Este   36g  21 Sur Brr La Y","Cundinamarca","4.55331,-74.084866","N"
"EFECTY YOMASA","ACB074565","Cr 49 Este # 87-27 Sur","Cundinamarca","4.508014,-74.113578","N"
"EFECTY CARRERA 7 SUCURSAL","ACB079384","Cr 7 # 10-26","Cundinamarca","4.340824,-74.362192","N"
"EFECTY LOS LACHES","ACB175798","Dg 3 C # 8-69 Este","Cundinamarca","4.584806,-74.067851","N"
"EFECTY TIBABITA II SECTOR","ACB178449","Cl 185 # 8-64","Cundinamarca","4.761632,-74.029703","N"
"EFECTY EL MORAL CRA 8 A","ACB308206","Cr 8a # 153-64 Lc 14","Cundinamarca","4.731404,-74.030408","N"
"EFECTY ESTADIO","ACB121216","Av 6 # 16-86","Cundinamarca","4.339243,-74.365446","N"
"EFECTY LIJACA CALLE 189.","ACB169715","Cl 189 # 8 A-10 Lc 1","Cundinamarca","4.765813,-74.029248","N"
"EFECTY SAN CRISTOBAL NORTE CALLE 163 A","ACB075731","Cl 163 A # 8 F-43","Cundinamarca","4.73994,-74.029687","N"
"EFECTY CRA 8 F CON 161 A","ACB195170","Cr 8 F # 161 A 33","Cundinamarca","4.738664,-74.029707","N"
"EFECTY SANTA RITA CRA 10 ESTE","ACB277582","Cr 10 Este 52-50 Sur","Cundinamarca","4.538425,-74.091149","N"
"EFECTY BARRANCAS EL DORADO","ACB076039","Cl 156 # 8 A-75","Cundinamarca","4.733382,-74.029989","N"
"EFECTY LA GLORIA 1","ACB129973","Dg 45c Sur # 11-56 Este","Cundinamarca","4.543369,-74.088064","N"
"EFECTY LIJACA CALLE 191","ACB075478","Cr 8 # 191-10","Cundinamarca","4.768185,-74.028747","N"
"PF CODABAS BOGOTA","ACB067877","Cra 7 No 180   75 Md 2 Lc 12 Y 13","Cundinamarca","4.756868,-74.028558","N"
"EFECTY CHIA BETEL","ACB191561","Cr 3 # 31 -36 Casas 41","Cundinamarca","4.878507,-74.044524","N"
"EFECTY SAN ANTONIO NORTE","ACB139972","Cl 182 # 7 C-11","Cundinamarca","4.758757,-74.028305","N"
"GIROS Y FINANZAS SANTA BARBARA MOVISTAR","ACB026209","Av Cr 7 No 116 50 Local 101","Cundinamarca","4.694238,-74.033093","N"
"GIROS Y FINANZAS CHÍA OLÍMPICA","ACB024252","Av Pradilla 5-31 Este L-133 Int.olimpica","Cundinamarca","4.865535,-74.039917","N"
"EFECTY CODITO KR 6A","ACB326192","Cr 6a # 189 A-19","Cundinamarca","4.766239,-74.02725","N"
"AYV PF CHIA","ACB067493","Calle 24 N 3e   120","Cundinamarca","4.869301,-74.040529","N"
"EFECTY SAN AGUSTIN GALERIA","ACB117598","Cl 14 # 9 09","Cundinamarca","4.376561,-74.670132","N"
"EFECTY C.C. BELMIRA PLAZA II","ACB154908","Cl 140 # 7-66 Local 10","Cundinamarca","4.716412,-74.029239","N"
"EFECTY ESCUELA DE POLICIA FEMENINA","ACB168066","Cl 19 # 50-25","Cundinamarca","4.331011,-74.393485","N"
"MULTIPAGAS","ACB197226","Av. Pradilla 900 Este Chia","Cundinamarca","4.864319,-74.038929","N"
"EFECTY FUSAGASUGA MAIZ AMARILLO","ACB170858","Cr 64 # 20 -10","Cundinamarca","4.329412,-74.399142","N"
"EFECTY","ACB356924","Cra 2 C Este No 89 C20 Sur","Cundinamarca","4.504383,-74.109774","N"
"EFECTY","ACB356715","Cra 2 C Este No 89 C20 Sur","Cundinamarca","4.504383,-74.109774","N"
"EFECTY SANTA BARBARA OCCIDENTAL","ACB177327","Cr 7 Bis # 123-5","Cundinamarca","4.698788,-74.030119","N"
"EFECTY MORALBA SUR","ACB178427","Cl 41 B Sur # 14 A-07 Este","Cundinamarca","4.546246,-74.0821","N"
"EFECTY SAN CRISTOBAL NTE 163","ACB160893","Cl 163 A # 7 G-7","Cundinamarca","4.738959,-74.025735","N"
"AYV BANCAMIA BARRANCAS","ACB061871","Calle 162 No 7f   37","Cundinamarca","4.737636,-74.025561","N"
"GIROS Y FINANZAS C.C. MANILA","ACB026243","C.c. Manila Trans 12 N # 22-42 Local 115","Cundinamarca","4.333321,-74.37038","N"
"EFECTY EL CODITO","ACB164161","Cr 4 # 185 B-05","Cundinamarca","4.761995,-74.024319","N"
"EFECTY EL CODITO KR 4","ACB194850","Cr 4 # 188-64","Cundinamarca","4.76535,-74.023905","N"
"CONEXRED","ACB192287","Carrera 7 17 25","Cundinamarca","4.33395,-74.364223","N"
"EFECTY EXITO MANILA","ACB116498","Tv 12 Con Cl 22","Cundinamarca","4.332437,-74.370228","N"
"EFECTY REPUBLICA DE CANADA DG 50 SUR","ACB301133","Dg 50 S # 14 A-07 Este","Cundinamarca","4.53509,-74.086798","N"
"EFECTY ANTONIO JOSE DE SUCRE","ACB190373","Cl 106b Sur # 5-72","Cundinamarca","4.493178,-74.114991","N"
"EFECTY BARRANCAS CARRERA 7 CON 155","ACB075764","Cr 7 # 155-75","Cundinamarca","4.730607,-74.02417","N"
"CONEXRED","ACB278956","Calle 23  1 B 04 Barrio Santa Barbara","Cundinamarca","4.331237,-74.370939","N"
"CONEXRED","ACB279825","Carrera 14 A Bis Este 60 D 06 Barrio Nue","Cundinamarca","4.536746,-74.084601","N"
"EFECTY","ACB358157","Cra 15  26d 05","Cundinamarca","4.529896,-74.088521","N"
"EFECTY","ACB352184","Calle 25 37 87","Cundinamarca","4.328698,-74.380771","N"
"CONEXRED","ACB199514","Cl 23 1 03","Cundinamarca","4.33038,-74.370861","N"
"EFECTY FUSAGASUGA CENTRO CRA 6","ACB162136","Cl 20 # 4-78","Cundinamarca","4.329265,-74.36449","N"
"EFECTY USME","ACB173839","Cl 136 Sur 3-12 Local 14","Cundinamarca","4.474943,-74.124378","N"
"EFECTY JUAN REY","ACB133305","Cr 14 Este # 73 A-31 Sur","Cundinamarca","4.51727,-74.091419","N"
"CONEXRED","ACB304026","Transversal 2c 22 21","Cesar","4.32696,-74.364323","N"
"EFECTY ALFONSO LOPEZ CLL 90 SUR","ACB277098","Cl 90 Sur # 6 B-08 Este","Cundinamarca","4.499713,-74.10238","N"
"EFECTY FUSAGASUGA SANTA BARBARA.","ACB168055","Cr 3 # 22-04 Pi 1","Cundinamarca","4.326893,-74.364535","N"
"EFECTY FUSAGASUGA LA MACARENA","ACB123856","Cl 25 # 4 A-04","Cundinamarca","4.325295,-74.366247","N"
"EFECTY PARQUE PRINCIPAL","ACB113725","Parque Principal # 28-27","Antioquia","7.075595,-75.148261","N"
"CONEXRED","ACB309384","Carrera 11 10 81","Antioquia","6.979857,-75.296955","N"
"EFECTY TELECOMUNICACIONES ANTIOQUIA","ACB113264","Cr 22 # 19-80 Bajos Hotel Riachon","Antioquia","6.90753,-75.076134","N"
"EFECTY ANGOSTURA CALLE REAL","ACB179824","Cr 10 # 9-85","Antioquia","6.88516,-75.33539","N"
"EFECTY GUADALUPE CR 50","ACB114023","Cr 50 # 51-29","Antioquia","6.815427,-75.240548","N"
"COOPERATIVA FINANCIERA DE ANTIOQUIA","ACB172883","Cl 19    19   25","Antioquia","6.963056,-75.416389","N"
"AYV PF YARUMAL","ACB067305","Calle 2a No 1 70","Antioquia","6.962256,-75.416478","N"
"EFECTY CENTRO SERVIENTREGA","ACB110997","Cr 20 # 21-02","Antioquia","6.963478,-75.418141","N"
"EFECTY YARUMAL MAS Y MAS","ACB117862","Cl 18 # 22-31","Antioquia","6.960652,-75.417378","N"
"EFECTY CAROLINA DEL PRINCIPE","ACB114034","Cl 50 # 48-80","Antioquia","6.723866,-75.280801","N"
"EFECTY ZONA PLAY GOMEZ PLATA","ACB163764","Cr 50 Norte 51-58","Antioquia","6.681966,-75.219076","N"
"COOPERATIVA FINANCIERA DE ANTIOQUIA","ACB172520","Kr 10  9   23","Antioquia","7.111111,-75.551389","N"
"EFECTY SEGOVIA CRA 52 A","ACB194322","Cr 52 A 46-150","Antioquia","7.075184,-74.701943","N"
"CONEXRED","ACB275733","Carrera 49  49  14 Barrio Centro","Antioquia","7.080455,-74.700454","N"
"COOPERATIVA FINANCIERA DE ANTIOQUIA","ACB172849","Kr  49  49 64 70","Antioquia","7.081111,-74.700278","N"
"CONEXRED","ACB275722","Calle 50  48  90 Barrio Centro","Antioquia","7.081219,-74.700134","N"
"CONEXRED","ACB303641","Carrera 2e  24a 04 Barrio Galicia","Caldas","5.239184,-75.780814","N"
"EFECTY EL CARMEN","ACB133185","Cr 5 # 16-17","Caldas","5.235377,-75.786106","N"
"EFECTY ANSERMA CRA 4","ACB154283","Cr 4 9-14 Of 202","Caldas","5.230626,-75.787179","N"
"EFECTY CORREGIMIENTO SAN CLEMENTE","ACB194487","Cr 2 # 4-32","Risaralda","5.313245,-75.800216","N"
"EFECTY CALLE PRINCIPAL RISARALDA 2","ACB305599","Cl 2 # 7-13","Caldas","5.170438,-75.765778","N"
"EFECTY CALLE PRINCIPAL","ACB111691","Cr 5 9-47","Risaralda","5.31549,-75.80026","N"
"EFECTY DIMONEX CALLE PRINCIPAL RISARALDA","ACB274491","Cr 2 N 2-23 Local 1 Cl Principal","Caldas","5.163417,-75.768452","N"
"EFECTY PARQUE PPAL BELEN DE UMBRIA I","ACB278022","Cl 6 # 10-42 Local 104 Ed Argus","Risaralda","5.200222,-75.868808","N"
"EFECTY EXPRESS BELEN ESTACION DE POLICIA","ACB323188","Cl 6 # 11-17","Risaralda","5.200222,-75.868808","N"
"EFECTY CALLE 9","ACB112230","Cl 9 # 9-43","Risaralda","5.338983,-75.731182","N"
"EFECTY MISTRATO CALLE 5","ACB272554","Cl 5 5-44","Risaralda","5.296134,-75.881741","N"
"EFECTY MISTRATO CRA 6","ACB152676","Cr 6 N0. 6-67","Risaralda","5.29641,-75.882877","N"
"EFECTY SAN JOSE CALDAS CRA 2","ACB119611","Cr 2 5-60","Caldas","5.0808,-75.791556","N"
"EFECTY RIOSUCIO CALLE 7.","ACB302244","Cl 7 # 4-62","Caldas","5.420793,-75.705092","N"
"CONEXRED","ACB322297","Carrera 6  6  35","Caldas","5.420406,-75.703932","N"
"EFECTY PARQUE CARRERA 6","ACB128587","Cr 6 # 8-10","Caldas","5.420947,-75.703653","N"
"BANCAMIA RIOSUCIO","ACB063565","Carrera 7 8 27","Caldas","5.420772,-75.703002","N"
"EFECTY CALLE 10","ACB111833","Cl 10 # 8-55","Caldas","5.420736,-75.701709","N"
"EFECTY CORREGIMIENTO BONAFONT","ACB274446","Correg Bonafont Plaza Principal","Caldas","5.424247,-75.703337","N"
"EFECTY CARRERA 8","ACB111273","Cr 9 # 8-18","Caldas","5.061525,-75.872228","N"
"CONEXRED","ACB199570","Cr 8 A  8   19","Risaralda","5.106312,-75.94223","N"
"EFECTY CORREG  SAMARIA - FILADELFIA","ACB161706","Cl 3 # 3-05","Caldas","5.295196,-75.563979","N"
"EFECTY CENTRO","ACB111811","Cr 4 # 6-15","Caldas","5.295716,-75.561432","N"
"EFECTY SUPIA","ACB305171","Cl 28 # 8-15 La Playa","Caldas","5.451863,-75.651196","N"
"EFECTY CENTRO SANTUARIO","ACB151619","Cl 6 # 4-48","Risaralda","5.072898,-75.961654","N"
"EFECTY PUEBLO RICO PLAZA PRINCIPAL","ACB123526","Cl 6 3-51","Risaralda","5.22103,-76.030198","N"
"EFECTY SANTA CECILIA CIBERMONTES","ACB136067","Cl Ppal Antiguo Colegio L-3 Sta Cecilia","Risaralda","5.222234,-76.03105","N"
"EFECTY SUPIA CENTRO","ACB165425","Cr 7 # 31-41","Caldas","5.454855,-75.650009","N"
"EFECTY BELALCAZAR CALLE PRINCIPAL","ACB156229","Cr 4 16-22","Caldas","4.994796,-75.81189","N"
"EFECTY SUPIA CALLE 33","ACB160453","Cr 9 # 32-59","Caldas","5.455747,-75.6509","N"
"EFECTY DIMONEX BELALCAZAR CRA 4","ACB176436","Cr 4 15-20","Caldas","4.994476,-75.812031","N"
"AyV PF SUPIA","ACB067008","Calle 33 No 8  10","Caldas","5.45632,-75.65044","N"
"EFECTY PALESTINA CENTRO","ACB160783","Cr 7 N 8-14","Caldas","5.020773,-75.621163","N"
"EFECTY ARAUCA VIA PRINCIPAL","ACB164172","Cr 4 6-04","Caldas","5.01972,-75.621093","N"
"EFECTY NEIRA","ACB159596","Cl 11 8-63","Caldas","5.16498,-75.517181","N"
"EFECTY","ACB420669","Cra 6b N 13 05 Barrio La Linda","Caldas","5.092637,-75.546145","N"
"EFECTY LA MERCED","ACB112922","Cr 6 # 13-26","Caldas","5.39839,-75.547591","N"
"EFECTY CALLE 6","ACB112559","Cl 6 # 5-33","Caldas","5.271716,-75.490702","N"
"EFECTY MARMATO EL LLANO PISO 1","ACB127311","Ve El Llano","Caldas","5.474711,-75.60105","N"
"CONEXRED","ACB199415","Cl 18 Bis 8 21","Caldas","4.990205,-75.611954","N"
"EFECTY PALOGRANDE CALLE 65","ACB270013","Cl 65 N 24-117 Lc 4b Edif. Lindsay","Caldas","5.097639,-75.51235","N"
"EFECTY VERSALLES","ACB307140","Cr 26 N 50-23 Lc 106","Caldas","5.097639,-75.51235","N"
"EFECTY CRA. 22 CENTRO 1","ACB326334","Cr 22 N 28-16 Centro","Caldas","5.097639,-75.51235","N"
"EFECTY CALLE 24 CENTRO","ACB150795","Cl 24 N 21-43 Centro","Caldas","5.097639,-75.51235","N"
"EFECTY FATIMA 3 ESQUINAS","ACB165964","Cr 35 A N. 67 A 10","Caldas","5.097639,-75.51235","N"
"EFECTY OLIMPICA AV. SANTANDER CALLE 50","ACB130247","Av Santander Cl 50 # 23-01","Caldas","5.097639,-75.51235","N"
"EFECTY","ACB352678","Km 11 Via Al Magdalena","Caldas","5.097639,-75.512349","N"
"EFECTY BARRIO CHIPRE MANIZALES","ACB194795","Cl 11 # 11-40","Caldas","5.074569,-75.525205","N"
"EFECTY ALTOS DE CAMPO HERMOSO 2","ACB274347","Cr 11 # 12b-02","Caldas","5.074239,-75.523852","N"
"EFECTY CL REAL CON 10 SER MUJER","ACB134153","Cl 17 # 10-17","Risaralda","4.936125,-75.743482","N"
"EFECTY MARSELLA","ACB324002","Cr 10 # 9-34","Risaralda","4.934055,-75.739352","N"
"EFECTY CHINCHINA CALLE 13","ACB078525","Cl 13 # 8-70","Caldas","4.983435,-75.607525","N"
"EFECTY TERMINAL ANTIGUO","ACB078877","Av 19 # 17-18 Lc 102","Caldas","5.07097,-75.520107","N"
"CONEXRED","ACB275117","Car 20  17 04 Brr Centro","Caldas","5.068875,-75.520767","N"
"EFECTY RED PLATINUM MANIZALES","ACB150267","Cl 21 15 03","Caldas","5.072211,-75.518438","N"
"MOVISTAR","ACB129171","Calle 11 No 8  46 Movistar","Caldas","4.983053,-75.605784","N"
"A Y V OFICINA LEONIDAS LONDONO","ACB065457","Kr 21 No 18 06","Caldas","5.068274,-75.520225","N"
"EFECTY GALERIA CENTRO","ACB271553","Cl 9 # 6-03 Local 1","Caldas","4.984283,-75.6035","N"
"EFECTY PARQUE PRINCIPAL","ACB119578","Cl 10 # 8-67","Caldas","4.982789,-75.604982","N"
"EFECTY SERVIENTREGA SUCURSAL CENTRO UNO","ACB078811","Cr 23 # 17-12","Caldas","5.066901,-75.520593","N"
"EFECTY CALLE 20 CON 19","ACB273973","Cl 20 19-44","Caldas","5.069262,-75.518975","N"
"GIROS Y FINANZAS MANIZALES","ACB020225","Cl 19 21-30 L-14 Edif. Leonidas Londoño","Caldas","5.06795,-75.519783","N"
"CONEXRED","ACB274600","Calle 7 6 03 Carrera San Diego","Caldas","4.984801,-75.601605","N"
"EFECTY CR22 PASAJE CCIAL LA BENEFICENCIA","ACB176360","Cr 22 20-43 L 1a-06","Caldas","5.067765,-75.518678","N"
"MULTIPAGAS","ACB197183","Carrera 22 # 21-34","Caldas","5.067723,-75.518014","N"
"EFECTY CRA  24 CENTRO PALACIO NACIONAL","ACB078899","Cr 24 # 21-32","Caldas","5.066408,-75.517869","N"
"CONEXRED","ACB275128","Carrera 23  22 18 Barrio Centro","Caldas","5.06705,-75.517342","N"
"EFECTY EXPRESS EFECTY BARRIO ESTAMBUL","ACB308932","Cr 43 # 11-41","Caldas","5.053059,-75.525916","N"
"EFECTY SERVIENTREGA PARQUE CALDAS","ACB078855","Cr 22 # 27-03","Caldas","5.067949,-75.514089","N"
"ACCIONES Y VALORES OFICINA PARQUE CALDAS","ACB065468","Calle 29c 29b 29","Caldas","5.068036,-75.512769","N"
"MULTIPAGAS","ACB196708","Calle 33b # 20-03","Caldas","5.069363,-75.510623","N"
"EFECTY LA 30","ACB123735","Cr 24 # 30-07","Caldas","5.066692,-75.512273","N"
"EFECTY","ACB352667","Calle 33 B 20 03","Caldas","5.06937,-75.510281","N"
"EFECTY PARQUE FUNDADORES CALLE 32","ACB118775","Cr 23 # 31-57 L 1","Caldas","5.067368,-75.51125","N"
"GIROS Y FINANZAS FUNDADORES","ACB026100","Cl 33b # 20-03 Local 9911","Caldas","5.068971,-75.509811","N"
"ACCIONES Y VALORES CC LOS FUNDADORES","ACB061552","Carrera 20 3b 9922","Caldas","5.069086,-75.509535","N"
"EFECTY","ACB351556","Cra 33 26 13","Caldas","5.060791,-75.514602","N"
"EFECTY EXPRESS DIMONEX BARRIO LINARES 2","ACB271355","Cr 25 # 33a-11","Caldas","5.066198,-75.509818","N"
"CONEXRED","ACB192913","Kr 2 N 3   51 Brr Centro","Risaralda","5.003912,-76.002467","N"
"EFECTY AV PARALELA CON 40","ACB270024","Av Paralela # 40-14","Caldas","5.065176,-75.506196","N"
"EFECTY","ACB199833","Avenida Paralela No 40 14","Caldas","5.065353,-75.505955","N"
"EFECTY BARRIO VILLA CARMENZA","ACB276822","Cr 35 39-10 Barrio Villa Carmenza","Caldas","5.059579,-75.509756","N"
"EFECTY VILLAMARIA LA PRADERA 2","ACB279133","Cl 4 # 14a-21 La Pradera","Caldas","5.04348,-75.519655","N"
"EFECTY BARRIO PERALONSO","ACB301759","Cl 46 # 12e-21 Br. Peralonso","Caldas","5.071479,-75.49949","N"
"EFECTY EXPRESS EFECTY SAN SEBASTIAN","ACB304840","Cr 2e # 48c-13 Barrio Santa Ana","Caldas","5.086539,-75.489668","N"
"EFECTY TREFILADOS","ACB165568","Cl 6 # 11-27","Caldas","5.04278,-75.517553","N"
"EFECTY DIMONEX VILLAMARIA","ACB152511","Cr 3 7-08","Caldas","5.047158,-75.512426","N"
"GIROS Y FINANZAS OLÍMPICA","ACB024944","Av Santander Cl 50 # 23-01","Caldas","5.064175,-75.498573","N"
"MULTIPAGAS","ACB278912","Calle 10 5 04 Centro","Caldas","5.044387,-75.51198","N"
"CONEXRED","ACB193101","Cl 51  22 A 13 Brr Versalles","Caldas","5.064703,-75.497584","N"
"EFECTY DIMONEX BARRIO LA ARGENTINA","ACB326323","Cl 51 # 19-69","Caldas","5.067057,-75.496111","N"
"EFECTY CRA 5 VILLAMARIA","ACB322143","Cr 5 # 10-17","Caldas","5.044177,-75.511498","N"
"EFECTY SALAMINA CENTRO 1","ACB170199","Cr 5 # 5-60","Caldas","5.406975,-75.489166","N"
"EFECTY VILLA HERMOSA","ACB152094","Cl 51 C # 11-33","Caldas","5.069887,-75.492681","N"
"AyV PAGAFACIL TERMINAL MANIZALES","ACB368475","Cr 43  65 100 Los Cambulos Corre 1 Lc 2","Caldas","5.049191,-75.506194","N"
"EFECTY BARRIO SOLFERINO 2","ACB308943","Cl 51 # 6b-03","Caldas","5.076693,-75.488022","N"
"AYV MALL PLAZA MANIZALEZ","ACB066513","Cra 14 No 55 D 107 Lc Bh 104","Caldas","5.066614,-75.491895","N"
"PF AVENIDA SANTANDER","ACB067909","Carrera 23 No 54   15 Av Santander","Caldas","5.062292,-75.494519","N"
"EFECTY MALLPLAZA","ACB300615","Cr 14 # Av Kevin Angel # 55d-251 Nivel 0","Caldas","5.065829,-75.490811","N"
"EFECTY LA CAROLITA","ACB272390","Cr 9c 57f 16","Caldas","5.065637,-75.486719","N"
"MULTIPAGAS","ACB197006","Carrera 23 # 60-26","Caldas","5.060398,-75.488269","N"
"EFECTY SERVIENTREGA TORRES PANORAMA","ACB078833","Edificio Torres Panorama","Caldas","5.058839,-75.48732","N"
"MULTIPAGAS","ACB197435","Carrera 27a # 66-30","Caldas","5.053626,-75.489104","N"
"EFECTY PALERMO SAN CANCIO","ACB122613","Cl 67 # 26a-15 Brr Palermo San Cancio","Caldas","5.052735,-75.488595","N"
"GIROS Y FINANZAS CARULLA","ACB021105","Cr 23 # 65-11 C.c. Cable Plaza L-2","Caldas","5.056581,-75.485967","N"
"EFECTY BARRIO VIVEROS","ACB326312","Cr 12a # 62-78","Caldas","5.062782,-75.478656","N"
"EFECTY MINITAS CALLE PRINCIPAL","ACB172366","Cl 63b 11-09","Caldas","5.062376,-75.476683","N"
"EFECTY TERRAZAS DE LA FLORIDA","ACB170144","Cr 1a 71 301","Caldas","5.03734,-75.489411","N"
"EFECTY LA SULTANA","ACB114649","Cl 67 # 10-33","Caldas","5.059745,-75.474088","N"
"ACCIONES Y VALORES EXITO LIBERTADOR","ACB061453","Av Del Libertador Kr 20 Esquina Jardin","Magdalena","5.598813,-75.819817","N"
"EFECTY JARDIN PARQUE PRINCIPAL","ACB163940","Cl 9 # 3-19 Parque Principal","Antioquia","5.599414,-75.819401","N"
"EFECTY LA VIRGINIA CENTRO","ACB279254","Cr 8 # 9-40 Local 1","Risaralda","4.896595,-75.882724","N"
"MULTIPAGAS","ACB356319","Calle 8 8 41","Risaralda","4.895578,-75.88126","N"
"EFECTY LA VIRGINIA CALLE 8 PRINCIPAL","ACB273027","Cl 8a # 7-42","Risaralda","4.895879,-75.88359","N"
"GIROS Y FINANZAS LA VIRGINIA OLIMPICA","ACB024339","Cl 8 # 6-35 Int. Almacén Olímpica","Risaralda","4.894901,-75.880835","N"
"RED SEINCOR","ACB070934","Calle 8 No 6  35 Interior Olim","Risaralda","4.895269,-75.883444","N"
"EFECTY ALFA LA ENEA","ACB270046","Cr 35 # 100b-15","Caldas","5.031455,-75.463904","N"
"EFECTY CIUDADELA LA ENEA","ACB078866","Cr 35 # 102-75","Caldas","5.030904,-75.461327","N"
"EFECTY EXPRESS EFECTY ENEA LA CAPILLA","ACB308305","Cr 30 Bis 104 A-15 La Enea","Caldas","5.033216,-75.459338","N"
"EFECTY STA ROSA DE CABAL CR 14 HOSPITAL","ACB159958","Cr 14 # 25-25 Local 1","Risaralda","4.875722,-75.624082","N"
"EFECTY PORTAL DE LAS ARAUCARIAS","ACB321966","Cr 10b # 30a-06","Risaralda","4.869138,-75.634844","N"
"EFECTY","ACB357958","Cl 23 9a 57","Risaralda","4.874733,-75.620147","N"
"EFECTY LA HERMOSA CALLE PRINCIPAL","ACB150630","Cr 23 # 21-89 Br. La Hermosa","Risaralda","4.871,-75.628646","N"
"EFECTY EXPRESS EFECTY BARRIO LA FLORESTA","ACB278824","Dg 77 # 8-23 Barrio La Floresta","Risaralda","4.857701,-75.658359","N"
"EFECTY BARRIO BOSQUES DE LA ACUARELA","ACB273160","Mz 7 Casa 2a Cuarta Etapa","Risaralda","4.855144,-75.662819","N"
"EFECTY CR 15 CALLE 15","ACB273500","Cr 15 # 15-50","Risaralda","4.867235,-75.622685","N"
"MULTIPAGAS","ACB199075","Calle 14 14 81","Risaralda","4.866035,-75.622776","N"
"GIROS Y FINANZAS SANTA ROSA DE CABAL","ACB020917","Cl 14 # 13-24 Supermercado La Economía","Risaralda","4.866556,-75.620645","N"
"CONEXRED","ACB300693","Carrera 12 14 00 Sector Plaza De Mercado","Risaralda","4.866346,-75.619278","N"
"SANTA ROSA DE CABAL","ACB065886","Calle 12 No 14 27 Local 2","Risaralda","4.864823,-75.620795","N"
"EFECTY CALLE 13","ACB110711","Cr 13 # 12 13","Risaralda","4.865067,-75.619954","N"
"EFECTY DIMONEX PARQUE PRINCIPAL STA ROSA","ACB194663","Cl 12 # 14-75","Risaralda","4.8646,-75.621003","N"
"EFECTY QUINTAS DEL BOSQUE","ACB279683","Mz 5 Casa 32 Quintas Del Bosque","Risaralda","4.848063,-75.662907","N"
"EFECTY LA CAPILLA","ACB152203","Cr 16 # 65-11 Av Simon Bolivar","Risaralda","4.844588,-75.662118","N"
"EFECTY BRR PLAYA RICA AVDA FERROCARRIL","ACB305995","Cr 10 # 42-a06-playa Rica","Risaralda","4.841171,-75.673656","N"
"EFECTY BARRIO SANTA TERESITA","ACB274468","Cr 15a # 58-43 Esquina Santa Teresita","Risaralda","4.84208,-75.66512","N"
"GIROS Y FINANZAS DOSQUEBRADAS","ACB020906","Av Simón Bolivar Cr 16 # 24-70","Risaralda","4.838577,-75.675796","N"
"EFECTY SANTA ISABEL SENA","ACB118324","Local 1 Quintas Sta Isabel","Risaralda","4.836942,-75.681107","N"
"EFECTY EXPRESS BRR LOS NARANJOS","ACB304598","Cl 48 # 14a-10 Local 5 Los Naranjos","Risaralda","4.839778,-75.668676","N"
"EFECTY PRIMAVERA ASUL 1","ACB277955","Mz 41 Casa 1b Primavera Asul 1","Risaralda","4.836313,-75.680215","N"
"EFECTY MIRADOR DE LA ESTANCIA","ACB326202","Mz 2 Casa 7 Apto 202 L-2 Conj Mirador","Risaralda","4.836313,-75.680215","N"
"EFECTY BARRIO LA MARIANA","ACB139950","Mz E Casa 27 La Mariana","Risaralda","4.836313,-75.680215","N"
"EFECTY EXPRESS DIMONEX EL PROGRESO","ACB304323","Peatonal 15 Casa 7 Local 102","Risaralda","4.836313,-75.680215","N"
"EFECTY FRAILES I","ACB152928","Mz A Casa 8","Risaralda","4.836313,-75.680215","N"
"EFECTY BARRIO LA GRACIELA 1","ACB326257","Mz 4 Casa 21 La Graciela","Risaralda","4.836313,-75.680215","N"
"EFECTY BARRIO CAMPESTRE B","ACB276921","Cr 2 # 18-58","Risaralda","4.833191,-75.690332","N"
"EFECTY EXPRESS EFECTY EL MODELO","ACB321087","Cr 19 # 49-03 Local 3 El Modelo","Risaralda","4.837582,-75.665859","N"
"EFECTY CORREGIMIENTO VILLA NUEVA","ACB174665","Cl Principal-correg Villa Nueva","Valle Del Cauca","4.910451,-76.041844","N"
"ACCIONES Y VALORES CC EL PROGRESO","ACB063192","Kr 16 No 38 130 Cc El Progreso","Risaralda","4.835905,-75.669633","N"
"GIROS Y FINANZAS C.C. EL PROGRESO","ACB025473","Av Simón Bolivar Cr 16 # 36-98 L-94a","Risaralda","4.835923,-75.668977","N"
"EFECTY SAN FERNANDO","ACB151125","Cr 17 # 43-05 Local 2","Risaralda","4.836063,-75.668135","N"
"EFECTY EL AGUILA CRA 4","ACB132690","Cr 4 # 10-05","Valle Del Cauca","4.909433,-76.041953","N"
"EFECTY ANDES PARQUE PRINCIPAL","ACB115936","Cr 50 48-52","Antioquia","5.654049,-75.877002","N"
"EFECTY BARRIO LA MACARENA","ACB276954","Mz 0 Casa 1 Urb La Macarena","Risaralda","4.82926,-75.691706","N"
"EFECTY MINIMERCADO EL PROGRESO BRR LOS","ACB304972","Mz 5 Casa 10 Los Olivos","Risaralda","4.830311,-75.686854","N"
"MULTIPAGAS","ACB197875","Cra 11 # 20-73","Antioquia","5.660623,-75.713493","N"
"BANCAMIA ANDES","ACB061815","Cl 49 No 50  60","Antioquia","5.655193,-75.878116","N"
"EFECTY PARQUE INDUSTRIAL.","ACB131622","Cr 5 # 62 C-57 Lc 1 Parque Industrial","Risaralda","4.821815,-75.731239","N"
"COOPERATIVA FINANCIERA DE ANTIOQUIA","ACB172432","Andes   Jardin","Antioquia","5.655833,-75.8775","N"
"EFECTY PLAZA DEL SOL 2 CENTRO COMERCIAL","ACB326774","Cr 16 # 24-70 L-201 C.c. Plaza Del Sol","Risaralda","4.829654,-75.679028","N"
"EFECTY","ACB355121","Cra 16 24  70 Local 201","Risaralda","4.829583,-75.678884","N"
"A Y V OFICINA CC PLAZA DEL SOL","ACB064445","Ave Simon Bolivar Cr16 No 24 7","Risaralda","4.828973,-75.679785","N"
"EFECTY VILLAVENTO 3","ACB276811","Cl 42a Tv 26-56 Mz 18 Cs 3 Villavento 3","Risaralda","4.832001,-75.665961","N"
"EFECTY TAMESIS VARIEDADES GANE","ACB302354","Cr 11 N 12-53","Antioquia","5.664174,-75.713749","N"
"EFECTY TAMESIS CALLE 13","ACB194520","Cl 13 N 14-56","Antioquia","5.664988,-75.716154","N"
"EFECTY PACORA CRA 4","ACB155987","Cr 4 # 7-44","Caldas","5.526326,-75.459565","N"
"EFECTY PACORA","ACB114308","Cr 3 # 5-41","Caldas","5.528269,-75.459617","N"
"EFECTY PORTAL DEL PARQUE","ACB194641","Cl 15 # 16-108 Portal Del Parque","Risaralda","4.823212,-75.683067","N"
"EFECTY","ACB352634","Calle 44 7 20","Risaralda","4.816737,-75.715554","N"
"AYV PF PEREIRA","ACB066667","Cc Pereira Carrera 21 Con Calle 17","Risaralda","4.823522,-75.678131","N"
"EFECTY PARQUE BANDERAS CALLE 37","ACB272949","Cr 7 # 37-44","Risaralda","4.816475,-75.709584","N"
"EFECTY BARRIO LOS LAGOS DOSQUEBRADAS","ACB321098","Mz 10 Casa 58 Los Lagos","Risaralda","4.825464,-75.666883","N"
"EFECTY EXPRESS EFECTY CRA 6 CL 28","ACB321757","Cr 6 28-48","Risaralda","4.816441,-75.701955","N"
"EFECTY BELMONTE","ACB133536","Cr 16 B N. 98-15","Risaralda","4.809482,-75.760312","N"
"EFECTY EXPRES DIMONEX CR 5 CL 22 PEREIRA","ACB276800","Cr 5 # 22-15","Risaralda","4.816613,-75.696728","N"
"EFECTY SANANDRESITO CENTRO COMERCIAL","ACB131611","Cr 8 # 31-08 Lc 2 Nivel 1 C.c. Sanandre","Risaralda","4.81503,-75.704513","N"
"EFECTY CR3","ACB279243","Cr 3 # 14-06 America","Risaralda","4.817805,-75.689723","N"
"EFECTY DIMONEX LA AURORA ALTA","ACB191868","Cl 12 Cr 22 # 22a-03 Local 2","Risaralda","4.820071,-75.678793","N"
"EFECTY DIMONEX VILLA SOL EXPOFUTURO","ACB321768","Cr 19 # 94-96 Local 4 Villa Sol","Risaralda","4.808006,-75.761729","N"
"EFECTY SENA.","ACB156362","Cl 26 # 7-63","Risaralda","4.815028,-75.700135","N"
"EFECTY","ACB352591","Local B 69 Del Cc Unicentro","Risaralda","4.809134,-75.741966","N"
"EFECTY JAPON CALLE 9","ACB151598","Cl 9 # 19-24","Risaralda","4.818992,-75.681102","N"
"EFECTY CRA 5 CALLE 18 CENTRO UNO","ACB302046","Cr 5 N 18-63","Risaralda","4.816241,-75.693533","N"
"EFECTY RED PLATINUM EL PROGRESO","ACB274875","Cr 16 Cc El Progreso Intercambiador","Risaralda","4.818034,-75.684849","N"
"EFECTY FLAMINGO PEREIRA","ACB168538","Cr 6 N 20-76 Centro","Risaralda","4.815749,-75.695359","N"
"MOVISTAR","ACB129193","Calle 19 No 6 11 Movistar","Risaralda","4.815443,-75.694089","N"
"EFECTY SUPERTIENDAS OLIMPICAS AV 30 AGO","ACB130148","Av 30 De Agosto # 36-10","Risaralda","4.812595,-75.709006","N"
"A Y V OFICINA ALCIDES AREVALO","ACB064050","Cl19 No 6 48 Cc Alcides Areval","Risaralda","4.815291,-75.69435","N"
"EFECTY","ACB279232","Carrera 7 Nro 2082 Local 3","Risaralda","4.814985,-75.695738","N"
"ACCIONES Y VALORES OFICINA 30 DE AGOSTO","ACB061783","Ave 30 De Agosto Numero 35 64","Risaralda","4.812515,-75.708622","N"
"CONEXRED","ACB320206","Carrera 8  21  32","Risaralda","4.814377,-75.696201","N"
"EFECTY LAGO URIBE CALLE 23","ACB164820","Cl 23 # 8-21","Risaralda","4.814049,-75.697686","N"
"EFECTY CLINICA LOS ROSALES","ACB160079","Cr 9 25-29 Local 105","Risaralda","4.81352,-75.69968","N"
"EFECTY CENTRO PLAZA DE BOLIVAR CALLE 18","ACB117664","Pereira Centro Cr 7 # 18-21 Local 102b","Risaralda","4.814485,-75.693492","N"
"GIROS Y FINANZAS CENTRO","ACB020049","Cr 7 # 16-50 L-111 Centro Del Comercio","Risaralda","4.814717,-75.692195","N"
"EFECTY","ACB352623","Calle 21 8 69","Risaralda","4.813697,-75.696041","N"
"EFECTY CENTRO DEL COMERCIO","ACB079911","Cr 7 No16-50 Local 108","Risaralda","4.814476,-75.691988","N"
"MULTIPAGAS","ACB197204","Calle 20 # 8-19","Risaralda","4.81378,-75.695132","N"
"EFECTY VIDEO STAR GAMA - LA VILLA","ACB171068","Cr 18 N 83-02 La Villa Olimpica","Risaralda","4.806232,-75.747786","N"
"GIROS Y FINANZAS C.C. BOLÍVAR PLAZA","ACB021127","Cr 8 # 19-41 L-118 / Cr 9 # 19-48","Risaralda","4.813503,-75.694706","N"
"EFECTY CARRERA 7 PARQUE LA LIBERTAD","ACB300451","Cr 7 # 14-66","Risaralda","4.814306,-75.690383","N"
"EFECTY CUBA SECTOR GALERIA","ACB160233","Cr 23 B N. 70 B 09","Risaralda","4.806559,-75.739894","N"
"ACCIONES Y VALORES OFICINA EL PASO","ACB064807","Cl 18 No 8 34 Lc 10","Risaralda","4.813487,-75.693458","N"
"ACCIONES Y VALORES EXITO PEREIRA CENTRO","ACB061596","Kr 8 No 17 35","Risaralda","4.813529,-75.692965","N"
"COOPERATIVA FINANCIERA DE ANTIOQUIA","ACB172740","Kr  9  20   03","Risaralda","4.813056,-75.695278","N"
"EFECTY PORTAL DEL CAMPO GALICIA","ACB274215","Mz 5 Casa 13 Lc. 1 Brr Portal Del Campo","Risaralda","4.805198,-75.809433","N"
"EFECTY EXPRESS EFECTY BARRIO OTUN","ACB301474","Cr 21 # 1-83","Risaralda","4.815391,-75.683126","N"
"EFECTY DIMONEX BARRIO EL JAPON","ACB178670","Cl 8 # 24-28 El Japon","Risaralda","4.816349,-75.678844","N"
"EFECTY RED PLATINUM PEREIRA","ACB172894","Mz 12 Cs 18 Barrio San Fernando","Risaralda","4.806454,-75.736921","N"
"EFECTY PRINCIPAL","ACB071650","Cr 9 # 18-12","Risaralda","4.812964,-75.693681","N"
"EFECTY EXPRESS DIMONEX VILLA DE LEYVA II","ACB302057","Cl 86 # 56-10 To 4 L-17 Villa De Leyva","Risaralda","4.8089,-75.71551","N"
"EFECTY PARQUE INDUSTRIAL SECTOR A 2","ACB272466","Mz 9 Casa 20 Sector A Parque Industrial","Risaralda","4.8089,-75.71551","N"
"EFECTY EXPRESS DIMONEX CAIMALITO","ACB309120","Casa 261 Local 263 B Caimalito","Risaralda","4.8089,-75.71551","N"
"EFECTY CUBA AVDA PRINCIPAL","ACB079890","Cl 69 Cr 25 Esquina Local 101","Risaralda","4.806093,-75.737743","N"
"EFECTY EXPRESS PASEO DE SAN FERNANDO","ACB321746","Cr 25 # 69b-32 Pasaje Ccial","Risaralda","4.805891,-75.7382","N"
"MULTIPAGAS","ACB196863","Carrera 10 # 17-55","Risaralda","4.812014,-75.693239","N"
"EFECTY","ACB352612","Calle 15 9 64","Risaralda","4.812322,-75.691233","N"
"ACCIONES Y VALORES VICTORIA CC REGIONAL","ACB060892","Cl 18 No 10 48 Lc 116 C C Vict","Risaralda","4.811689,-75.693676","N"
"EFECTY EXPRESS EFECTY SAN NICOLAS","ACB305292","Cl 31 # 14b-38 Barrio San Nicolas","Risaralda","4.809318,-75.704949","N"
"EFECTY DIMONEX CRA 12 PEREIRA","ACB168396","Cr 12 # 22-27 Centro","Risaralda","4.810702,-75.697449","N"
"GIROS Y FINANZAS ÉXITO","ACB024702","Cr 10 # 14-71 Piso 2","Risaralda","4.811986,-75.690742","N"
"EFECTY RED PLATINUM C.C. CIUDAD VICTORIA","ACB138487","Cr 11 Bis # 17-20 Lc 220 C.c. Victoria","Risaralda","4.811301,-75.693934","N"
"GIROS Y FINANZAS ÉXITO CUBA","ACB025055","Cr 26 Cl 71 Int. Éxito Cuba L-104a","Risaralda","4.804235,-75.737931","N"
"AYV EXITO CUBA","ACB065501","Carrera 26   Cl 71 Lc 124","Caldas","4.804235,-75.737931","N"
"COOPERATIVA FINANCIERA DE ANTIOQUIA","ACB172663","Via A Cuba","Risaralda","4.804167,-75.737778","N"
"AYV CUBA CC LAS AMERICAS","ACB066502","Cl 71 No 26 75 Local 11 Cc Las Americas","Risaralda","4.803893,-75.737771","N"
"MULTIPAGAS","ACB197468","Calle 71 # 26-69","Risaralda","4.803884,-75.737828","N"
"EFECTY EXITO CUBA 1","ACB179538","Cl 71 # 27-36 Barrio Cuba","Risaralda","4.803699,-75.737833","N"
"EFECTY CRA 9 BARRIO VILLAVICENCIO","ACB272839","Cr 9 # 8-16","Risaralda","4.812047,-75.68534","N"
"EFECTY CRESS CENTENARIO","ACB079801","Cr 14 Bis # 24-72","Risaralda","4.809012,-75.699481","N"
"EFECTY PERLA DEL SUR","ACB151147","Mz 4 Cs 20 Lc 1","Risaralda","4.805578,-75.715498","N"
"EFECTY CORREGIMIENTO LA BELLA","ACB306578","Correg La Bella Finca Las Delicias","Risaralda","4.805578,-75.715498","N"
"EFECTY EXPRESS EFECTY CAÑAVERAL","ACB321779","Av 30 De Ago # 73-51 L-11 Cañaveral Ii","Risaralda","4.805578,-75.715498","N"
"EFECTY CORREGIMIENTO PUERTO CALDAS","ACB305951","Mz 4 Casa 14 Corregimieto Puerto Caldas","Risaralda","4.805578,-75.715498","N"
"EFECTY URBANIZACION SANTA CLARA","ACB305797","Torre 3 Bl 6 Apto 101 Brr Sta Clara Cuba","Risaralda","4.805578,-75.715498","N"
"EFECTY VEREDA EL PLACER COMBIA","ACB171057","K 5 Via Marsella Vereda El Placer","Risaralda","4.805578,-75.715498","N"
"EFECTY","ACB352580","Av Americas  55 20 El Rosal","Risaralda","4.805578,-75.715498","N"
"EFECTY EXPRESS EFECTY HACIENDA CUBA","ACB308239","Mz 13 Casa 1 Barrio Hacienda Cuba","Risaralda","4.805578,-75.715498","N"
"EFECTY ABRIL BULEVAR DEL CAFE","ACB309142","Av Las Americas # 93-20 Local 105","Risaralda","4.805578,-75.715498","N"
"EFECTY CORREGIMIENTO ALTAGRACIA","ACB323243","Cl Principal Barrio Arenales Casa 134","Risaralda","4.805578,-75.715498","N"
"EFECTY PAPELERIA MERCASA","ACB179516","Mercasa Bodegas Verdes Galpon A L-p10","Risaralda","4.805578,-75.715498","N"
"EFECTY CORALES ESTACION DE SERVICIO 1","ACB278572","Mz 26 Casa 5 Corales","Risaralda","4.80087,-75.74359","N"
"AYV PF PEREIRA UNIPLEX","ACB066799","Calle 14 No 13  45 San Jose Sur Lc 2","Risaralda","4.808568,-75.690662","N"
"EFECTY PANORAMA I","ACB154117","Mz G Casa 7 Piso 1 Portal D Las Mercedes","Risaralda","4.801981,-75.730337","N"
"EFECTY ALFONSO LOPEZ VIA KENEDY","ACB308251","Av Santander # 1a-25 Alfonso Lopez","Risaralda","4.810469,-75.679999","N"
"EFECTY","ACB355132","Carrera 11 N 4 73","Risaralda","4.809803,-75.682633","N"
"EFECTY DIMONEX BERLIN","ACB326785","Cr 11 N 4-73","Risaralda","4.80979,-75.682433","N"
"EFECTY BARRIO VILLA ELIZA PEREIRA","ACB274051","Cl 72 # 36b-22 Brr Villa Eliza Pereira","Risaralda","4.80119,-75.732226","N"
"AyV PAGAFACIL VALENCIA","ACB368552","Cr 14  12   17 Lc 1","Risaralda","4.807637,-75.689158","N"
"EFECTY","ACB354504","Mz 2 Casa 7 Apto 202 Local 2","Risaralda","4.81161,-75.671367","N"
"EFECTY EXPRES BALCONES D VILLA DEL PRADO","ACB274062","Mz 3 Casa 17 Poblado Ii","Risaralda","4.802912,-75.711004","N"
"EFECTY FRAILES SECTOR PATIÑO AMARILES","ACB174566","Mz D1 Casa 5 Brr Alvaro Patiño","Risaralda","4.812787,-75.663058","N"
"EFECTY SERVIENTREGA AVENIDA CIRCUNVALAR","ACB079812","Cr 13 # 8-47 Local 1","Risaralda","4.807167,-75.685871","N"
"EFECTY EXPRESS EFECTY BARRIO SAN JUAQUIN","ACB305159","Cr 26 # 77-658","Risaralda","4.798573,-75.741612","N"
"EFECTY BARRIO EL DORADO 1","ACB305720","Mz 8 Casa 17 Dorado 1 Local 1","Risaralda","4.800921,-75.718777","N"
"GIROS Y FINANZAS ÉXITO C.C. ARBOLEDA","ACB025792","Av Circunvalar 120 # 5-20 L-112","Risaralda","4.80712,-75.684156","N"
"MULTIPAGAS","ACB197237","Calle 4bis # 15-49","Risaralda","4.807419,-75.682729","N"
"AyV PAGAFACIL PINARES","ACB368541","Cr 17  13   06 Lc 1","Risaralda","4.805519,-75.69054","N"
"EFECTY TERRANOVA","ACB321780","Cl 72 # 38 A 04 Barrio Terranova","Risaralda","4.799202,-75.728268","N"
"EFECTY EXPRESS DIMONEX POBLADO 2.","ACB195082","Mz 29 Casa 16 Piso 1 Poblado 2","Risaralda","4.80211,-75.707384","N"
"EFECTY EXPRESS EFECTY BARRIO PROVIDENCIA","ACB324507","Cl 21 Bis # 20-33","Risaralda","4.803679,-75.697679","N"
"EFECTY","ACB355428","Calle 21 Bis Nro 20 33","Risaralda","4.803516,-75.697627","N"
"EFECTY POBLADO 1 PEREIRA","ACB277890","Mz A Casa 5 Piso 1 L-2 Barrio Hamburgo","Risaralda","4.80226,-75.703878","N"
"GIROS Y FINANZAS CIRCUNVALAR","ACB024988","Av Circunvalar 4b-38","Risaralda","4.806385,-75.682082","N"
"EFECTY VILLA DEL PRADO 2","ACB304291","Cl 33 # 28-28 C.c. Poblado Plaza L 9","Risaralda","4.801035,-75.707926","N"
"GIROS Y FINANZAS LA 14","ACB020258","Cl 17 # 19-230 Int. La 14 Piso 2 L-7a","Risaralda","4.802645,-75.694873","N"
"EFECTY EL NOGAL","ACB151136","Cr 31 # 84-20 Lc 1501 Nogal Club","Risaralda","4.796324,-75.737585","N"
"EFECTY CENTRO COMERCIAL LA 14","ACB300440","Cl 17 # 19-230 Burbuja Ccial C.c. La 14","Risaralda","4.8022,-75.694246","N"
"EFECTY ANSERMANUEVO CALLE 5","ACB171893","Cl 5 N 4-71","Valle Del Cauca","4.794639,-75.995075","N"
"EFECTY BARRIO CAMPO ALEGRE","ACB323090","Cl 37 # 2n-10 Campo Alegre","Valle Del Cauca","4.762566,-75.934781","N"
"MULTIPAGAS","ACB278923","Cra 2 24 15 Via Santa Ana","Valle Del Cauca","4.757624,-75.933257","N"
"EFECTY CENTRO COMERCIAL NUESTRO CARTAGO","ACB077777","Cr 2 # 34-15 Lc 103","Valle Del Cauca","4.757764,-75.931272","N"
"GIROS Y FINANZAS C.C. NUESTRO CARTAGO","ACB026221","Cr 2 Cl 33 L-265 Vía Ansermanuevo","Valle Del Cauca","4.757953,-75.931032","N"
"EFECTY DIMONEX LA SUPER 13 II","ACB306161","Cr 2 # 32-64 Mz M Cs 12 Urb El Verun","Valle Del Cauca","4.757738,-75.930659","N"
"EFECTY CENTRO COMERCIAL SANTA LUCIA","ACB077809","Cr 5 Norte # 18-20 Lc 9","Valle Del Cauca","4.75756,-75.92021","N"
"EFECTY CARRERA 4 PRINCIPAL UNO","ACB077755","Cr 4 # 15-61","Valle Del Cauca","4.750137,-75.917457","N"
"MULTIPAGAS","ACB196456","Calle 12 # 3- 25","Valle Del Cauca","4.751042,-75.913711","N"
"OFICINA VILLA ROBLEDO","ACB066085","Cl 12 No 3 66 Lc 1 16 Cc Villa Robledo","Valle Del Cauca","4.750626,-75.913679","N"
"MULTIPAGAS","ACB197644","Calle 12 # 4-42","Valle Del Cauca","4.749792,-75.913666","N"
"EFECTY LA CUARTA UNO","ACB077766","Cr 4 A # 11-44","Valle Del Cauca","4.750284,-75.91305","N"
"ACCIONES Y VALORES EXITO CARTAGO","ACB061585","Cl 11 No 4 63","Valle Del Cauca","4.749715,-75.912599","N"
"MULTIPAGAS","ACB196478","Calle 14# 11-19","Valle Del Cauca","4.742827,-75.916415","N"
"EFECTY CENTRO COMERCIAL SANTIAGO PLAZA","ACB077788","C. Comercialsantiago Plaza Lc 7","Valle Del Cauca","4.742458,-75.915954","N"
"EFECTY","ACB352579","Carrera 5 9 81 Local 2","Valle Del Cauca","4.749166,-75.911442","N"
"GIROS Y FINANZAS CARTAGO","ACB020566","Cl 10 # 6-57 Int. Olímpica","Valle Del Cauca","4.747419,-75.911209","N"
"EFECTY CARTAGO CARRERA 5","ACB301364","Cr 5 # 7-63","Valle Del Cauca","4.749369,-75.908739","N"
"EFECTY BRR REPUBLICA DE FRANCIA.","ACB308217","Cl 14 N 15-48","Valle Del Cauca","4.738431,-75.915274","N"
"GIROS Y FINANZAS CARTAGO METRO","ACB024230","Cl 9 # 12-127 Int. Metro","Valle Del Cauca","4.741303,-75.909981","N"
"EFECTY COLLAREJO","ACB077799","Cr 4 # 1a-115","Valle Del Cauca","4.750426,-75.903131","N"
"EFECTY BARRIO SAN JERONIMO","ACB120578","Cr 15 # 7t-27","Valle Del Cauca","4.702429,-75.92418","N"
"EFECTY EL AGUILA CRA 4","ACB132690","Cr 4 # 10-05","Valle Del Cauca","4.909433,-76.041953","N"
"EFECTY CORREGIMIENTO VILLA NUEVA","ACB174665","Cl Principal-correg Villa Nueva","Valle Del Cauca","4.910451,-76.041844","N"
"EFECTY ARGELIA CRA 6","ACB308196","Cr 6 2-45","Valle Del Cauca","4.723491,-76.119025","N"
"RED SEINCOR","ACB070934","Calle 8 No 6  35 Interior Olim","Risaralda","4.895269,-75.883444","N"
"EFECTY LA VIRGINIA CALLE 8 PRINCIPAL","ACB273027","Cl 8a # 7-42","Risaralda","4.895879,-75.88359","N"
"EFECTY LA VIRGINIA CENTRO","ACB279254","Cr 8 # 9-40 Local 1","Risaralda","4.896595,-75.882724","N"
"GIROS Y FINANZAS LA VIRGINIA OLIMPICA","ACB024339","Cl 8 # 6-35 Int. Almacén Olímpica","Risaralda","4.894901,-75.880835","N"
"MULTIPAGAS","ACB356319","Calle 8 8 41","Risaralda","4.895578,-75.88126","N"
"EFECTY PORTAL DEL CAMPO GALICIA","ACB274215","Mz 5 Casa 13 Lc. 1 Brr Portal Del Campo","Risaralda","4.805198,-75.809433","N"
"EFECTY DIMONEX TORO","ACB304619","Cl 9 # 3-86 Centro","Valle Del Cauca","4.609445,-76.079838","N"
"EFECTY TORO CENTRO CARRERA 3","ACB125298","Cr 3 # 9-21","Valle Del Cauca","4.609134,-76.07985","N"
"EFECTY JJ COMUNICACIONES DE TORO","ACB150081","Cl 9 A # 3-11 Local 2","Valle Del Cauca","4.609146,-76.079988","N"
"EFECTY DIMONEX INTEGRALES TORO","ACB322077","Cr 2 # 10-58","Valle Del Cauca","4.608132,-76.078871","N"
"CONEXRED","ACB192913","Kr 2 N 3   51 Brr Centro","Risaralda","5.003912,-76.002467","N"
"EFECTY CRA. 3 CENTRO OBANDO","ACB277296","Cr 3 N 3-29","Valle Del Cauca","4.574543,-75.974024","N"
"EFECTY DIMONEX VILLA SOL EXPOFUTURO","ACB321768","Cr 19 # 94-96 Local 4 Villa Sol","Risaralda","4.808006,-75.761729","N"
"EFECTY BELMONTE","ACB133536","Cr 16 B N. 98-15","Risaralda","4.809482,-75.760312","N"
"EFECTY ALCALA 1 R","ACB134076","Cl 5 # 8-52 Lc 1","Valle Del Cauca","4.674238,-75.781798","N"
"EFECTY ALCALA CALLE 5","ACB322934","Cl 5 # 6-56","Valle Del Cauca","4.673811,-75.78069","N"
"EFECTY VIDEO STAR GAMA - LA VILLA","ACB171068","Cr 18 N 83-02 La Villa Olimpica","Risaralda","4.806232,-75.747786","N"
"EFECTY CORALES ESTACION DE SERVICIO 1","ACB278572","Mz 26 Casa 5 Corales","Risaralda","4.80087,-75.74359","N"
"EFECTY EXPRESS EFECTY BARRIO SAN JUAQUIN","ACB305159","Cr 26 # 77-658","Risaralda","4.798573,-75.741612","N"
"EFECTY","ACB352591","Local B 69 Del Cc Unicentro","Risaralda","4.809134,-75.741966","N"
"EFECTY CUBA SECTOR GALERIA","ACB160233","Cr 23 B N. 70 B 09","Risaralda","4.806559,-75.739894","N"
"EFECTY BARRIO SAN MARCOS","ACB322868","Mz 12 Casa 273 San Marcos","Risaralda","4.790226,-75.739304","N"
"EFECTY EXPRESS PASEO DE SAN FERNANDO","ACB321746","Cr 25 # 69b-32 Pasaje Ccial","Risaralda","4.805891,-75.7382","N"
"GIROS Y FINANZAS ÉXITO CUBA","ACB025055","Cr 26 Cl 71 Int. Éxito Cuba L-104a","Risaralda","4.804235,-75.737931","N"
"AYV EXITO CUBA","ACB065501","Carrera 26   Cl 71 Lc 124","Caldas","4.804235,-75.737931","N"
"EFECTY EXITO CUBA 1","ACB179538","Cl 71 # 27-36 Barrio Cuba","Risaralda","4.803699,-75.737833","N"
"MULTIPAGAS","ACB197468","Calle 71 # 26-69","Risaralda","4.803884,-75.737828","N"
"AYV CUBA CC LAS AMERICAS","ACB066502","Cl 71 No 26 75 Local 11 Cc Las Americas","Risaralda","4.803893,-75.737771","N"
"COOPERATIVA FINANCIERA DE ANTIOQUIA","ACB172663","Via A Cuba","Risaralda","4.804167,-75.737778","N"
"EFECTY EL NOGAL","ACB151136","Cr 31 # 84-20 Lc 1501 Nogal Club","Risaralda","4.796324,-75.737585","N"
"EFECTY CUBA AVDA PRINCIPAL","ACB079890","Cl 69 Cr 25 Esquina Local 101","Risaralda","4.806093,-75.737743","N"
"EFECTY RED PLATINUM PEREIRA","ACB172894","Mz 12 Cs 18 Barrio San Fernando","Risaralda","4.806454,-75.736921","N"
"EFECTY GUAYACANES PEREIRA","ACB164260","Cl 84 # 35-15 Barrio Guayacanes","Risaralda","4.795264,-75.73637","N"
"EFECTY BARRIO VILLA ELIZA PEREIRA","ACB274051","Cl 72 # 36b-22 Brr Villa Eliza Pereira","Risaralda","4.80119,-75.732226","N"
"EFECTY PANORAMA I","ACB154117","Mz G Casa 7 Piso 1 Portal D Las Mercedes","Risaralda","4.801981,-75.730337","N"
"EFECTY PARQUE INDUSTRIAL.","ACB131622","Cr 5 # 62 C-57 Lc 1 Parque Industrial","Risaralda","4.821815,-75.731239","N"
"EFECTY 2500 LOTES","ACB306808","Mz 5 Casa 8 L-0 Barrio Cuba 2500 Lotes","Risaralda","4.793043,-75.728814","N"
"EFECTY TERRANOVA","ACB321780","Cl 72 # 38 A 04 Barrio Terranova","Risaralda","4.799202,-75.728268","N"
"EFECTY MONTELIBANO","ACB156438","Mz 16 Casa 1 Local 2 Montelibano","Risaralda","4.788752,-75.727389","N"
"EFECTY DIMONEX BELALCAZAR CRA 4","ACB176436","Cr 4 15-20","Caldas","4.994476,-75.812031","N"
"EFECTY BELALCAZAR CALLE PRINCIPAL","ACB156229","Cr 4 16-22","Caldas","4.994796,-75.81189","N"
"EFECTY DIMONEX HOLGUIN","ACB177097","Cr 6 # 10-04","Valle Del Cauca","4.524512,-76.035041","N"
"EFECTY CARRERA 6","ACB111008","Cr 6 # 9-11","Valle Del Cauca","4.523734,-76.035282","N"
"EFECTY BARRIO EL DORADO 1","ACB305720","Mz 8 Casa 17 Dorado 1 Local 1","Risaralda","4.800921,-75.718777","N"
"EFECTY PERLA DEL SUR","ACB151147","Mz 4 Cs 20 Lc 1","Risaralda","4.805578,-75.715498","N"
"EFECTY CORREGIMIENTO LA BELLA","ACB306578","Correg La Bella Finca Las Delicias","Risaralda","4.805578,-75.715498","N"
"EFECTY EXPRESS EFECTY CAÑAVERAL","ACB321779","Av 30 De Ago # 73-51 L-11 Cañaveral Ii","Risaralda","4.805578,-75.715498","N"
"EFECTY CORREGIMIENTO PUERTO CALDAS","ACB305951","Mz 4 Casa 14 Corregimieto Puerto Caldas","Risaralda","4.805578,-75.715498","N"
"EFECTY URBANIZACION SANTA CLARA","ACB305797","Torre 3 Bl 6 Apto 101 Brr Sta Clara Cuba","Risaralda","4.805578,-75.715498","N"
"EFECTY VEREDA EL PLACER COMBIA","ACB171057","K 5 Via Marsella Vereda El Placer","Risaralda","4.805578,-75.715498","N"
"EFECTY ABRIL BULEVAR DEL CAFE","ACB309142","Av Las Americas # 93-20 Local 105","Risaralda","4.805578,-75.715498","N"
"EFECTY EXPRESS EFECTY HACIENDA CUBA","ACB308239","Mz 13 Casa 1 Barrio Hacienda Cuba","Risaralda","4.805578,-75.715498","N"
"EFECTY","ACB352580","Av Americas  55 20 El Rosal","Risaralda","4.805578,-75.715498","N"
"EFECTY CORREGIMIENTO ALTAGRACIA","ACB323243","Cl Principal Barrio Arenales Casa 134","Risaralda","4.805578,-75.715498","N"
"EFECTY PAPELERIA MERCASA","ACB179516","Mercasa Bodegas Verdes Galpon A L-p10","Risaralda","4.805578,-75.715498","N"
"EFECTY EXPRESS DIMONEX VILLA DE LEYVA II","ACB302057","Cl 86 # 56-10 To 4 L-17 Villa De Leyva","Risaralda","4.8089,-75.71551","N"
"EFECTY PARQUE INDUSTRIAL SECTOR A 2","ACB272466","Mz 9 Casa 20 Sector A Parque Industrial","Risaralda","4.8089,-75.71551","N"
"EFECTY EXPRESS DIMONEX CAIMALITO","ACB309120","Casa 261 Local 263 B Caimalito","Risaralda","4.8089,-75.71551","N"
"EFECTY","ACB352634","Calle 44 7 20","Risaralda","4.816737,-75.715554","N"
"EFECTY CENTRO SANTUARIO","ACB151619","Cl 6 # 4-48","Risaralda","5.072898,-75.961654","N"
"EFECTY LA UNION BARRIO POPULAR","ACB273038","Cl 18 N 14-91","Valle Del Cauca","4.534709,-76.102394","N"
"CONEXRED","ACB271410","Calle 14 11 16 Brr Belen","Valle Del Cauca","4.530783,-76.094745","N"
"EFECTY EXPRES BALCONES D VILLA DEL PRADO","ACB274062","Mz 3 Casa 17 Poblado Ii","Risaralda","4.802912,-75.711004","N"
"EFECTY LA UNION VALLE CARRERA 14","ACB110766","Cl 15 # 13-52 Local 102","Valle Del Cauca","4.532063,-76.101944","N"
"EFECTY SAMARIA I","ACB174609","Mz 28 Casa 22 Samaria 1","Risaralda","4.798047,-75.710158","N"
"EFECTY DIMONEX INTEGRALES LA UNION","ACB161597","Cl 14 # 12-41","Valle Del Cauca","4.530925,-76.101271","N"
"MULTIPAGAS","ACB196467","Calle 14 No. 15-60","Valle Del Cauca","4.531633,-76.103638","N"
"EFECTY CALLE 14 LA UNION","ACB270255","Cl 14 N 16-07","Valle Del Cauca","4.531701,-76.104469","N"
"EFECTY PARQUE BANDERAS CALLE 37","ACB272949","Cr 7 # 37-44","Risaralda","4.816475,-75.709584","N"
"EFECTY SUPERTIENDAS OLIMPICAS AV 30 AGO","ACB130148","Av 30 De Agosto # 36-10","Risaralda","4.812595,-75.709006","N"
"ACCIONES Y VALORES OFICINA 30 DE AGOSTO","ACB061783","Ave 30 De Agosto Numero 35 64","Risaralda","4.812515,-75.708622","N"
"EFECTY VILLA DEL PRADO 2","ACB304291","Cl 33 # 28-28 C.c. Poblado Plaza L 9","Risaralda","4.801035,-75.707926","N"
"EFECTY EXPRESS DIMONEX POBLADO 2.","ACB195082","Mz 29 Casa 16 Piso 1 Poblado 2","Risaralda","4.80211,-75.707384","N"
"AYV SUPERGIROS OFICINA PPAL FILAND","ACB067811","Carrera 5 No 6 34","Quindio","4.62235,-75.764452","N"
"EFECTY VILLA DEL PRADO","ACB133998","Mz 9 Local 17 Villa Del Prado","Risaralda","4.799528,-75.706193","N"
"EFECTY CL REAL CON 10 SER MUJER","ACB134153","Cl 17 # 10-17","Risaralda","4.936125,-75.743482","N"
"EFECTY CENTRO PRINCIPAL CRA 6","ACB079351","Cr 6 # 17-05","Quindio","4.622708,-75.762818","N"
"EFECTY EXPRESS EFECTY SAN NICOLAS","ACB305292","Cl 31 # 14b-38 Barrio San Nicolas","Risaralda","4.809318,-75.704949","N"
"EFECTY FRENTE A LA ALCALDIA","ACB132744","Cl 12 # 6-29","Quindio","4.622911,-75.760827","N"
"EFECTY SANANDRESITO CENTRO COMERCIAL","ACB131611","Cr 8 # 31-08 Lc 2 Nivel 1 C.c. Sanandre","Risaralda","4.81503,-75.704513","N"
"EFECTY POBLADO 1 PEREIRA","ACB277890","Mz A Casa 5 Piso 1 L-2 Barrio Hamburgo","Risaralda","4.80226,-75.703878","N"
"EFECTY MARSELLA","ACB324002","Cr 10 # 9-34","Risaralda","4.934055,-75.739352","N"
"EFECTY EXPRESS EFECTY CRA 6 CL 28","ACB321757","Cr 6 28-48","Risaralda","4.816441,-75.701955","N"
"EFECTY CARRERA 8","ACB111273","Cr 9 # 8-18","Caldas","5.061525,-75.872228","N"
"EFECTY SENA.","ACB156362","Cl 26 # 7-63","Risaralda","4.815028,-75.700135","N"
"EFECTY CRESS CENTENARIO","ACB079801","Cr 14 Bis # 24-72","Risaralda","4.809012,-75.699481","N"
"EFECTY CLINICA LOS ROSALES","ACB160079","Cr 9 25-29 Local 105","Risaralda","4.81352,-75.69968","N"
"EFECTY EXPRESS EFECTY BARRIO PROVIDENCIA","ACB324507","Cl 21 Bis # 20-33","Risaralda","4.803679,-75.697679","N"
"EFECTY","ACB355428","Calle 21 Bis Nro 20 33","Risaralda","4.803516,-75.697627","N"
"EFECTY LAGO URIBE CALLE 23","ACB164820","Cl 23 # 8-21","Risaralda","4.814049,-75.697686","N"
"EFECTY DIMONEX CRA 12 PEREIRA","ACB168396","Cr 12 # 22-27 Centro","Risaralda","4.810702,-75.697449","N"
"EFECTY EXPRES DIMONEX CR 5 CL 22 PEREIRA","ACB276800","Cr 5 # 22-15","Risaralda","4.816613,-75.696728","N"
"CONEXRED","ACB320206","Carrera 8  21  32","Risaralda","4.814377,-75.696201","N"
"EFECTY","ACB352623","Calle 21 8 69","Risaralda","4.813697,-75.696041","N"
"EFECTY","ACB279232","Carrera 7 Nro 2082 Local 3","Risaralda","4.814985,-75.695738","N"
"GIROS Y FINANZAS LA 14","ACB020258","Cl 17 # 19-230 Int. La 14 Piso 2 L-7a","Risaralda","4.802645,-75.694873","N"
"COOPERATIVA FINANCIERA DE ANTIOQUIA","ACB172740","Kr  9  20   03","Risaralda","4.813056,-75.695278","N"
"EFECTY FLAMINGO PEREIRA","ACB168538","Cr 6 N 20-76 Centro","Risaralda","4.815749,-75.695359","N"
"MULTIPAGAS","ACB197204","Calle 20 # 8-19","Risaralda","4.81378,-75.695132","N"
"EFECTY CENTRO COMERCIAL LA 14","ACB300440","Cl 17 # 19-230 Burbuja Ccial C.c. La 14","Risaralda","4.8022,-75.694246","N"
"GIROS Y FINANZAS C.C. BOLÍVAR PLAZA","ACB021127","Cr 8 # 19-41 L-118 / Cr 9 # 19-48","Risaralda","4.813503,-75.694706","N"
"EFECTY","ACB350951","Calle 17 23 157 Taquilla 115 Y 116","Risaralda","4.799505,-75.693713","N"
"EFECTY UTP-CIUDAD JARDIN","ACB305588","Cl 17 # 28-54","Risaralda","4.796017,-75.693674","N"
"A Y V OFICINA ALCIDES AREVALO","ACB064050","Cl19 No 6 48 Cc Alcides Areval","Risaralda","4.815291,-75.69435","N"
"EFECTY RED PLATINUM C.C. CIUDAD VICTORIA","ACB138487","Cr 11 Bis # 17-20 Lc 220 C.c. Victoria","Risaralda","4.811301,-75.693934","N"
"MOVISTAR","ACB129193","Calle 19 No 6 11 Movistar","Risaralda","4.815443,-75.694089","N"
"ACCIONES Y VALORES VICTORIA CC REGIONAL","ACB060892","Cl 18 No 10 48 Lc 116 C C Vict","Risaralda","4.811689,-75.693676","N"
"EFECTY PRINCIPAL","ACB071650","Cr 9 # 18-12","Risaralda","4.812964,-75.693681","N"
"ACCIONES Y VALORES OFICINA EL PASO","ACB064807","Cl 18 No 8 34 Lc 10","Risaralda","4.813487,-75.693458","N"
"EFECTY CENTRO PLAZA DE BOLIVAR CALLE 18","ACB117664","Pereira Centro Cr 7 # 18-21 Local 102b","Risaralda","4.814485,-75.693492","N"
"EFECTY CRA 5 CALLE 18 CENTRO UNO","ACB302046","Cr 5 N 18-63","Risaralda","4.816241,-75.693533","N"
"MULTIPAGAS","ACB196863","Carrera 10 # 17-55","Risaralda","4.812014,-75.693239","N"
"ACCIONES Y VALORES EXITO PEREIRA CENTRO","ACB061596","Kr 8 No 17 35","Risaralda","4.813529,-75.692965","N"
"GIROS Y FINANZAS CENTRO","ACB020049","Cr 7 # 16-50 L-111 Centro Del Comercio","Risaralda","4.814717,-75.692195","N"
"EFECTY CENTRO DEL COMERCIO","ACB079911","Cr 7 No16-50 Local 108","Risaralda","4.814476,-75.691988","N"
"EFECTY","ACB352612","Calle 15 9 64","Risaralda","4.812322,-75.691233","N"
"AyV PAGAFACIL PINARES","ACB368541","Cr 17  13   06 Lc 1","Risaralda","4.805519,-75.69054","N"
"AYV PF PEREIRA UNIPLEX","ACB066799","Calle 14 No 13  45 San Jose Sur Lc 2","Risaralda","4.808568,-75.690662","N"
"GIROS Y FINANZAS ÉXITO","ACB024702","Cr 10 # 14-71 Piso 2","Risaralda","4.811986,-75.690742","N"
"EFECTY CARRERA 7 PARQUE LA LIBERTAD","ACB300451","Cr 7 # 14-66","Risaralda","4.814306,-75.690383","N"
"EFECTY BARRIO LA MACARENA","ACB276954","Mz 0 Casa 1 Urb La Macarena","Risaralda","4.82926,-75.691706","N"
"AyV PAGAFACIL VALENCIA","ACB368552","Cr 14  12   17 Lc 1","Risaralda","4.807637,-75.689158","N"
"EFECTY CR3","ACB279243","Cr 3 # 14-06 America","Risaralda","4.817805,-75.689723","N"
"EFECTY BARRIO CAMPESTRE B","ACB276921","Cr 2 # 18-58","Risaralda","4.833191,-75.690332","N"
"EFECTY SERVIENTREGA AVENIDA CIRCUNVALAR","ACB079812","Cr 13 # 8-47 Local 1","Risaralda","4.807167,-75.685871","N"
"EFECTY CRA 9 BARRIO VILLAVICENCIO","ACB272839","Cr 9 # 8-16","Risaralda","4.812047,-75.68534","N"
"EFECTY MINIMERCADO EL PROGRESO BRR LOS","ACB304972","Mz 5 Casa 10 Los Olivos","Risaralda","4.830311,-75.686854","N"
"EFECTY RED PLATINUM EL PROGRESO","ACB274875","Cr 16 Cc El Progreso Intercambiador","Risaralda","4.818034,-75.684849","N"
"GIROS Y FINANZAS ÉXITO C.C. ARBOLEDA","ACB025792","Av Circunvalar 120 # 5-20 L-112","Risaralda","4.80712,-75.684156","N"
"MULTIPAGAS","ACB197237","Calle 4bis # 15-49","Risaralda","4.807419,-75.682729","N"
"EFECTY EXPRESS EFECTY BARRIO OTUN","ACB301474","Cr 21 # 1-83","Risaralda","4.815391,-75.683126","N"
"EFECTY","ACB355132","Carrera 11 N 4 73","Risaralda","4.809803,-75.682633","N"
"EFECTY DIMONEX BERLIN","ACB326785","Cr 11 N 4-73","Risaralda","4.80979,-75.682433","N"
"GIROS Y FINANZAS CIRCUNVALAR","ACB024988","Av Circunvalar 4b-38","Risaralda","4.806385,-75.682082","N"
"EFECTY PORTAL DEL PARQUE","ACB194641","Cl 15 # 16-108 Portal Del Parque","Risaralda","4.823212,-75.683067","N"
"EFECTY JAPON CALLE 9","ACB151598","Cl 9 # 19-24","Risaralda","4.818992,-75.681102","N"
"EFECTY ALFONSO LOPEZ VIA KENEDY","ACB308251","Av Santander # 1a-25 Alfonso Lopez","Risaralda","4.810469,-75.679999","N"
"EFECTY SANTA ISABEL SENA","ACB118324","Local 1 Quintas Sta Isabel","Risaralda","4.836942,-75.681107","N"
"EFECTY DIMONEX BARRIO EL JAPON","ACB178670","Cl 8 # 24-28 El Japon","Risaralda","4.816349,-75.678844","N"
"A Y V OFICINA CC PLAZA DEL SOL","ACB064445","Ave Simon Bolivar Cr16 No 24 7","Risaralda","4.828973,-75.679785","N"
"EFECTY DIMONEX LA AURORA ALTA","ACB191868","Cl 12 Cr 22 # 22a-03 Local 2","Risaralda","4.820071,-75.678793","N"
"CONEXRED","ACB199570","Cr 8 A  8   19","Risaralda","5.106312,-75.94223","N"
"EFECTY PRIMAVERA ASUL 1","ACB277955","Mz 41 Casa 1b Primavera Asul 1","Risaralda","4.836313,-75.680215","N"
"EFECTY MIRADOR DE LA ESTANCIA","ACB326202","Mz 2 Casa 7 Apto 202 L-2 Conj Mirador","Risaralda","4.836313,-75.680215","N"
"EFECTY BARRIO LA MARIANA","ACB139950","Mz E Casa 27 La Mariana","Risaralda","4.836313,-75.680215","N"
"EFECTY EXPRESS DIMONEX EL PROGRESO","ACB304323","Peatonal 15 Casa 7 Local 102","Risaralda","4.836313,-75.680215","N"
"EFECTY FRAILES I","ACB152928","Mz A Casa 8","Risaralda","4.836313,-75.680215","N"
"EFECTY BARRIO LA GRACIELA 1","ACB326257","Mz 4 Casa 21 La Graciela","Risaralda","4.836313,-75.680215","N"
"EFECTY PLAZA DEL SOL 2 CENTRO COMERCIAL","ACB326774","Cr 16 # 24-70 L-201 C.c. Plaza Del Sol","Risaralda","4.829654,-75.679028","N"
"EFECTY","ACB355121","Cra 16 24  70 Local 201","Risaralda","4.829583,-75.678884","N"
"AYV PF PEREIRA","ACB066667","Cc Pereira Carrera 21 Con Calle 17","Risaralda","4.823522,-75.678131","N"
"GIROS Y FINANZAS DOSQUEBRADAS","ACB020906","Av Simón Bolivar Cr 16 # 24-70","Risaralda","4.838577,-75.675796","N"
"EFECTY","ACB354504","Mz 2 Casa 7 Apto 202 Local 2","Risaralda","4.81161,-75.671367","N"
"EFECTY BRR PLAYA RICA AVDA FERROCARRIL","ACB305995","Cr 10 # 42-a06-playa Rica","Risaralda","4.841171,-75.673656","N"
"EFECTY EXPRESS BARRIO VILLA SANTANA","ACB309131","Mz 14 Casa 1 Monserrate Villa Santana","Risaralda","4.802903,-75.668267","N"
"ACCIONES Y VALORES CC EL PROGRESO","ACB063192","Kr 16 No 38 130 Cc El Progreso","Risaralda","4.835905,-75.669633","N"
"GIROS Y FINANZAS C.C. EL PROGRESO","ACB025473","Av Simón Bolivar Cr 16 # 36-98 L-94a","Risaralda","4.835923,-75.668977","N"
"EFECTY EXPRESS BRR LOS NARANJOS","ACB304598","Cl 48 # 14a-10 Local 5 Los Naranjos","Risaralda","4.839778,-75.668676","N"
"EFECTY SAN FERNANDO","ACB151125","Cr 17 # 43-05 Local 2","Risaralda","4.836063,-75.668135","N"
"EFECTY BARRIO LOS LAGOS DOSQUEBRADAS","ACB321098","Mz 10 Casa 58 Los Lagos","Risaralda","4.825464,-75.666883","N"
"EFECTY VILLAVENTO 3","ACB276811","Cl 42a Tv 26-56 Mz 18 Cs 3 Villavento 3","Risaralda","4.832001,-75.665961","N"
"EFECTY EXPRESS EFECTY EL MODELO","ACB321087","Cr 19 # 49-03 Local 3 El Modelo","Risaralda","4.837582,-75.665859","N"
"EFECTY FRAILES SECTOR PATIÑO AMARILES","ACB174566","Mz D1 Casa 5 Brr Alvaro Patiño","Risaralda","4.812787,-75.663058","N"
"EFECTY BARRIO SANTA TERESITA","ACB274468","Cr 15a # 58-43 Esquina Santa Teresita","Risaralda","4.84208,-75.66512","N"
"GIROS Y FINANZAS OLÍMPICA","ACB026067","Cr 6a # 17-30 Int. Olimpica","Quindio","4.567142,-75.751167","N"
"AYV SUPERGIROS OFICINA PPAL MONTEN","ACB067822","Carrera 5 No 15  22","Quindio","4.567729,-75.749728","N"
"EFECTY PARQUE PRINCIPAL.","ACB111448","Cl 16 # 5-21","Quindio","4.567212,-75.750153","N"
"EFECTY","ACB355154","Calle 13 Nro 4 19","Quindio","4.568425,-75.748499","N"
"EFECTY CENTRO CALLE 13 MONTENEGRO","ACB326806","Cl 13 # 4-19","Quindio","4.568761,-75.748185","N"
"EFECTY DIMONEX BARRIO COMUNEROS","ACB301858","Ma 8 27 Brr Comuneros","Quindio","4.566583,-75.750111","N"
"EFECTY QUINTAS DEL BOSQUE","ACB279683","Mz 5 Casa 32 Quintas Del Bosque","Risaralda","4.848063,-75.662907","N"
"EFECTY LA CAPILLA","ACB152203","Cr 16 # 65-11 Av Simon Bolivar","Risaralda","4.844588,-75.662118","N"
"EFECTY BARRIO BOSQUES DE LA ACUARELA","ACB273160","Mz 7 Casa 2a Cuarta Etapa","Risaralda","4.855144,-75.662819","N"
"EFECTY EXPRESS EFECTY BARRIO LA FLORESTA","ACB278824","Dg 77 # 8-23 Barrio La Floresta","Risaralda","4.857701,-75.658359","N"
"EFECTY SAN JOSE CALDAS CRA 2","ACB119611","Cr 2 5-60","Caldas","5.0808,-75.791556","N"
"EFECTY CENTRO CARRERA 6","ACB112285","Cl 6 N 5-27","Quindio","4.674379,-75.658325","N"
"EFECTY","ACB355329","Cl 7 5 10","Quindio","4.674671,-75.657674","N"
"EFECTY TIENDA LOS MECATOS FILANDIA","ACB326972","Cl 7 5-10","Quindio","4.674763,-75.657613","N"
"EFECTY PORTAL DE LAS ARAUCARIAS","ACB321966","Cr 10b # 30a-06","Risaralda","4.869138,-75.634844","N"
"EFECTY EL DOVIO","ACB112164","Cr 8 # 7 -15","Valle Del Cauca","4.511292,-76.237563","N"
"EFECTY LA HERMOSA CALLE PRINCIPAL","ACB150630","Cr 23 # 21-89 Br. La Hermosa","Risaralda","4.871,-75.628646","N"
"EFECTY EL DOVIO CR 8","ACB276691","Cr 8 # 8-45","Valle Del Cauca","4.510371,-76.23766","N"
"MULTIPAGAS","ACB199075","Calle 14 14 81","Risaralda","4.866035,-75.622776","N"
"EFECTY CR 15 CALLE 15","ACB273500","Cr 15 # 15-50","Risaralda","4.867235,-75.622685","N"
"EFECTY STA ROSA DE CABAL CR 14 HOSPITAL","ACB159958","Cr 14 # 25-25 Local 1","Risaralda","4.875722,-75.624082","N"
"EFECTY DIMONEX PARQUE PRINCIPAL STA ROSA","ACB194663","Cl 12 # 14-75","Risaralda","4.8646,-75.621003","N"
"SANTA ROSA DE CABAL","ACB065886","Calle 12 No 14 27 Local 2","Risaralda","4.864823,-75.620795","N"
"GIROS Y FINANZAS SANTA ROSA DE CABAL","ACB020917","Cl 14 # 13-24 Supermercado La Economía","Risaralda","4.866556,-75.620645","N"
"EFECTY CALLE 13","ACB110711","Cr 13 # 12 13","Risaralda","4.865067,-75.619954","N"
"CONEXRED","ACB300693","Carrera 12 14 00 Sector Plaza De Mercado","Risaralda","4.866346,-75.619278","N"
"EFECTY","ACB357958","Cl 23 9a 57","Risaralda","4.874733,-75.620147","N"
"EFECTY EXPRESS DIMONEX LA PATRIA II","ACB320284","Mz 44 Ca 1 Barrio La Patria","Quindio","4.541548,-75.703206","N"
"EFECTY DIMONEX BARRIO LA PATRIA ARMENIA","ACB304136","Barrio La Patria Mz 72 Casa 01 Local 1","Quindio","4.540436,-75.703654","N"
"EFECTY EXPRESS DIMONEX BARRIO LA GRECIA","ACB194915","Barrio La Grecia Mz 5 Casa 1","Quindio","4.529585,-75.711757","N"
"EFECTY CIUDAD DORADA","ACB305126","Barrio Ciudad Dorada Mz 2 # 7","Quindio","4.529057,-75.706854","N"
"CONEXRED","ACB192979","Mz 7 Ca 14 Brr Universal","Quindio","4.542637,-75.694571","N"
"EFECTY DIMONEX LA FACHADA ARMENIA","ACB272499","Brr La Fachada Mz 22 Ca 20","Quindio","4.520375,-75.713813","N"
"CONEXRED","ACB322451","Urbanizacion Entre Verdes Manzana 13 No","Quindio","4.529091,-75.703382","N"
"EFECTY LA FACHADA ARMENIA","ACB162862","Barrio La Fachada Mz 15 Casa 2","Quindio","4.519688,-75.712078","N"
"EFECTY BARRIO LA FACHADA","ACB309119","Barrio La Fachada Mz 2 Casa 2","Quindio","4.519555,-75.709798","N"
"EFECTY PUERTO ESPEJO ARMENIA","ACB164237","Mz 29 Casa 27 Barrio Puerto Espejo","Quindio","4.516319,-75.712585","N"
"EFECTY SAN DIEGO PLAZA","ACB151741","Cl 30 # 44-80 Lc 2 San Diego","Quindio","4.528053,-75.700097","N"
"EFECTY BARRIO LAS MERCEDES","ACB321009","Cl 11 N 12-07 Local 4","Quindio","4.618476,-75.638077","N"
"AYV PF MALL PARAISO","ACB067514","Km 6 Via Aer El Eden Local 1 10","Quindio","4.470906,-75.764254","N"
"EFECTY PUERTO ESPEJO 2 ETAPA","ACB167735","Br. Puerto Espejo 2et Mz 25 Cs 10","Quindio","4.514418,-75.711964","N"
"EFECTY CARRERA 6","ACB111064","Cr 6 # 13-57","Quindio","4.452912,-75.790277","N"
"EFECTY ZULDEMAYDA","ACB151509","Br Zuldemayda Mz 21 Cs 1","Quindio","4.524926,-75.7012","N"
"EFECTY LAS AMERICAS:","ACB162246","Cl 22 # 33-13 Barrio Las Americas","Quindio","4.542972,-75.68531","N"
"EFECTY","ACB351567","Mzn L Casa 1 Local 2","Quindio","4.527242,-75.698621","N"
"EFECTY BARRIO LA UNION","ACB134142","Barrio La Union Mz 25 Casa 20","Quindio","4.534714,-75.69154","N"
"ACCIONES Y VALORES","ACB066843","Calle 30 40 80 Lc 7 Cc San Diego Plaza","Quindio","4.531662,-75.693836","N"
"EFECTY CALLE 6","ACB112362","Cl 6 # 14-74","Quindio","4.620429,-75.634323","N"
"EFECTY SANTA RITA.","ACB277054","Barrio Santa Rita Mz 17 Ca4","Quindio","4.518891,-75.704543","N"
"EFECTY DIMONEX LA TEBAIDA CRA 9","ACB174621","Cr 9 # 13-12","Quindio","4.450828,-75.789165","N"
"AyV PAGAFACIL TEBAIDA","ACB368585","Cr 9  11   25","Quindio","4.451293,-75.787827","N"
"EFECTY PLAZA NUEVA","ACB150805","Cr 9 # 10-35","Quindio","4.451494,-75.787012","N"
"EFECTY 7 DE AGOSTO","ACB309108","Mz 4 Casa 1 Barrio 7 De Agosto","Quindio","4.534531,-75.688501","N"
"EFECTY EXPRESS HOSPITAL LA TEBAIDA","ACB195136","Cr 10 # 8-23 Loc 5","Quindio","4.451338,-75.785067","N"
"EFECTY DIMONEX CIUDADELA COMFENALCO","ACB325805","Urb. Ciudadela Comfenalco Mz B Ca 20","Quindio","4.515072,-75.704722","N"
"EFECTY DIMONEX BARRIO VILLA LILIANA","ACB325816","Barrio Villa Liliana Mz Ll 315","Quindio","4.540253,-75.681624","N"
"EFECTY AVDA LOS CAMELLOS","ACB152434","Cr 23 Cl 7 Y 8 Local 13","Quindio","4.540253,-75.681624","N"
"EFECTY PARQUE DEL CAFE SENDERO ECOLOGICO","ACB325838","Parque Del Cafe Sendero Ecologico","Quindio","4.540253,-75.681624","N"
"EFECTY","ACB352238","Av 19  2 N   50","Quindio","4.540253,-75.681624","N"
"EFECTY SUPER INTER LOS PLATANOS","ACB151994","C.c Super Inter Los Platanos Local 16","Quindio","4.540253,-75.681624","N"
"EFECTY PAPELERIA LOS ANGELES","ACB151114","C.c. Bolivar Lc Cd-01-04","Quindio","4.540253,-75.681624","N"
"EFECTY VILLA CLAUDIA","ACB152467","Cl 50 # 30-05 Lc 102","Quindio","4.520733,-75.697256","N"
"EFECTY GUADUALES DE LA VILLA","ACB174599","Mz 15 Ca 3 Barrio Guaduales De La Villa","Quindio","4.515156,-75.702398","N"
"EFECTY","ACB326828","Manzana F Casa 5 Barrio Milagro De Dios","Tolima","4.530967,-75.687445","N"
"EFECTY BARRIO CORBONES 2","ACB272576","Cr 24a # 14-53b Barrio Corbones","Quindio","4.542199,-75.676613","N"
"EFECTY","ACB355297","Km 6 Via El Eden","Quindio","4.511542,-75.703045","N"
"EFECTY DIMONEX CALLE 11","ACB126035","Cl 11 # 9 44","Valle Del Cauca","4.395673,-76.07075","N"
"EFECTY EL BOSQUE","ACB076897","Cl 21 # 24-20","Quindio","4.53832,-75.67862","N"
"EFECTY LAS ACACIAS ARMENIA","ACB139884","Cl 48 # 22-69 Barrio Farallones","Quindio","4.522755,-75.691816","N"
"EFECTY YULIMA ARMENIA","ACB191990","Yulima 3 Bloque 7 Local 1","Quindio","4.549359,-75.669377","N"
"EFECTY ZARZAL CALLE 9","ACB156427","Cl 9 # 12-11","Valle Del Cauca","4.395439,-76.07353","N"
"EFECTY BARRIO GRANADA ARMENIA","ACB168417","Cl 10 # 23-04 Local 3 Barr Granada","Quindio","4.544521,-75.672876","N"
"EFECTY ZARZAL CRA 9 CON CALLE 9","ACB153644","Cr 9 # 9-36","Valle Del Cauca","4.394202,-76.071653","N"
"EFECTY CLINICA LA SAGRADA FAMILIA","ACB152490","Cr 23 N. 15-16 Av Los Camellos","Quindio","4.540031,-75.675153","N"
"ACCIONES Y VALORES OLIMPICA EL BOSQUE","ACB060869","Kr 22 No 22 14 Olimpica El Bosque","Antioquia","4.536252,-75.678002","N"
"EFECTY LOS MECATOS VIA EL EDEN","ACB326949","Tienda De Los Mecatos Km 6 Via El Eden","Quindio","4.53805,-75.676245","N"
"EFECTY ESTADIO SECTOR EL EDEN","ACB156834","Cr 18 # 58-33 Local 5","Quindio","4.514308,-75.696295","N"
"GIROS Y FINANZAS TERMINAL DE TRANSPORTE","ACB024681","Cl 35 # 20-68 L-203a","Quindio","4.527605,-75.684099","N"
"EFECTY","ACB154249","Calle 35 No 20 68 Local","Quindio","4.527482,-75.684069","N"
"EFECTY","ACB352250","Cra 19 31 Norte 91 Locales Comerciales","Quindio","4.56566,-75.653924","N"
"EFECTY","ACB355286","Aeropuerto El Eden Lc 6","Quindio","4.45285,-75.767001","N"
"EFECTY TIENDA LOS MECATOS ARPTO EL EDEN","ACB326938","Aeropuerto El Eden Lc 6","Quindio","4.452883,-75.766298","N"
"EFECTY BRASILIA ARMENIA","ACB167791","Cr 19 # 44-28","Quindio","4.522615,-75.686087","N"
"EFECTY CORREGIMIENTO LA PAILA","ACB322220","Cr 1 # 14-16 Correg La Paila","Valle Del Cauca","4.390815,-76.070794","N"
"EFECTY RED PLATINUM ARMENIA","ACB138641","Cl 22 # 18-22","Quindio","4.534291,-75.67585","N"
"EFECTY CARRERA 18 CENTRO CLL 21","ACB076907","Cr 18 # 21-41","Quindio","4.534153,-75.67545","N"
"CONEXRED","ACB276327","Carrera 18  19  50 Barrio Centro","Quindio","4.535124,-75.674569","N"
"CONEXRED","ACB276305","Carrrea 18  20  31 Barrio Centro","Quindio","4.53463,-75.674913","N"
"ACCIONES Y VALORES","ACB063806","Carrera 22 28 30","Quindio","4.535207,-75.674271","N"
"EFECTY ROLDANILLO CALLE 8","ACB166525","Cl 8 # 3-44","Valle Del Cauca","4.414319,-76.152965","N"
"CONEXRED","ACB276349","Calle 20  17  01 Barrio Centro","Quindio","4.534589,-75.674482","N"
"MULTIPAGAS","ACB196797","Calle 20n # 14-11","Quindio","4.558915,-75.65583","N"
"MULTIPAGAS","ACB196687","Carrera 17 # 20-35","Quindio","4.534234,-75.674498","N"
"GIROS Y FINANZAS ARMENIA SAO","ACB021271","Cl 19 Norte # 13-09 Int. Sao Piso 1","Quindio","4.558583,-75.655748","N"
"EFECTY SERVIENTREGA CRA 18 CON 11 UNO","ACB076842","Cr 18 # 12-43","Quindio","4.538063,-75.671083","N"
"EFECTY","ACB352249","Carrera 14 18 Norte 46","Quindio","4.557157,-75.656541","N"
"EFECTY BOSQUES DE PINARES 2","ACB305807","Mz 8 # 235 Barrio Bosques De Pinares","Quindio","4.51148,-75.693882","N"
"EFECTY FLAMINGO ARMENIA","ACB168451","Cr 16 # 21-47","Quindio","4.533128,-75.674594","N"
"EFECTY SERVIENTREGA CENTRO CRA 15","ACB076864","Cr 15 # 22-42","Quindio","4.532282,-75.674712","N"
"MULTIPAGAS","ACB197523","Carrera 16 # 16-27","Quindio","4.535529,-75.672008","N"
"EFECTY LA NUEVA PAILA","ACB171673","Cr 2 # 1a-66 Correg La Paila","Valle Del Cauca","4.388644,-76.072201","N"
"EFECTY","ACB174708","Calle 5 Nro 759 De Zarzal","Valle Del Cauca","4.388584,-76.07228","N"
"MULTIPAGAS","ACB197457","Carrera 15 # 20-09","Quindio","4.533399,-75.673449","N"
"ACCIONES Y VALORES","ACB065600","Oficina Cristobal Colon","Quindio","4.533547,-75.673294","N"
"EFECTY PASAJE BOLIVAR","ACB309186","Cl 20 A # 14-22 Local 4 Pasaje Bolivar","Quindio","4.532861,-75.673335","N"
"AYV SUPERGIROS OFICINA PPAL QUIMBA","ACB067800","Calle 5 No 6 36 Lc 1 Camara De Ccio","Quindio","4.53132,-75.674592","N"
"AYV SUPERGIROS SEDE COMERCIAL","ACB067789","Carera 14 21 27","Quindio","4.532444,-75.673624","N"
"EFECTY SOLUCIONES LA 15","ACB132887","Cr 15 # 16-05 Lc 4","Quindio","4.53495,-75.671573","N"
"GIROS Y FINANZAS C.C. IBG","ACB020115","Cr 14 # 18-56 Piso 3 L-26/27/28","Quindio","4.533536,-75.672451","N"
"MULTIPAGAS","ACB196786","Carrera 14 # 6-02","Quindio","4.545716,-75.662397","N"
"PF ARMENIA LA CASTELLANA","ACB067899","Av Bolivar Carrera 14 No 9 Norte 65","Quindio","4.549864,-75.659286","N"
"EFECTY CALLE 8 CR 6 CIBER CAB","ACB154184","Cl 8 Nro6-73","Valle Del Cauca","4.411333,-76.153559","N"
"EFECTY PARQUE SUCRE","ACB134603","Cr 14 # 11-38 Local 1 Parque Sucre","Quindio","4.536856,-75.668662","N"
"GIROS Y FINANZAS ÉXITO C.C. UNICENTRO","ACB025934","Av Bolívar Cr 14 # 14-34 L-101a","Quindio","4.540547,-75.66567","N"
"AYV PARQUE SUCRE","ACB061309","Carrera 14 No 10 20","Quindio","4.5375,-75.667984","N"
"EFECTY SAN RAFAEL 1","ACB325740","Cl 5 # 7-48 Barrio San Rafael","Valle Del Cauca","4.386924,-76.073432","N"
"EXITO UNICENTRO ARMENIA","ACB066326","Carrera 14 No. 6-02","Quindio","4.540068,-75.665545","N"
"CONEXRED","ACB303223","Manzana 34 Calle 6 Local 1 Barrio Puerto","Quindio","4.510282,-75.690934","N"
"EFECTY CARRERA 7","ACB110777","Cl 7 # 7-36","Valle Del Cauca","4.410756,-76.154572","N"
"MULTIPAGAS","ACB196445","Calle 8 No. 7-57","Valle Del Cauca","4.410481,-76.153939","N"
"EFECTY UNICENTRO.","ACB151103","Cr 14 # 5-45","Quindio","4.540317,-75.664896","N"
"EFECTY PARQUE DE LA CONSTITUCION","ACB152489","Cr 11 # 19-13 Lc 13 Cc Mall Florida","Quindio","4.531795,-75.671056","N"
"AYV PF ARMENIA","ACB066678","Cc Armenia Ph Lc 1 14 Carrera 6 N 3 180","Quindio","4.54191,-75.65929","N"
"EFECTY PARQUE PPAL BELEN DE UMBRIA I","ACB278022","Cl 6 # 10-42 Local 104 Ed Argus","Risaralda","5.200222,-75.868808","N"
"EFECTY EXPRESS BELEN ESTACION DE POLICIA","ACB323188","Cl 6 # 11-17","Risaralda","5.200222,-75.868808","N"
"EFECTY PUEBLO RICO PLAZA PRINCIPAL","ACB123526","Cl 6 3-51","Risaralda","5.22103,-76.030198","N"
"CONEXRED","ACB199415","Cl 18 Bis 8 21","Caldas","4.990205,-75.611954","N"
"EFECTY SANTA CECILIA CIBERMONTES","ACB136067","Cl Ppal Antiguo Colegio L-3 Sta Cecilia","Risaralda","5.222234,-76.03105","N"
"EFECTY CHINCHINA CALLE 13","ACB078525","Cl 13 # 8-70","Caldas","4.983435,-75.607525","N"
"MOVISTAR","ACB129171","Calle 11 No 8  46 Movistar","Caldas","4.983053,-75.605784","N"
"EFECTY PARQUE PRINCIPAL","ACB119578","Cl 10 # 8-67","Caldas","4.982789,-75.604982","N"
"EFECTY DIMONEX CALLE PRINCIPAL RISARALDA","ACB274491","Cr 2 N 2-23 Local 1 Cl Principal","Caldas","5.163417,-75.768452","N"
"EFECTY GALERIA CENTRO","ACB271553","Cl 9 # 6-03 Local 1","Caldas","4.984283,-75.6035","N"
"EFECTY ARAUCA VIA PRINCIPAL","ACB164172","Cr 4 6-04","Caldas","5.01972,-75.621093","N"
"CONEXRED","ACB274600","Calle 7 6 03 Carrera San Diego","Caldas","4.984801,-75.601605","N"
"EFECTY PALESTINA CENTRO","ACB160783","Cr 7 N 8-14","Caldas","5.020773,-75.621163","N"
"AYV SUPERGIROS PPAL NUEVA CALARCA","ACB067790","Carrera 25 37  41 Lc 1","Quindio","4.534579,-75.640229","N"
"EFECTY LA VARIANTE.","ACB150629","Cr 25 # 43-54","Quindio","4.533398,-75.639879","N"
"EFECTY CALLE PRINCIPAL RISARALDA 2","ACB305599","Cl 2 # 7-13","Caldas","5.170438,-75.765778","N"
"EFECTY AVDA COLON BARRIO VERACRUZ","ACB133592","Av Colon # 22-02","Quindio","4.522537,-75.647384","N"
"EFECTY PRINCIPAL CRA 24","ACB110788","Cr 24 # 40-10","Quindio","4.530909,-75.640077","N"
"EFECTY CALARCA CRA 25 N° 2","ACB272774","Cr 25 # 34-35","Quindio","4.527479,-75.642147","N"
"EFECTY PALMA DE CERA","ACB163423","Cl 39 # 23-39 Lc 3","Quindio","4.529969,-75.640087","N"
"EFECTY CORREGIMIENTO BARCELONA","ACB306183","Cr 11 # 9-56 Correg Barcelona","Quindio","4.522518,-75.645186","N"
"MOVISTAR","ACB129236","Cl 8 No 6 35","Quindio","4.52618,-75.63778","N"
"CONEXRED","ACB309384","Carrera 11 10 81","Antioquia","6.979857,-75.296955","N"
"COOPERATIVA FINANCIERA DE ANTIOQUIA","ACB172520","Kr 10  9   23","Antioquia","7.111111,-75.551389","N"
"EFECTY PARQUE PRINCIPAL","ACB113725","Parque Principal # 28-27","Antioquia","7.075595,-75.148261","N"
"COOPERATIVA FINANCIERA DE ANTIOQUIA","ACB172883","Cl 19    19   25","Antioquia","6.963056,-75.416389","N"
"EFECTY CENTRO SERVIENTREGA","ACB110997","Cr 20 # 21-02","Antioquia","6.963478,-75.418141","N"
"AYV PF YARUMAL","ACB067305","Calle 2a No 1 70","Antioquia","6.962256,-75.416478","N"
"EFECTY YARUMAL MAS Y MAS","ACB117862","Cl 18 # 22-31","Antioquia","6.960652,-75.417378","N"
"EFECTY ANGOSTURA CALLE REAL","ACB179824","Cr 10 # 9-85","Antioquia","6.88516,-75.33539","N"
"EFECTY PARQUE PRINCIPAL TARAZA","ACB132810","Cl 29 # 29-25 Parque Principal","Antioquia","7.578398,-75.401432","N"
"EFECTY TARAZA TRONCAL","ACB270035","Cr 28 # 32-115","Antioquia","7.583662,-75.400295","N"
"EFECTY TELECOMUNICACIONES ANTIOQUIA","ACB113264","Cr 22 # 19-80 Bajos Hotel Riachon","Antioquia","6.90753,-75.076134","N"
"EFECTY GUADALUPE CR 50","ACB114023","Cr 50 # 51-29","Antioquia","6.815427,-75.240548","N"
"EFECTY","ACB351369","Carrera Bolivar  9   65","Antioquia","6.30341,-75.85398","N"
"EFECTY EBEJICO CALLE 18","ACB113891","Cl 18 # 18-23","Antioquia","6.326092,-75.76801","N"
"EFECTY EXPRESS DIMONEX EBEJICO","ACB195774","Cr 17 N 20-15","Antioquia","6.326498,-75.767505","N"
"EFECTY HELICONIA PARQUE PRINCIPAL.","ACB177163","Cr 21 Cl 19","Antioquia","6.206186,-75.735237","N"
"COOPERATIVA FINANCIERA DE ANTIOQUIA","ACB172795","Kr  11   18   132 Ed  La Alcaldia","Antioquia","6.4425,-75.727778","N"
"ACCIONES Y VALORES CC UNICENTRO","ACB060825","Kr 66 B 34 A 76 Lc 245 2do Pis","Antioquia","6.240754,-75.587134","Y"
"AYV REDY SAN CRISTOBAL","ACB067437","Calle 163 No 128   85","Antioquia","6.279224,-75.634477","N"
"REDY SAN CRISTOBAL","ACB363063","Calle 163 No 128   85","Antioquia","6.279224,-75.634477","N"
"EFECTY OLIMPICA SAN CRISTOBAL","ACB133129","Cl 63 # 128-53","Antioquia","6.279085,-75.634244","N"
"EFECTY","ACB355363","Carrera 125 53b  135","Antioquia","6.270718,-75.630618","N"
"EFECTY TECNOSERVICIOS P Y P","ACB151059","Cr 10 # 8-46","Antioquia","6.499806,-75.742958","N"
"COOPERATIVA FINANCIERA DE ANTIOQUIA","ACB172850","Cl 9  9   5","Antioquia","6.500556,-75.742222","N"
"MULTIPAGAS","ACB307535","Calle 10  # 10 42","Antioquia","6.501857,-75.742537","N"
"EFECTY","ACB351402","Calle 39a  118   03","Antioquia","6.25046,-75.62904","N"
"EFECTY SAN ANTONIO DE PRADO.","ACB166976","Cr 79 N 42 Sur 18","Antioquia","6.1845,-75.655972","N"
"EFECTY","ACB163368","Calle 20 N 20 39","Antioquia","6.113188,-75.984627","N"
"GIROS Y FINANZAS C.C. CAMINO REAL","ACB020490","Cr 47 # 52-86 L-123","Antioquia","6.249903,-75.565113","Y"
"CONEXRED","ACB199778","Cl 39 A  110 07","Antioquia","6.250821,-75.623614","N"
"EFECTY ROBLEDO LA MONTAÑA CALLE 65","ACB167065","Cl 65 N 105 A 125 Int 109","Antioquia","6.282296,-75.618136","N"
"EFECTY EXPRESS EFECTY CALLE 62 ROBLEDO","ACB305324","Cl 62c # 106 B-15","Antioquia","6.276058,-75.617305","N"
"EFECTY SAN JAVIER 20 DE JULIO","ACB308448","Cl 39 # 108-72","Antioquia","6.251351,-75.621315","N"
"GIROS Y FINANZAS C.C .OVIEDO","ACB025880","Cr 43a # 6 Sur-15 L-165","Antioquia","6.198797,-75.574591","Y"
"EFECTY","ACB355417","Cra 102  47c   20","Antioquia","6.26158,-75.616909","N"
"EFECTY EXPRESS DIMONEX EL SOCO SANJAVIER","ACB324497","Cr 102 # 47c-20","Antioquia","6.258721,-75.617143","N"
"EFECTY SAN JAVIER N 2 CL 47A CON 100C","ACB308415","Cl 47 A N 100c-43","Antioquia","6.257868,-75.616355","N"
"EFECTY PRADO BARICHARA","ACB163720","Cr 67 N 52 Sur 03 Correg San Antonio","Antioquia","6.175914,-75.648273","N"
"EFECTY SAN JAVIER","ACB117707","Cl 45 # 98-23 Estacion Metro","Antioquia","6.256699,-75.614094","N"
"EFECTY EXPRESS FLORESTA LA PRADERA","ACB308459","Cl 48d # 94-35","Antioquia","6.259598,-75.609884","N"
"EFECTY DIMONEX LA CAMPIÑA CR 64B","ACB324541","Cr 94b # 64a-10","Antioquia","6.281026,-75.604699","N"
"EFECTY","ACB355462","Cra 94b  64a   10","Antioquia","6.2811,-75.604578","N"
"EFECTY ESCU POLICIA LA ESTRELLA CL 81SUR","ACB301704","Cl 81 Sur # 66-180","Antioquia","6.159671,-75.649389","N"
"EFECTY ITAGUI SAN FRANCISCO CALLE 27","ACB169155","Cl 27 N 68-15","Antioquia","6.171105,-75.641012","N"
"EFECTY BARRIO ALCAZARES CRA 87","ACB300318","Cr 87 N 48 A 36","Antioquia","6.260068,-75.604688","N"
"ACCIONES Y VALORES PF OFICINA AMERICA","ACB064610","Carrera 86 43 42","Antioquia","6.250604,-75.605795","N"
"EFECTY EXPRESS DIMONEX TERRITOR ROBLEDO","ACB177130","Cl 70 G N 95-66 Interior 991","Antioquia","6.287498,-75.599768","N"
"Oficina PagafAcil America II","ACB066029","Cra 84 No 43 - 56","Antioquia","6.250369,-75.604813","N"
"REDY BELEN LA 33","ACB363139","Av 33 No 83 A   36","Antioquia","6.238674,-75.607011","N"
"A Y V PF OFICINA PLAZA MAYORISTA","ACB064324","Carrera 83a 48bb 47","Antioquia","6.261277,-75.602099","N"
"EFECTY","ACB351347","Cl 51  83a   05","Antioquia","6.26665,-75.60104","N"
"EFECTY","ACB305225","Cra 60  77 Sur   71","Antioquia","6.159655,-75.642714","N"
"REDY LA ESTRELLA","ACB362963","Carrea 60 No 79 Sur 115 Parque Estrella","Antioquia","6.158853,-75.642852","N"
"AyV REDY LA ESTRELLA","ACB067338","Carrea 60 No 79 Sur 115 Parque Estrella","Antioquia","6.158909,-75.642773","N"
"COOPERATIVA FINANCIERA DE ANTIOQUIA","ACB172827","Kr  10  9   79","Antioquia","6.556944,-75.827778","N"
"EFECTY LAURELES EFECTY PRINCIPAL","ACB079175","Cr 81 # 37d-113","Antioquia","6.24694,-75.602687","N"
"PAGAFACIL VIVA LAURELES","ACB066162","Carrera 81 37  100","Antioquia","6.245953,-75.60224","N"
"EFECTY PARQUE ROBLEDO","ACB172047","Cl 65 # 86 -55","Antioquia","6.27615,-75.596857","N"
"ACCIONES Y VALORES PF OFICINA LAURELES","ACB064302","Calle 40 80d 69","Antioquia","6.247057,-75.601602","N"
"ACCIONES Y VALORES EXITO LAURELES","ACB063916","Kr 81 No 37 100 Lc 4","Antioquia","6.245628,-75.601483","N"
"MULTIPAGAS","ACB197853","Calle 44 80-61","Antioquia","6.250104,-75.600066","N"
"GIROS Y FINANZAS C.C. LOS MOLINOS","ACB025648","Cl 30a # 82a-26 L-2135","Antioquia","6.233173,-75.604093","N"
"EFECTY C.C. LOS MOLINOS","ACB300495","Cl 30a # 82a-26","Antioquia","6.231927,-75.604399","N"
"ACCIONES Y VALORES HOMECENTER CC MOLINOS","ACB061288","Cr 82 No 30a Lc 1105 Homecenter","Antioquia","6.2324,-75.604255","N"
"EFECTY CALAZANS LA 80 CON COLOMBIA","ACB172036","Cl 49 F #80-13","Antioquia","6.26262,-75.597115","N"
"AYV PF MOLINOS","ACB065985","Calle 30a No 82a   26 Cc Los Molinos","Antioquia","6.232101,-75.603847","N"
"MULTIPAGAS","ACB197127","Carrera 80 #49a-112","Antioquia","6.262632,-75.596933","N"
"EFECTY COLORES","ACB174511","Cr 80 # 52-02","Antioquia","6.265249,-75.596152","N"
"EFECTY","ACB352843","Carrera 80 54 35","Antioquia","6.268656,-75.595665","N"
"PAGAFÁCIL SAN ANTONIO DE PRADO II","ACB065765","Carrera 79a 42 24 Int 101","Antioquia","6.249039,-75.59824","N"
"EFECTY SERVIENTREGA SAN JUAN","ACB079010","Cl 44 # 79-19","Antioquia","6.249922,-75.597881","N"
"EFECTY","ACB278813","Cra 91b 78a   6","Antioquia","6.287934,-75.592375","N"
"COOPERATIVA FINANCIERA DE ANTIOQUIA","ACB172674","Carrera 80 64 61","Antioquia","6.272778,-75.593611","N"
"ACCIONES Y VALORES EXITO ROBLEDO","ACB061464","Carrera 80 64 61 2do Piso","Antioquia","6.272355,-75.593557","N"
"AyV PF ITAGUI PLAZA","ACB067701","Carrera 52 No 52   63 Lc 102","Antioquia","6.17448,-75.625669","N"
"EFECTY VILLA SOFIA GOMEZ G","ACB194454","Cr 92 B # 83-45","Antioquia","6.291153,-75.591375","N"
"EFECTY BARRIO EL VELODROMO CALLE 45","ACB194212","Cl 45 N 77-91","Antioquia","6.251056,-75.596031","N"
"EFECTY PASAJE COMERCIAL SAN GERMAN","ACB163818","Cl 65 # 78-29","Antioquia","6.273023,-75.59248","N"
"MULTIPAGAS","ACB197798","Cra 81 25-35","Antioquia","6.227435,-75.60182","N"
"COOPERATIVA FINANCIERA DE ANTIOQUIA","ACB172586","Kr 19  19   22","Antioquia","6.046389,-75.906944","N"
"CONEXRED","ACB307458","Calle 76eb 83a 14","Antioquia","6.280147,-75.591059","N"
"EFECTY","ACB273522","Calle 77 Cc 87 65","Antioquia","6.283975,-75.590692","N"
"MULTIPAGAS","ACB197138","Carrera 76 # 34a-27","Antioquia","6.242177,-75.596919","N"
"EFECTY CALLE 50 CUARTA BRIGADA","ACB170331","Cl 50 N 76-137","Antioquia","6.261389,-75.592512","N"
"MULTIPAGAS","ACB197194","Calle 33a # 72-107","Antioquia","6.239555,-75.596245","N"
"EFECTY CENTRO COMERCIAL OBELISCO","ACB119413","Cr 74 # 48-37 Local 118","Antioquia","6.256958,-75.591952","N"
"MULTIPAGAS","ACB197271","Carrera 74 #48b-29","Antioquia","6.258262,-75.591404","N"
"EFECTY","ACB352810","Cra 77 28 22","Antioquia","6.229305,-75.596999","N"
"COOPERATIVA FINANCIERA DE ANTIOQUIA","ACB172641","Kr 77  28   124 Medellin","Antioquia","6.230278,-75.596667","N"
"GIROS Y FINANZAS ÉXITO BELÉN","ACB021084","Cr 77 # 28124","Antioquia","6.230495,-75.596533","N"
"ACCIONES Y VALORES PF OFICINA NUTIBARA","ACB064609","Tr 39 B No Cir 3 34 Lc 3 Edif Horizontes","Antioquia","6.242955,-75.593245","N"
"EFECTY BELEN RINCON.","ACB163830","Cl 2 # 79-09","Antioquia","6.21168,-75.6025","N"
"ACCIONES Y VALORES PF OFICINA PRINCIPAL","ACB064544","Kr 76 No 30a 40","Antioquia","6.23126,-75.596126","N"
"EFECTY AV. BOLIVARIANA","ACB169364","Dg 74b # 32-10","Antioquia","6.23361,-75.595346","N"
"EFECTY MAG PAPELERIA BELEN","ACB163731","Cl 20 # 76-33 Local 107","Antioquia","6.224775,-75.597421","N"
"EFECTY PICACHITO CRA 85","ACB163708","Cr 85 A # 98-16","Antioquia","6.299564,-75.584806","N"
"EFECTY","ACB355352","Cra 74 29  74","Antioquia","6.231131,-75.594372","N"
"EFECTY BELEN GRANADA CRA 74","ACB327005","Cr 74 # 29-74","Antioquia","6.230659,-75.594482","N"
"MULTIPAGAS","ACB197633","Circular 5 Con Carrera 70-12","Antioquia","6.247635,-75.58947","N"
"MULTIPAGAS","ACB196566","Calle 5#75b-09","Antioquia","6.215343,-75.597939","N"
"MULTIPAGAS","ACB271751","Circular 1 70 01","Antioquia","6.24451,-75.589292","N"
"EFECTY GLORIETA PILSEN","ACB110371","Cr 50a # 36 84","Antioquia","6.167441,-75.619657","N"
"AYV PF ARAYANES","ACB067262","Carrera 50 A No 36 90 Local 103","Antioquia","6.167394,-75.619637","N"
"EFECTY MALL COMERCIAL LA MOTA **","ACB163544","Dg 75 B # 2a-143","Antioquia","6.214907,-75.59735","N"
"EFECTY","ACB357606","Vereda El Ajizal","Antioquia","6.19366,-75.605767","N"
"EFECTY BELEN ROSALES CRA 70","ACB191374","Cr 70 N 30 A 63 Piso 1","Antioquia","6.232582,-75.591637","N"
"A Y V PF OFICINA EXITO ITAGUI","ACB064313","Kr 50 A No 40 25","Antioquia","6.169577,-75.61713","N"
"CONEXRED","ACB192935","Kr 58 B  47 C 7 Brr Rosario Itagui","Antioquia","6.178224,-75.61229","N"
"EFECTY","ACB351172","Cra 76  20f  14","Antioquia","6.313164,-75.581312","N"
"EFECTY","ACB356232","Cra 76  20f  14","Antioquia","6.313164,-75.581312","N"
"EFECTY","ACB355341","Cra 71 14  33","Antioquia","6.221137,-75.5937","N"
"EFECTY BELEN LAS PLAYAS CRA 71","ACB326994","Cr 71 # 14-33","Antioquia","6.22077,-75.593684","N"
"ACCIONES Y VALORES EXITO ITAGU","ACB061507","Carrera 50a 41 42 Lc. 114b","Antioquia","6.168998,-75.61613","N"
"EFECTY 12 DE OCTUBRE CRA 80","ACB164709","Cr 80 N 98-14","Antioquia","6.296868,-75.580496","N"
"GIROS Y FINANZAS JUMBO TEJICONDOR","ACB021040","Cl 47d # 65-115 L-29","Antioquia","6.251646,-75.585281","N"
"EFECTY SERVIENTREGA UNICENTRO MEDELLI","ACB079207","Cl 34 # 66 A 10","Antioquia","6.239938,-75.587498","N"
"GIROS Y FINANZAS C.C. UNICENTRO","ACB025781","Cr 66 # 34a76 L-336 Piso 2","Antioquia","6.24078,-75.587114","N"
"CONEXRED","ACB270167","Diagonal 40 42 08 Brr Las Mercedes","Antioquia","6.16894,-75.61544","N"
"AYV PF EXITO COLOMBIA","ACB064379","Calle 48d No 66   35","Antioquia","6.253453,-75.583559","N"
"MULTIPAGAS","ACB197051","Carrera 66 D #34 A-76","Antioquia","6.239782,-75.586431","N"
"EFECTY 12 OCTUBRE INTERMEDIA","ACB271520","Cr 78a # 101bb- 04","Antioquia","6.30056,-75.578846","N"
"OFICINA PAGAFACIL EXITO COLOMBIA II","ACB066117","Calle 48d 66 15","Antioquia","6.254677,-75.58319","N"
"ACCIONES Y VALORES","ACB061563","Cl. 49b Cr 67 Exito Colombia","Antioquia","6.25532,-75.58301","N"
"C C ARKADIA","ACB067118","Carrera 70 No 1 19 Lc 9829","Antioquia","6.21136,-75.594704","N"
"AYV CC ARKADIA","ACB066238","Cll 49 Ayacucho No 25 19","Antioquia","6.21136,-75.594704","N"
"EFECTY BARRIO PARIS PRINCIPAL LA 72","ACB168385","Cr 72 N 20 D 63","Antioquia","6.310969,-75.578743","N"
"ACCIONES Y VALORES HOMECENTER SAN JUAN","ACB060968","Cl 44 No 65 100 Lc 01 Piso Ti","Antioquia","6.249407,-75.583865","N"
"EFECTY","ACB352799","Carrera 70 1 128","Antioquia","6.212109,-75.593952","N"
"EFECTY MALL PLAZA SABANETA.","ACB176821","Cr 48 N 76 D Sur 34","Antioquia","6.152349,-75.623526","N"
"EFECTY SERVIENTREGA AVENIDA COLOMBIA","ACB078932","Cl 50 N 65-91","Antioquia","6.256108,-75.581565","N"
"EFECTY EXPRESS EFECTY LA ESPERANZA","ACB278802","Cl 98 # 74 B-2","Antioquia","6.295797,-75.577556","N"
"COOPERATIVA FINANCIERA DE ANTIOQUIA","ACB172706","Carrera 52 50 19","Antioquia","6.173333,-75.610278","N"
"A Y V PF OFICINA PARQUE DE ITAGUI","ACB064335","Kr 50 No 51 27 Lc 9915","Antioquia","6.172847,-75.609534","N"
"GIROS Y FINANZAS METRO","ACB021282","Cl 50 # 52-21 L-6 Int. Metro","Antioquia","6.173485,-75.608839","N"
"PF EURO ITAGUI","ACB065907","Cl 49 No 50 53 Itaguei","Antioquia","6.171419,-75.609472","N"
"A Y V OFICINA FLORIDA PARQUE COMERCIAL","ACB064159","Cl 71 65 150 Lc 2113 Parque Comercial","Antioquia","6.270788,-75.57749","N"
"Oficina PagafAcil Euro Florida","ACB065996","Cl 71 No 65 150 Cc Florida Parque 1425","Antioquia","6.271421,-75.577409","N"
"EFECTY EXPRESS BARRIO CORDOBA CR 68","ACB304895","Cr 68 # 79c-19","Antioquia","6.277404,-75.576717","N"
"GIROS Y FINANZAS C.C. ITAGÜÍ","ACB020609","Cr 50 # 51-49 L-242-243","Antioquia","6.172449,-75.608381","N"
"EFECTY TERMINAL DEL SUR","ACB139181","Cr 65 N 8b-91 Local 013","Antioquia","6.217292,-75.588742","N"
"EFECTY","ACB352755","Carrera 49 51 47","Antioquia","6.171624,-75.608176","N"
"GIROS Y FINANZAS TERMINAL NORTE","ACB025143","Cr 64c # 78-580 L-9904 Piso 2","Antioquia","6.216458,-75.588735","N"
"MULTIPAGAS","ACB271706","Carrera 43a 7s 170","Antioquia","6.293493,-75.574447","N"
"AyV PF RINCON DEL BOSQUE","ACB067668","Calle 57 No 69   27","Antioquia","6.343805,-75.577065","N"
"EFECTY LOMAS DE SAN JAVIER","ACB327016","Cr 125 # 53b-135","Antioquia","6.244182,-75.580182","N"
"REDY ALLUS PUERTO SECO","ACB363173","Calle 8b No 65 191 C Emp Puerto Seco P 6","Antioquia","6.215433,-75.588029","N"
"COOPERATIVA FINANCIERA DE ANTIOQUIA","ACB172872","Kr 30  28   69","Antioquia","6.316389,-76.133889","N"
"EFECTY URRAO PARQUE DOS","ACB179385","Cl 29 30-03 Parque","Antioquia","6.316558,-76.133977","N"
"EFECTY DIMONEX PEDREGAL CLL 104","ACB304532","Cl 104 # 74-32","Antioquia","6.301816,-75.572889","N"
"GIROS Y FINANZAS TERMINAL DEL SUR","ACB020500","Cr 65 # 8b-091 L-152 Plazoleta Central","Antioquia","6.216662,-75.58671","N"
"MULTIPAGAS","ACB196555","Carrera 65# 8b-91","Antioquia","6.216587,-75.586571","N"
"MULTIPAGAS","ACB197567","Carrera 74 # 104-04","Antioquia","6.301719,-75.572573","N"
"CONEXRED","ACB279935","Calle 112 A 76 C 19 Barrio Santander","Antioquia","6.309526,-75.572258","N"
"EFECTY CENTRO COMERCIAL PLATINO PLAZA","ACB122372","Cr 52d # 76-67 L1174","Antioquia","6.187968,-75.597098","N"
"EFECTY BARRIO SANTANDER","ACB179671","Cr 76 C # 112 A-02","Antioquia","6.309517,-75.572096","N"
"EFECTY SABANETA CRA 46 CON 69 SUR","ACB171189","Cr 46 # 69 Sur 19","Antioquia","6.152739,-75.61617","N"
"ACCIONES Y VALORES CC PLATINO PLAZA","ACB060836","Kr 52 D No 76 67 Lc 1227","Antioquia","6.18794,-75.596972","N"
"MULTIPAGAS","ACB271728","Carrera 53d 76 67","Antioquia","6.260824,-75.575109","N"
"BANCAMIA CASTILLA","ACB062003","Kr 68 No 96 21","Antioquia","6.291341,-75.572","N"
"MULTIPAGAS","ACB197062","Calle 74 Sur# 45-16","Antioquia","6.150023,-75.617553","N"
"REDY SABANETA","ACB363216","Calle 69 Sur No 45   70","Antioquia","6.152661,-75.615769","N"
"EFECTY BARRIO CASTILLA","ACB120491","Cl 97 # 68-10","Antioquia","6.292347,-75.571761","N"
"A Y V PF OFICINA BARRIO TRISTE","ACB064566","Carrera 59 48 73","Antioquia","6.251085,-75.576271","N"
"EXITO SABANETA","ACB065655","Cr 45 74 Sur 62 Cc Aves Maria","Antioquia","6.14879,-75.617694","N"
"EFECTY","ACB352766","Calle 81  52 Dd   12  Local 153","Antioquia","6.190047,-75.595","N"
"EFECTY GUAYABAL LA COLINITA","ACB163654","Cr 53 N 9 B Sur 15","Antioquia","6.200353,-75.590546","N"
"AYV PF TERMINAL NORTE II","ACB066030","Carera 64c No 78   580","Antioquia","6.279155,-75.571855","N"
"CONEXRED","ACB309955","Carrera 68 56a 13","Antioquia","6.340792,-75.573175","N"
"CONEXRED","ACB320019","Carrera 68  56a 61","Antioquia","6.341127,-75.573089","N"
"CONEXRED","ACB324309","Carrera 68 56a 54","Antioquia","6.341003,-75.573051","N"
"EFECTY SERVIENTREGA FERROCARRIL","ACB078943","Cr 57 # 48-95","Antioquia","6.250677,-75.575253","N"
"REDY DMODA","ACB363184","Calle 87 No 55   129 Local 117","Antioquia","6.190985,-75.593645","N"
"COOPERATIVA FINANCIERA DE ANTIOQUIA","ACB172861","Kr 64c  78 344 Local 9905 Cc Piso 2","Antioquia","6.279722,-75.571111","N"
"EFECTY","ACB352788","Calle 6 Sur 52 92 Local 21","Antioquia","6.205026,-75.587812","N"
"A Y V PF OFICINA TERMINAL NORTE","ACB064511","Kr 64 C No 78  580 Lc 9990","Antioquia","6.279088,-75.570915","N"
"EFECTY PLAZA MINORISTA LOCAL 16","ACB273984","Cl 55 A Cr 57-80 Local 16","Antioquia","6.256864,-75.57373","N"
"EFECTY CARRERA 53 CRISTO REY.","ACB301814","Cr 53 # 2a Sur-17","Antioquia","6.206437,-75.587097","N"
"EFECTY BARRIO NUEVO BELLO","ACB304927","Cr 60 # 22-12 Int 201","Antioquia","6.311875,-75.569847","N"
"REDY METRO ITAGUI","ACB363195","Calle 50 No 40   01  205  Ita1 32","Antioquia","6.252911,-75.574223","N"
"EFECTY SANTA MARIA CRA 52 CON 80","ACB321328","Cr 52 # 80-53","Antioquia","6.188888,-75.593563","N"
"EFECTY OLIMPICA VILLANUEVA","ACB130236","Cl 47 # 57-40","Antioquia","6.248904,-75.574379","N"
"EFECTY EXPRESS DIMONEX CLL 49 CENTRO","ACB304301","Cc Molino Viejo Cl 49 # 56-15 Loc 109","Antioquia","6.250714,-75.573818","N"
"ACCIONES Y VALORES PF OFICINA GUAYABAL","ACB064599","Cl 7 Sur No 51 A  120 Av Guayabal","Antioquia","6.20268,-75.587439","N"
"EFECTY SERVIENTREGA TERMINAL NORTE","ACB079065","Cr 64c # 78-660 Loc 661","Antioquia","6.279959,-75.56981","N"
"EFECTY","ACB351446","Cra 52  1   43","Antioquia","6.20768,-75.58553","N"
"EFECTY ITAGUI SECTOR LAS ESMERALDAS","ACB164633","Cl 64 B # 44 C -76","Antioquia","6.178038,-75.597652","N"
"A Y V PF OFICINA AV COLOMBIA","ACB064621","Kr 55a No 49a 7 Lc 104 Edif Los Monjes","Antioquia","6.251342,-75.572811","N"
"REDY SABANETA LA VAQUITA","ACB363205","Carrera 43a No 65 Sur   88","Antioquia","6.152051,-75.611445","N"
"MULTIPAGAS","ACB271717","Calle 51 S 48 57","Antioquia","6.162155,-75.604985","N"
"EFECTY","ACB352744","Carrera 48 A 50 Sur   106","Antioquia","6.162161,-75.604824","N"
"AYV MAYORCA ETAPA 1","ACB066546","Cll 51 Sur No 48 57","Antioquia","6.161793,-75.605007","N"
"CONEXRED","ACB275030","Calle 50  54 53 Barrio Centro","Antioquia","6.251221,-75.571768","N"
"EFECTY BARRIO GRATAMIRA","ACB155536","Cr 67 N 105 A 18","Antioquia","6.303694,-75.566597","N"
"GIROS Y FINANZAS C.C. MAYORCA MEGA PLAZA","ACB026111","Cl 51 Sur # 48-57 L-2167 Piso 2 Etapa 1","Antioquia","6.16064,-75.60465","N"
"ACCIONES Y VALORES","ACB063202","Kr 48 No 50 Sur 128 Lc 99017 Sotano","Antioquia","6.160512,-75.60465","N"
"MULTIPAGAS","ACB197040","Carrera 53 # 46-35","Antioquia","6.248216,-75.571584","N"
"EFECTY EXPRESS EFECTY BARRIO SANTO TOMAS","ACB301650","Cr 54 # 51-20","Antioquia","6.251843,-75.57083","N"
"EFECTY CENTRO COMERCIAL 3 VIAS","ACB194597","Cr 53 N 48-47 Local 106-107","Antioquia","6.249024,-75.571134","N"
"AYV PF EL CARMELO BELLO","ACB066645","Carrera 63 Con Calle 54 2 Interior 102","Antioquia","6.338281,-75.567967","N"
"EFECTY SECTOR CRISTO REY CALLE 2 SUR.","ACB323551","Cl 2 Sur # 50 F 61","Antioquia","6.205301,-75.5831","N"
"EFECTY SERVIENTREGA CALLE ALHAMBRA","ACB079120","Cr 52a#45-02","Antioquia","6.246313,-75.571412","N"
"EFECTY","ACB352777","Cll 8 Sur 50ff 15","Antioquia","6.200991,-75.584654","N"
"EFECTY SERVIENTREGA ESTA DEL FERROCARRIL","ACB078987","Cr 52 # 43-31 Estacion Ferrocaril L-113","Antioquia","6.244474,-75.571763","N"
"COOPERATIVA FINANCIERA DE ANTIOQUIA","ACB172421","Kr 52  43   31","Antioquia","6.244722,-75.571667","N"
"REDY METROCENTRO","ACB363128","Cra 52 No 42 60 Lc 121 Lc Metrocentro 1","Antioquia","6.243823,-75.571775","N"
"MULTIPAGAS","ACB197039","Calle 50 # 52 - 32","Antioquia","6.250361,-75.569814","N"
"ACCIONES Y VALORES PF OFICINA CL NUEVA","ACB064588","Kr 51 No 41 144 Lc 115 Cc Metrocentro","Antioquia","6.243397,-75.571088","N"
"GIROS Y FINANZAS C.C AVENTURA","ACB026265","Cr 52 # 65-91 Local 260 Interior Centro","Antioquia","6.264099,-75.567333","N"
"EFECTY SERVIENTREGA VERACRUZ UNO","ACB079021","Cr 52 # 51a -29","Antioquia","6.251497,-75.569209","N"
"PF PUNTO CLAVE","ACB065918","Cl 27 46 70 Punto Clave Ph","Antioquia","6.229255,-75.574094","N"
"EFECTY SERVIENTREGA INDUSTRIALES","ACB079186","Cr 48 # 18-41","Antioquia","6.219923,-75.576124","N"
"EFECTY","ACB352809","Carrera 48  18 41 Inter 201","Antioquia","6.219993,-75.576099","N"
"EFECTY","ACB352832","Kr 51  50   22","Antioquia","6.249838,-75.568566","N"
"AYV PF COLTABACO","ACB064555","Carera 51 No 51  47 Cc Veracruz","Antioquia","6.250938,-75.568195","N"
"AYV CENTRO BELLO","ACB067471","Calle 63 No 62b   13","Antioquia","6.345502,-75.566485","N"
"REDY BELLO","ACB363106","Calle 63 No 62b   13","Antioquia","6.345502,-75.566485","N"
"CONEXRED","ACB309911","Carrera 57  82a  35","Antioquia","6.277141,-75.564531","N"
"EFECTY","ACB278231","Cra 58  25   04","Antioquia","6.315096,-75.563561","N"
"EFECTY CURRULAO ANTIOQUIA","ACB117169","Cr 50 # 48-25","Antioquia","6.248092,-75.568521","N"
"REDY EXITO PRADO","ACB363162","Calle 62 No 51 D   29","Antioquia","6.260656,-75.566307","N"
"A Y V HOMECENTER AV LOS INDUSTRIALES","ACB060452","Av Los Industriales 14 132","Antioquia","6.216058,-75.576597","N"
"CONEXRED","ACB274941","Carrera 50  48 04 Barrio Centro","Antioquia","6.247982,-75.568388","N"
"EFECTY CENTRO COMERCIAL BOSQUE PLAZA","ACB304839","Cl 73 N 51 D 71 Local 2071","Antioquia","6.268917,-75.564992","N"
"MULTIPAGAS","ACB197260","Carrera 50 # 48-68","Antioquia","6.248384,-75.568182","N"
"EFECTY SERVIENTREGA PARQUE BERRIO","ACB079119","Cr 50 N. 51-13","Antioquia","6.250333,-75.567658","N"
"ACCIONES Y VALORES PF OFICINA ALMACENTRO","ACB064500","Cra 43 A No 34  45 Lc 106b","Antioquia","6.235295,-75.570879","N"
"AYV PF OBRA 200","ACB067503","Calle 58 N 59   66","Antioquia","6.341763,-75.565276","N"
"EFECTY","ACB358311","Av 42  61  30","Antioquia","6.348146,-75.566183","N"
"EFECTY ARANJUEZ BERMEJAL LOS ALAMOS MED","ACB301825","Cr 52 # 87-87","Antioquia","6.279978,-75.563602","N"
"EFECTY ARANJUEZ CLL 95 CRA 52","ACB156757","Cl 95 # 52-37","Antioquia","6.287333,-75.563073","N"
"GIROS Y FINANZAS C.C. VIVA","ACB026199","Cr 48 # 32b Sur 139 L-233","Antioquia","6.176578,-75.591899","N"
"EFECTY CENTRO COMERCIAL MONTERREY","ACB076831","Cr 48 # 10-45 Local 82","Antioquia","6.214287,-75.576357","N"
"CONEXRED","ACB274985","Carrera 50  52 86 Barrio Centro","Antioquia","6.251606,-75.566896","N"
"AYV VIVA ENVIGADO","ACB066535","Cra 48 No 32 B Sur No 139 Lc 309","Antioquia","6.17529,-75.592127","N"
"ACCIONES Y VALORES EXITO ENVIGADO","ACB064027","Kr 48 No 32b S  139 Lc 120","Antioquia","6.175067,-75.591816","N"
"COOPERATIVA FINANCIERA DE ANTIOQUIA","ACB172607","Kr  43 A  31   159","Antioquia","6.233071,-75.570359","N"
"CONEXRED","ACB193651","Cl 47  54 87 Brr Santa Ana","Antioquia","6.33157,-75.563024","N"
"AYV PF VALKOR MAYORCA","ACB066810","Carrera 48 No 50 Sur 128  Piso 5","Antioquia","6.248991,-75.566751","N"
"GIROS Y FINANZAS C.C. SAN DIEGO","ACB025879","Cl 34 # 43-66 L-2295","Antioquia","6.235599,-75.569576","N"
"MULTIPAGAS","ACB197248","Calle 50 # 48-03","Antioquia","6.248868,-75.566554","N"
"ACCIONES Y VALORES EXITO SAN ANTONIO","ACB061420","Calle 48 46 115","Antioquia","6.246845,-75.566914","N"
"Oficina PagafAcil Coltejer II","ACB065974","Kr 49 52 107 Cc El Union Local 105","Antioquia","6.251095,-75.566014","N"
"ACCIONES Y VALORES PF OFICINA COLTEJER","ACB064577","Cl 52 No 48 47 Lc 104","Antioquia","6.249923,-75.566212","N"
"MULTIPAGAS","ACB197116","Calle 29 #43g-10","Antioquia","6.228536,-75.570871","N"
"ACCIONES Y VALORES EDIFICIO COLTEJER","ACB060649","Cl 52 47 42 Lc 104 2do Piso","Antioquia","6.249739,-75.565994","N"
"ACCIONES Y VALORES CC PREMIUM PLAZA","ACB061761","Cr 43a No 30 25 Cc Premium Pla","Antioquia","6.229237,-75.570541","N"
"GIROS Y FINANZAS C.C. PREMIUM PLAZA","ACB025846","Cr 43a # 30-25 L-2296","Antioquia","6.229237,-75.570541","N"
"EFECTY CENTRO COMERCIAL VERACRUZ","ACB272444","Cr 51 N 51 Local 33-23","Antioquia","6.278748,-75.561935","N"
"GIROS Y FINANZAS C.C. PTO DE LA ORIENTAL","ACB025736","Cr 46 # 4766 L-2108","Antioquia","6.246596,-75.566461","N"
"EFECTY C.C. EL PUNTO DE LA ORIENTAL","ACB126749","Cr 46 # 47-66 C.c. Punto De Orient","Antioquia","6.246398,-75.566413","N"
"EFECTY LA PLAYA EDIFICIO COLTEGER","ACB151158","Cl 52 # 47-78 Lc 102","Antioquia","6.249723,-75.565755","N"
"EFECTY SERVIENTREGA POBLADO PATIO BONITO","ACB079076","Cr 47 # 7-76","Antioquia","6.20972,-75.576255","N"
"EFECTY SERVIENTREGA SAN DIEGO","ACB079009","Cr 43 # 33-57 Loc 184","Antioquia","6.234205,-75.569079","N"
"EFECTY","ACB352821","Carrera 43 A 30 104","Antioquia","6.230828,-75.569753","N"
"REDY PARQUE BOLIVAR","ACB363140","Calle 54 No 47   105 Lc 127","Antioquia","6.252196,-75.564991","N"
"GIROS Y FINANZAS C.C. VILLANUEVA","ACB020050","Cr 50 # 57-72 L-241","Antioquia","6.255221,-75.564227","N"
"EFECTY","ACB355451","Cl 34  55   67","Antioquia","6.321639,-75.560763","N"
"OFICINA PAGAFACIL EAFIT","ACB066283","Carrera 49 No 7 Sur 50","Antioquia","6.199548,-75.57934","N"
"EFECTY OBRERO ELECTRO VIRTUAL CL 34","ACB324530","Cl 34 # 55-67","Antioquia","6.321502,-75.560724","N"
"COOPERATIVA FINANCIERA DE ANTIOQUIA","ACB172542","Kr 47  52 89 Local 125","Antioquia","6.250278,-75.565","N"
"GIROS Y FINANZAS ÉXITO POBLADO","ACB025693","Cl 10 # 43-135 L-216","Antioquia","6.212094,-75.574743","N"
"MULTIPAGAS","ACB197028","Carrera 49 # 57-51","Antioquia","6.255008,-75.563721","N"
"EFECTY","ACB351260","Carrera 63a  104   96","Antioquia","6.29957,-75.55963","N"
"EFECTY CIR SAN IGNACIO","ACB079164","Cl 48 # 44-30","Antioquia","6.246048,-75.56509","N"
"EFECTY ENVIGADO SEÑORIAL CALLE 48 E SUR","ACB306413","Cl 48 E Sur # 42bb 39","Antioquia","6.158155,-75.59801","N"
"MULTIPAGAS","ACB197084","Calle 52# 45-60","Antioquia","6.249057,-75.563991","N"
"EFECTY","ACB300484","Cll 52 43  124","Antioquia","6.248529,-75.563658","N"
"EFECTY FARMAPRO","ACB301803","Cl 10 # 43dd-41","Antioquia","6.21142,-75.573035","N"
"OFICINA PAGAFACIL JUMBO LAS VEGAS","ACB066272","Crrera 48 N 25 Sr 136 Av Ls Vgs Envigado","Antioquia","6.186319,-75.582567","N"
"EFECTY MEDELLIN ARANJUEZ CL 92","ACB277461","Cl 92 # 50a-42","Antioquia","6.283429,-75.5588","N"
"EFECTY BELLO BARRIO CENTRAL","ACB155482","Cl 50 # 51-03","Antioquia","6.333982,-75.559681","N"
"PF PARQUE BELLO II","ACB065897","Calle 51  50   80 Bello","Antioquia","6.335159,-75.559763","N"
"EFECTY","ACB358245","Tv 6 N 2a 57","Antioquia","6.162223,-75.594052","N"
"EFECTY BELLO MALL MADERA","ACB194630","Cl 26 B 49-104 Local 107","Antioquia","6.315105,-75.557905","N"
"EFECTY TORRES DE BOMBONA","ACB123823","Cl 47 42 60","Antioquia","6.244202,-75.56368","N"
"EFECTY BARRIO ARANJUEZ","ACB153710","Cl 94 # 50-19","Antioquia","6.285792,-75.558056","N"
"EFECTY","ACB358322","Cll 69 Cr 60 274","Antioquia","6.351318,-75.561453","N"
"COOPERATIVA FINANCIERA DE ANTIOQUIA","ACB172498","Carrera 50 50 29","Antioquia","6.334167,-75.558611","N"
"PAGAFÁCIL METRO BELLO","ACB065754","Kr 50 27 B 71 Lc 2022","Antioquia","6.316799,-75.55727","N"
"GIROS Y FINANZAS BELLO PARQUE","ACB020270","Cr 50 # 50-15 L-255","Antioquia","6.334572,-75.558616","N"
"GIROS Y FINANZAS C.C. METRO BELLO","ACB024504","Cr 50 # 27b-51 L-238","Antioquia","6.334572,-75.558616","N"
"EFECTY CAMPO VALDES PARQUE PRINCIPAL","ACB272961","Cr 49 N 76-44","Antioquia","6.270119,-75.558586","N"
"EFECTY CENT SECTOR CORDOBA CON COLOMBIA","ACB176403","Cr 42 # 50 -11","Antioquia","6.247003,-75.562089","N"
"EFECTY PARQUE PRINCIPAL","ACB115662","Cl 49 # 49-53 Piso 2","Antioquia","6.333589,-75.558009","N"
"EFECTY SERVIENTREGA CRA 43","ACB110481","Cr 43a # 33b Sur-04","Antioquia","6.173084,-75.586787","N"
"COOPERATIVA FINANCIERA DE ANTIOQUIA","ACB172454","Calle 93 49 18","Antioquia","6.284444,-75.556944","N"
"EFECTY STA CRUZ BRR ANDALUCIA CL 107 MED","ACB277230","Cl 107 # 51-54 Int 101","Antioquia","6.299111,-75.556327","N"
"ACCIONES Y VALORES EXITO BELLO CENTRO","ACB063235","Kr 49 No 50 12 Cc Bellocentro","Antioquia","6.334957,-75.55792","N"
"PAGAFACIL PARQUE DE BELLO","ACB064357","Cra 49 N 50 12 Local 115","Antioquia","6.334803,-75.557804","N"
"MULTIPAGAS","ACB271652","Carrera 50 55 44","Antioquia","6.346306,-75.559038","N"
"MULTIPAGAS","ACB197754","Cra 43 32a Sur 27","Antioquia","6.174848,-75.58532","N"
"CONEXRED","ACB355022","Transversal 42  39a 16","Antioquia","6.239063,-75.562787","N"
"CONEXRED","ACB324684","Transversal 42  39a 16","Antioquia","6.239063,-75.562787","N"
"EFECTY ENVIGADO DORADO PAPELERIA BELINA","ACB321120","Cr 41 # 40g Sur 08","Antioquia","6.16487,-75.590156","N"
"EFECTY EXPRESS COMUNICACIONES ARANJUEZ","ACB304620","Cr 49 # 95-09","Antioquia","6.287155,-75.556065","N"
"ACCIONES Y VALORES PF OFICINA ENVIGADO","ACB064346","Calle 38s 42 19","Antioquia","6.169006,-75.587923","N"
"EFECTY ENVIGADO PARQUE PPAL.","ACB300505","Cl 38 Sur # 42-27","Antioquia","6.169524,-75.587519","N"
"EFECTY MEDELLIN TRANVIA PLAZA","ACB194421","Cl 49 N 40-11 L-265 C.c. Tranvia Paza","Antioquia","6.245002,-75.561172","N"
"EFECTY CAMPO VALDES CRA 48A","ACB323957","Cr 48a # 83-03","Antioquia","6.275896,-75.556622","N"
"ACCIONES Y VALORES OFICINA POMONA OVIEDO","ACB063136","Kr 43c No 6 Sur 6 Lc 108a","Antioquia","6.197617,-75.574905","N"
"EXITO ARANJUEZ","ACB065666","Carrera 94 48 13","Antioquia","6.285636,-75.55584","N"
"ACCIONES Y VALORES CC CASTICENTRO","ACB060847","Kr 42 No 35 Sur 55 Lc 102","Antioquia","6.171202,-75.586436","N"
"GIROS Y FINANZAS ALAMEDA","ACB025176","Cr 42 # 35 Sur-35 Local 117-119","Antioquia","6.171396,-75.586291","N"
"EFECTY EL PLAYON CL 123 MEDELLIN","ACB306655","Cl 123 # 51d -27 Int 101","Antioquia","6.306678,-75.555211","N"
"MULTIPAGAS","ACB196928","Carrera 43a # 10-30","Antioquia","6.210648,-75.569936","N"
"EFECTY EXPRESS DIMONEX CR 36 EL SALVADOR","ACB301793","Cr 36 # 36-40","Antioquia","6.235302,-75.562959","N"
"REDY PLAZA DE FLORES","ACB363151","Calle 49 No 39   87","Antioquia","6.244734,-75.560811","N"
"MULTIPAGAS","ACB196917","Calle 6 Sur Carrera 43a 227","Antioquia","6.198955,-75.573941","N"
"EFECTY MEDELLIN C.C. OVIEDO LC 154","ACB308394","Cr 43a # 6 Sur 15 Loc 154","Antioquia","6.199139,-75.573862","N"
"AYV PF MAYORISTA II","ACB066766","Calle 85 N 48-01 Local 17 Bloque Naranja","Antioquia","6.277514,-75.555666","N"
"EFECTY PRINCIPAL","ACB115585","Cr 41 # 36 Sur 06","Antioquia","6.170341,-75.585731","N"
"AYV PF SAN FERNANDO PLAZA","ACB066777","Carrera 43a   1-50 Local 358","Antioquia","6.204207,-75.571111","N"
"EFECTY","ACB356221","Calle 20d  43b   39","Antioquia","6.308035,-75.553967","N"
"EFECTY","ACB351161","Calle 20d  43b   39","Antioquia","6.308035,-75.553967","N"
"EFECTY","ACB301836","Carrera 36a 40   100","Antioquia","6.238347,-75.560969","N"
"EFECTY EXPRESS EFECTY CL 40 EL SALVADOR","ACB308404","Cl 40 # 35a-05","Antioquia","6.237086,-75.560944","N"
"COOPERATIVA FINANCIERA DE ANTIOQUIA","ACB172629","Kr 40   37 S  60","Antioquia","6.168611,-75.585556","N"
"EFECTY CAMPO VALDES LAS ESMERALDAS","ACB155152","Cr 46 # 85 03","Antioquia","6.277374,-75.554365","N"
"AYV PF BOSTON","ACB066568","Carrera 39 No 52 02","Antioquia","6.247478,-75.558468","N"
"EFECTY","ACB191219","Kr 50b  121   09","Antioquia","6.305203,-75.553114","N"
"EFECTY STA CRUZ BRR PABLO IV CR 50 MRD","ACB302541","Cr 50 A N 118-19","Antioquia","6.304023,-75.55308","N"
"MULTIPAGAS","ACB196489","Carrera 45 N°72 - 31","Antioquia","6.267594,-75.555232","N"
"EFECTY","ACB358289","Cra 27b  102c  136","Antioquia","6.305147,-75.553055","N"
"EFECTY","ACB277207","Cra 45  73   56","Antioquia","6.269039,-75.554789","N"
"AyV REDY CALDAS","ACB067349","Carrea 50 No 125 Sur 158","Antioquia","6.096114,-75.636372","N"
"ACCIONES Y VALORES","ACB065413","Cl 72 No 44 101 Lc. 105","Antioquia","6.267264,-75.554805","N"
"CONEXRED","ACB192386","Kr 45  82 40 Brr Manrique","Antioquia","6.274809,-75.553863","N"
"REDY CALDAS","ACB362974","Carrea 50 No 125 Sur 158","Antioquia","6.095956,-75.636317","N"
"CONEXRED","ACB303960","Carrera 44 26  71","Antioquia","6.315033,-75.552344","N"
"EFECTY ZONA INTERACTIVA LA GABRIELA","ACB305038","Cl 31# 44 24","Antioquia","6.319414,-75.55205","N"
"PAGAFACIL LA CENTRAL BUENOS AIRES","ACB066458","Calle 49 Entre Cra 25 Y 19 Local 122","Antioquia","6.243316,-75.557603","N"
"EFECTY BARRIO LA ISLA CALLE 123 MED","ACB321416","Cl 123 # 49b-55","Antioquia","6.305218,-75.551261","N"
"EFECTY SERVIENTREGA BUENOS AIRES CL 49","ACB116553","Cl 49 # 36-40","Antioquia","6.243236,-75.557338","N"
"EFECTY MOVIL OUTLET ANDALUCIA MEDELLIN","ACB308471","Cr 46 # 107-42","Antioquia","6.295869,-75.551247","N"
"EFECTY LORETO PUERTO VIRTUAL","ACB161245","Cl 35 N 32 A 01","Antioquia","6.232173,-75.559533","N"
"EFECTY BARRIO GERONA","ACB323704","Cr 33 A N 42-7","Antioquia","6.237702,-75.558164","N"
"EFECTY BARRIO BOSTON","ACB176382","Cl 55 N 36 A 27","Antioquia","6.247387,-75.556074","N"
"EFECTY","ACB351237","Dg 56  44  65","Antioquia","6.339974,-75.552315","N"
"AYV REDY AMAGA","ACB067426","Calle 51 No 51   38","Antioquia","6.041053,-75.702937","N"
"REDY AMAGA","ACB363052","Calle 51 No 51   38","Antioquia","6.041053,-75.702937","N"
"EFECTY CALDAS PAPELERIA RAPIFLAZ","ACB308361","Cl 130 Sur N 51-43 Local 109","Antioquia","6.091243,-75.637223","N"
"EFECTY CENTRO VIRTUAL MANRIQUE GUADALUPE","ACB156911","Cr 42 B # 94-04","Antioquia","6.28553,-75.549929","N"
"OFICINA PAGAFACIL VAQUITA CALDAS","ACB066216","Cll 130 No 50 - 45","Caldas","6.091388,-75.636418","N"
"A Y V PF OFICINA SAN ANTONIO DE PRADO","ACB064467","Carrera 42 80 50","Antioquia","6.272817,-75.550887","N"
"A Y V PF OFICINA PARQUE CALDAS","ACB064368","Calle 130s 49 43","Antioquia","6.091535,-75.635635","N"
"EFECTY EXPRESS BUENOS AIRES LUFSARUX","ACB301782","Cr 33 # 48- 93","Antioquia","6.241815,-75.555245","N"
"EFECTY ENVIGADO SEBASTIANA DG 31","ACB326983","Dg 31 Tv 34ee Sur 13","Antioquia","6.170512,-75.579693","N"
"EFECTY","ACB355330","Dg 31 Tv 34ee Sur 13","Antioquia","6.170623,-75.579595","N"
"BANCAMIA CALDAS","ACB061969","Calle 129s 48 35","Antioquia","6.092338,-75.634596","N"
"EFECTY VILLA HERMOSA","ACB119248","Cl 66 # 39a-11","Antioquia","6.258254,-75.551846","N"
"EFECTY AMAGA","ACB114001","Cr 50 # 49-06","Antioquia","6.039297,-75.702909","N"
"EFECTY MANRIQUE BARRIO SANTA INES MED","ACB273225","Cr 41 # 82-24","Antioquia","6.273859,-75.549688","N"
"EFECTY PARQUE LA MILAGROSA MERC OLIMPICA","ACB124044","Cr 30 # 41-35","Antioquia","6.235718,-75.555709","N"
"EFECTY","ACB352854","Carrera 42 B 107   54","Antioquia","6.295089,-75.547791","N"
"EFECTY ENVIGADO TRANSVERSAL 36","ACB191879","Tv 36 Sur N 29-48","Antioquia","6.167778,-75.579186","N"
"EFECTY EXPRESS BARRIO GRANIZAL MED","ACB272972","Cr 38a # 104-22","Antioquia","6.292631,-75.547144","N"
"ACCIONES Y VALORES PF OFICINA VISITACION","ACB064522","Kr 32 No 1 B Sur  79 Lc 129","Antioquia","6.199208,-75.565116","N"
"EFECTY EXPRESS EFECTY POPULAR 1 CR 42 B","ACB323650","Cr 42 N 110 B 56","Antioquia","6.298366,-75.546555","N"
"EFECTY MEDELLIN TODO PRECIOS SAN PABLO","ACB306446","Cr 37 # 96 -77","Antioquia","6.28723,-75.54685","N"
"BANCAMIA NIQUIA","ACB062553","Diagonal 55 42a 18","Antioquia","6.339026,-75.54841","N"
"EFECTY","ACB358300","Dg 57  38  31 Local 152 Bloque 37 Mz 2","Antioquia","6.343497,-75.548818","N"
"EFECTY BARRIO ZAMORA SECTOR SANTA RITA","ACB302639","Cr 40a # 20e-21","Antioquia","6.307473,-75.545773","N"
"EFECTY VIA PRINCIPAL BUENOS AIRES CL 49","ACB306479","Cl 49 # 29 -46","Antioquia","6.240572,-75.552254","N"
"EFECTY CALDAS SERVIPUNTO","ACB156999","Cl 134 Sur # 48-09","Antioquia","6.08805,-75.634524","N"
"OFICINA PAGAFACIL VAQUITA BALSOS","ACB066205","Calle 9 Sur N 29 D   76","Antioquia","6.1919,-75.566623","N"
"EFECTY DISTRIBUIDORA MAXIMUS MANRIQUE","ACB163917","Cl 80 # 36-08","Antioquia","6.271403,-75.546374","N"
"EFECTY","ACB351259","Calle 59  29   2","Antioquia","6.25026,-75.54927","N"
"Oficina PagafAcil Universidad Envigado","ACB066018","Cll 40 Sur No 27d - 03","Antioquia","6.158281,-75.580796","N"
"EFECTY BRR MANRIQUE EL RAIZAL CR 34 MED","ACB321405","Cr 34 # 75c-59","Antioquia","6.268671,-75.545804","N"
"EFECTY","ACB358290","Cra 50b  121  04","Antioquia","6.34109,-75.546001","N"
"ACCIONES Y VALORES PF OFICINA NIQUIA","ACB064456","Dg 50 A N 38 20 Lc 101","Antioquia","6.338138,-75.545136","N"
"EFECTY CALDAS FELIPE ECHAVARRIA CRA 48","ACB306545","Cr 48 # 138 Sur -06","Antioquia","6.08492,-75.634005","N"
"EFECTY","ACB352865","Dg 55 37 41 Lc 151 Cc Niquia","Antioquia","6.339608,-75.544989","N"
"A Y V HOMECENTER PUERTA DEL NORTE","ACB061277","Diagonal 55 No 37 41 Local 172 173","Antioquia","6.339877,-75.544946","N"
"EFECTY","ACB358267","Calle 31  29  20","Antioquia","6.239226,-75.549241","N"
"EFECTY BELLO BARRIO LAS VEGAS","ACB272455","Dg 44 # 37c-19","Antioquia","6.330999,-75.543133","N"
"EFECTY BRR SANTO DOMINGO BLV DEL SANTO","ACB167603","Cr 31 A N 102 B-181","Antioquia","6.293481,-75.541618","N"
"GIROS Y FINANZAS C.C. PUERTA DEL NORTE","ACB025000","Dg 51 # 35-217 L-125 Torre 1","Antioquia","6.338967,-75.543225","N"
"GIROS Y FINANZAS CC PUERTA DEL NORTE","ACB025682","Dg 51 No 35 217 Local 125 Torre 1","Antioquia","6.338973,-75.543223","N"
"GIROS Y FINANZAS C.C LA CENTRAL","ACB026210","Cl 49 # 21-38  Local 0142 Int. Centro","Antioquia","6.238645,-75.547523","N"
"EFECTY BARRIO VERSALLES CRA 29","ACB277977","Cr 29 # 71a-43","Antioquia","6.266446,-75.54243","N"
"EFECTY CC PUERTA DEL NORTE TORRE 1","ACB300516","Dg 55 # 34-67","Antioquia","6.340417,-75.542361","N"
"PF EL TESORO","ACB065929","Carrera 25 A  1 A Sur 45 Cc El Tesoro","Antioquia","6.197715,-75.558383","N"
"EFECTY EXPRESS EFECTY VARIEDADES LA 27","ACB174490","Cr 27 C N 77-80","Antioquia","6.269773,-75.541617","N"
"ACCIONES Y VALORES PF OFICINA CITY PLAZA","ACB064490","Cl 36 D S No 27a 105 Cc City Plaza L 118","Antioquia","6.163343,-75.573081","N"
"EFECTY","ACB358278","Calle 49  25 86 Local 102","Antioquia","6.29357,-75.539886","N"
"AyV PAGAFACIL AMSTERDAM PLAZA","ACB368606","Cr 25  4   165 Lc 9930","Antioquia","6.201571,-75.556635","N"
"EFECTY CENTRO COMERCIAL MALL DEL ESTE","ACB176393","Cr 25 N 3-45 Local 154","Antioquia","6.199961,-75.555816","N"
"EFECTY","ACB356243","Cra 23  97   08","Antioquia","6.286925,-75.538087","N"
"EFECTY","ACB351183","Cra 23  97   08","Antioquia","6.286925,-75.538087","N"
"EFECTY","ACB351479","Cra 15b  35   8","Antioquia","6.22826,-75.54542","N"
"EFECTY MANRIQUE LA CRUZ CARRERA 24","ACB308460","Cr 24 # 75c-138","Antioquia","6.270945,-75.536954","N"
"EFECTY EXPRESS EFECTY VILLATINA CRA 17","ACB308426","Cr 17 B Cl 56 E 55","Antioquia","6.242438,-75.540002","N"
"EFECTY CAICEDO 3 ESQUINAS 1","ACB306172","Cr 9 # 52-18","Antioquia","6.232825,-75.537205","N"
"COOPERATIVA FINANCIERA DE ANTIOQUIA","ACB172816","Cl 50  49 B 14","Antioquia","6.462222,-75.555833","N"
"EFECTY CENTRO COMERCIAL EL CASTILLO","ACB166723","Cl 50 N 51-15 Local 111","Antioquia","6.346065,-75.508831","N"
"COOPERATIVA FINANCIERA DE ANTIOQUIA","ACB172597","Carrera 51 49 05","Antioquia","6.345556,-75.508333","N"
"EFECTY CENTRO COMERCIAL MANHATTAN","ACB128707","Cl 49 # 49-41 Lc 102","Antioquia","6.346034,-75.507307","N"
"EFECTY VENECIA PARQUE PRINCIPAL","ACB156878","Cl 50 # 51-18","Antioquia","5.962964,-75.734288","N"
"EFECTY CELUPIÑA","ACB156780","Cl 31 N 30-76","Antioquia","5.963544,-75.97876","N"
"COOPERATIVA FINANCIERA DE ANTIOQUIA","ACB172784","Kr  31  28   33","Antioquia","5.963056,-75.979444","N"
"COOPERATIVA FINANCIERA DE ANTIOQUIA","ACB172728","Cl 8  10   39","Antioquia","6.6775,-75.811389","N"
"EFECTY GUARNE CALLE DEL BOLSILLO","ACB172058","Cr 50 # 49 -54","Antioquia","6.279621,-75.44209","N"
"EFECTY","ACB351457","Calle 7  17   34","Antioquia","6.37847,-75.44726","N"
"MULTIPAGAS","ACB197743","Calle 6 15-44","Antioquia","6.377713,-75.445802","N"
"CONEXRED","ACB276273","Calle 6  15  24 Barrio Parque","Antioquia","6.377569,-75.445681","N"
"COOPERATIVA FINANCIERA DE ANTIOQUIA","ACB172685","Kr 15  6   19","Antioquia","6.377222,-75.445556","N"
"EFECTY GIRARDOTA PARQUE PRINCIPAL","ACB114452","Cr 15 # 5 B-45","Antioquia","6.377525,-75.445308","N"
"EFECTY FREDONIA CALLE 50","ACB323209","Cl 50 # 48 -50","Antioquia","5.928333,-75.670819","N"
"EFECTY ENTRERRIOS COPYNET","ACB194773","Cr 12 N 9-33","Antioquia","6.566529,-75.517101","N"
"MULTIPAGAS","ACB196511","Calle 20 # 21-08","Antioquia","6.05755,-75.503041","N"
"AYV PF AEROPUERTO JOSE MARIA CORDOBA","ACB067130","Aeropto Int Jose M Cordova 1er P Lc 40","Antioquia","6.171244,-75.427668","N"
"EFECTY C.C. NUESTRO URABA","ACB300473","Cr 100 N 1 La Milla De Oro Apartado","Antioquia","7.882741,-76.624717","N"
"EFECTY SERRANIA CL 118 APARTADO","ACB306709","Cl 118 #114b 18 Apto 101","Antioquia","7.882741,-76.624717","N"
"EFECTY BARRIO PRIMERO DE MAYO","ACB179219","Cl 103 N 92 05","Antioquia","7.884482,-76.623973","N"
"EFECTY","ACB352919","Calle 98 97   95","Antioquia","7.881761,-76.630796","N"
"EFECTY SERVIENTREGA UNO CALLE 97","ACB076918","Cl 98 # 99-35","Antioquia","7.882169,-76.632049","N"
"PAGAFACIL APARTADO CENTRO II","ACB066470","Carrera 99 No 96 16 B Los Fundadores","Antioquia","7.880673,-76.632158","N"
"COOPERATIVA FINANCIERA DE ANTIOQUIA","ACB172443","Cl 96  99   33","Antioquia","7.880556,-76.632222","N"
"EFECTY CENTRO COMERCIAL APARTACENTRO","ACB128488","Cl 96 # 99-18 Lc 104","Antioquia","7.880756,-76.632484","N"
"AYV PF BARRIO VELEZ","ACB065787","Carrera 109 No 104   72 Brr Velez","Antioquia","7.881206,-76.632649","N"
"CONEXRED","ACB276228","Carrera 100  97  63 Barrio Ortiz","Antioquia","7.882211,-76.63287","N"
"A Y V PF OFICINA APARTADO ALCALDIA","ACB065282","Kr 100 No 103a  102","Antioquia","7.885178,-76.63259","N"
"EFECTY TEMCEL COMUNICACIONES LTDA","ACB171288","Cr 101 # 99-20","Antioquia","7.883449,-76.633243","N"
"GIROS Y FINANZAS C.C. NUESTRO URABÁ","ACB024966","Cl 99 # 84-18 L-272 C.c. Nuestro Urabá","Antioquia","7.88528,-76.633077","N"
"EFECTY DIMONEX BARRIO VELEZ","ACB300879","Cr 104 A N 100-31","Antioquia","7.883991,-76.634182","N"
"PAGAFACIL APARTADO ORTIZ II","ACB066481","Calle 99 No 104 33 Barrio Ortiz","Antioquia","7.883733,-76.634455","N"
"EFECTY FRENTE A LA PLAZA DE MERCADO","ACB176711","Cl 92 # 102 -24","Antioquia","7.878979,-76.635036","N"
"EFECTY APARTADO BARRIO CONCEJO","ACB163511","Cl 100 N 78a-27","Antioquia","7.875452,-76.61357","N"
"PAGAFACIL NUESTRO URABA","ACB066469","Carrera 99 No 84 18 Cc Nuestro Uraba","Antioquia","7.872801,-76.63426","N"
"EFECTY CYBER LA PAZ","ACB169429","Cl 104 N 77 A 27","Antioquia","7.881897,-76.610026","N"
"AYV PF CURRULAO","ACB066711","Carrera 50 No 49b   76 Brr Centro","Antioquia","7.993483,-76.637302","N"
"ACCIONES Y VALORES PF OFICINA CAREPA","ACB064380","Cl 80 No 74 35","Antioquia","7.75756,-76.656868","N"
"EFECTY ALMACEN MARY STILOS","ACB154470","Cr 78 A # 77-45","Antioquia","7.757369,-76.658774","N"
"EFECTY CAREPA MARIA CANO CLL 77","ACB306688","Cl 77 # 76-50","Antioquia","7.7567,-76.657546","N"
"EFECTY CAREPA ALCALDIA","ACB130368","Cl 77 # 78-02","Antioquia","7.756741,-76.658521","N"
"EFECTY BRIGADA 17 CAREPA.","ACB131051","Km 3 Via Carepa Turbo Casaverde","Antioquia","7.755154,-76.652782","N"
"EFECTY","ACB355385","Cra 73 70  37","Antioquia","7.75353,-76.65601","N"
"EFECTY CAREPA PAPER HOUSE SECTOR ESTADIO","ACB327038","Cr 73 # 70-37","Antioquia","7.752836,-76.656236","N"
"EFECTY","ACB356100","Cl 98  101   36","Antioquia","7.670873,-76.681255","N"
"EFECTY","ACB351040","Cl 98  101   36","Antioquia","7.670873,-76.681255","N"
"ACCIONES Y VALORES PF OFICINA CHIGORODO","ACB064423","Cl 97 No 102 69 Lc 104","Antioquia","7.669982,-76.681772","N"
"EFECTY CHIGORODO CREDIJAPON","ACB120183","Cr 100 # 94 B-89","Antioquia","7.668685,-76.676774","N"
"EFECTY SERVIENTREGA CALLE 97","ACB110931","Edificio Suzuki # 47-35","Antioquia","7.66682,-76.674266","N"
"EFECTY PAPELERIA SERV INTEGRADOS LINA","ACB163829","Cr 102 N 92-39","Antioquia","7.666996,-76.681647","N"
"EFECTY NUEVA COLONIA CRA 35","ACB169287","Cr 35 N 30-77","Antioquia","8.085486,-76.721477","N"
"EFECTY TURBO 24 DE DICIEMBRE CRA 29","ACB306765","Cr 29 # 31a -42","Antioquia","8.085486,-76.721477","N"
"EFECTY CURRULAO 24 DE DICIEMBRE","ACB306073","Cl 56b # 60-43","Antioquia","8.085486,-76.721477","N"
"ACCIONES Y VALORES PF OFICINA TURBO","ACB064391","Carrera 13 100 22","Antioquia","8.091657,-76.7283","N"
"EFECTY SERVIENTREGA CRA 13","ACB110393","Cl 101 # 14 B-30","Antioquia","8.093055,-76.726787","N"
"PAGAFÁCIL CENTRO TURBO","ACB065798","Calle 101 No  14  52 Centro","Antioquia","8.092894,-76.727374","N"
"EFECTY CENTRO COMERCIAL LOS CUNAS","ACB128477","Cl 101 # 13-60-62-64-66","Antioquia","8.092624,-76.728172","N"
"EFECTY TURBO CORREGIMIENTO EL TRES","ACB308679","Cl 30 # 30-27 Correg El Tres","Antioquia","8.09402,-76.727521","N"
"EFECTY TURBO BARRIO JESUS MORA","ACB279023","Cl 114 # 15-93","Antioquia","8.100915,-76.728345","N"
"CONEXRED","ACB199570","Cr 8 A  8   19","Risaralda","5.106312,-75.94223","N"
"EFECTY CENTRO SANTUARIO","ACB151619","Cl 6 # 4-48","Risaralda","5.072898,-75.961654","N"
"EFECTY CARRERA 8","ACB111273","Cr 9 # 8-18","Caldas","5.061525,-75.872228","N"
"EFECTY PARQUE PPAL BELEN DE UMBRIA I","ACB278022","Cl 6 # 10-42 Local 104 Ed Argus","Risaralda","5.200222,-75.868808","N"
"EFECTY EXPRESS BELEN ESTACION DE POLICIA","ACB323188","Cl 6 # 11-17","Risaralda","5.200222,-75.868808","N"
"CONEXRED","ACB192913","Kr 2 N 3   51 Brr Centro","Risaralda","5.003912,-76.002467","N"
"EFECTY PUEBLO RICO PLAZA PRINCIPAL","ACB123526","Cl 6 3-51","Risaralda","5.22103,-76.030198","N"
"EFECTY SANTA CECILIA CIBERMONTES","ACB136067","Cl Ppal Antiguo Colegio L-3 Sta Cecilia","Risaralda","5.222234,-76.03105","N"
"EFECTY SAN JOSE CALDAS CRA 2","ACB119611","Cr 2 5-60","Caldas","5.0808,-75.791556","N"
"EFECTY BELALCAZAR CALLE PRINCIPAL","ACB156229","Cr 4 16-22","Caldas","4.994796,-75.81189","N"
"EFECTY DIMONEX BELALCAZAR CRA 4","ACB176436","Cr 4 15-20","Caldas","4.994476,-75.812031","N"
"EFECTY DIMONEX CALLE PRINCIPAL RISARALDA","ACB274491","Cr 2 N 2-23 Local 1 Cl Principal","Caldas","5.163417,-75.768452","N"
"EFECTY CALLE PRINCIPAL RISARALDA 2","ACB305599","Cl 2 # 7-13","Caldas","5.170438,-75.765778","N"
"EFECTY ANSERMA CRA 4","ACB154283","Cr 4 9-14 Of 202","Caldas","5.230626,-75.787179","N"
"EFECTY MISTRATO CRA 6","ACB152676","Cr 6 N0. 6-67","Risaralda","5.29641,-75.882877","N"
"EFECTY MISTRATO CALLE 5","ACB272554","Cl 5 5-44","Risaralda","5.296134,-75.881741","N"
"EFECTY EL CARMEN","ACB133185","Cr 5 # 16-17","Caldas","5.235377,-75.786106","N"
"CONEXRED","ACB303641","Carrera 2e  24a 04 Barrio Galicia","Caldas","5.239184,-75.780814","N"
"EFECTY LA VIRGINIA CENTRO","ACB279254","Cr 8 # 9-40 Local 1","Risaralda","4.896595,-75.882724","N"
"EFECTY LA VIRGINIA CALLE 8 PRINCIPAL","ACB273027","Cl 8a # 7-42","Risaralda","4.895879,-75.88359","N"
"RED SEINCOR","ACB070934","Calle 8 No 6  35 Interior Olim","Risaralda","4.895269,-75.883444","N"
"MULTIPAGAS","ACB356319","Calle 8 8 41","Risaralda","4.895578,-75.88126","N"
"GIROS Y FINANZAS LA VIRGINIA OLIMPICA","ACB024339","Cl 8 # 6-35 Int. Almacén Olímpica","Risaralda","4.894901,-75.880835","N"
"EFECTY CORREGIMIENTO VILLA NUEVA","ACB174665","Cl Principal-correg Villa Nueva","Valle Del Cauca","4.910451,-76.041844","N"
"EFECTY EL AGUILA CRA 4","ACB132690","Cr 4 # 10-05","Valle Del Cauca","4.909433,-76.041953","N"
"EFECTY CORREGIMIENTO SAN CLEMENTE","ACB194487","Cr 2 # 4-32","Risaralda","5.313245,-75.800216","N"
"EFECTY CALLE PRINCIPAL","ACB111691","Cr 5 9-47","Risaralda","5.31549,-75.80026","N"
"EFECTY CL REAL CON 10 SER MUJER","ACB134153","Cl 17 # 10-17","Risaralda","4.936125,-75.743482","N"
"EFECTY MARSELLA","ACB324002","Cr 10 # 9-34","Risaralda","4.934055,-75.739352","N"
"EFECTY CALLE 9","ACB112230","Cl 9 # 9-43","Risaralda","5.338983,-75.731182","N"
"EFECTY ANSERMANUEVO CALLE 5","ACB171893","Cl 5 N 4-71","Valle Del Cauca","4.794639,-75.995075","N"
"EFECTY PORTAL DEL CAMPO GALICIA","ACB274215","Mz 5 Casa 13 Lc. 1 Brr Portal Del Campo","Risaralda","4.805198,-75.809433","N"
"EFECTY PALESTINA CENTRO","ACB160783","Cr 7 N 8-14","Caldas","5.020773,-75.621163","N"
"EFECTY ARAUCA VIA PRINCIPAL","ACB164172","Cr 4 6-04","Caldas","5.01972,-75.621093","N"
"EFECTY BARRIO CAMPO ALEGRE","ACB323090","Cl 37 # 2n-10 Campo Alegre","Valle Del Cauca","4.762566,-75.934781","N"
"EFECTY BELMONTE","ACB133536","Cr 16 B N. 98-15","Risaralda","4.809482,-75.760312","N"
"CONEXRED","ACB199415","Cl 18 Bis 8 21","Caldas","4.990205,-75.611954","N"
"EFECTY DIMONEX VILLA SOL EXPOFUTURO","ACB321768","Cr 19 # 94-96 Local 4 Villa Sol","Risaralda","4.808006,-75.761729","N"
"GIROS Y FINANZAS C.C. NUESTRO CARTAGO","ACB026221","Cr 2 Cl 33 L-265 Vía Ansermanuevo","Valle Del Cauca","4.757953,-75.931032","N"
"EFECTY CENTRO COMERCIAL NUESTRO CARTAGO","ACB077777","Cr 2 # 34-15 Lc 103","Valle Del Cauca","4.757764,-75.931272","N"
"EFECTY DIMONEX LA SUPER 13 II","ACB306161","Cr 2 # 32-64 Mz M Cs 12 Urb El Verun","Valle Del Cauca","4.757738,-75.930659","N"
"MULTIPAGAS","ACB278923","Cra 2 24 15 Via Santa Ana","Valle Del Cauca","4.757624,-75.933257","N"
"EFECTY CENTRO COMERCIAL SANTA LUCIA","ACB077809","Cr 5 Norte # 18-20 Lc 9","Valle Del Cauca","4.75756,-75.92021","N"
"EFECTY PARQUE INDUSTRIAL.","ACB131622","Cr 5 # 62 C-57 Lc 1 Parque Industrial","Risaralda","4.821815,-75.731239","N"
"EFECTY CHINCHINA CALLE 13","ACB078525","Cl 13 # 8-70","Caldas","4.983435,-75.607525","N"
"MOVISTAR","ACB129171","Calle 11 No 8  46 Movistar","Caldas","4.983053,-75.605784","N"
"MULTIPAGAS","ACB196456","Calle 12 # 3- 25","Valle Del Cauca","4.751042,-75.913711","N"
"EFECTY VIDEO STAR GAMA - LA VILLA","ACB171068","Cr 18 N 83-02 La Villa Olimpica","Risaralda","4.806232,-75.747786","N"
"EFECTY PARQUE PRINCIPAL","ACB119578","Cl 10 # 8-67","Caldas","4.982789,-75.604982","N"
"OFICINA VILLA ROBLEDO","ACB066085","Cl 12 No 3 66 Lc 1 16 Cc Villa Robledo","Valle Del Cauca","4.750626,-75.913679","N"
"EFECTY CARRERA 4 PRINCIPAL UNO","ACB077755","Cr 4 # 15-61","Valle Del Cauca","4.750137,-75.917457","N"
"EFECTY LA CUARTA UNO","ACB077766","Cr 4 A # 11-44","Valle Del Cauca","4.750284,-75.91305","N"
"EFECTY","ACB352591","Local B 69 Del Cc Unicentro","Risaralda","4.809134,-75.741966","N"
"EFECTY GALERIA CENTRO","ACB271553","Cl 9 # 6-03 Local 1","Caldas","4.984283,-75.6035","N"
"MULTIPAGAS","ACB197644","Calle 12 # 4-42","Valle Del Cauca","4.749792,-75.913666","N"
"ACCIONES Y VALORES EXITO CARTAGO","ACB061585","Cl 11 No 4 63","Valle Del Cauca","4.749715,-75.912599","N"
"EFECTY COLLAREJO","ACB077799","Cr 4 # 1a-115","Valle Del Cauca","4.750426,-75.903131","N"
"EFECTY","ACB352579","Carrera 5 9 81 Local 2","Valle Del Cauca","4.749166,-75.911442","N"
"EFECTY CARTAGO CARRERA 5","ACB301364","Cr 5 # 7-63","Valle Del Cauca","4.749369,-75.908739","N"
"CONEXRED","ACB274600","Calle 7 6 03 Carrera San Diego","Caldas","4.984801,-75.601605","N"
"GIROS Y FINANZAS CARTAGO","ACB020566","Cl 10 # 6-57 Int. Olímpica","Valle Del Cauca","4.747419,-75.911209","N"
"EFECTY CUBA SECTOR GALERIA","ACB160233","Cr 23 B N. 70 B 09","Risaralda","4.806559,-75.739894","N"
"EFECTY EXPRESS PASEO DE SAN FERNANDO","ACB321746","Cr 25 # 69b-32 Pasaje Ccial","Risaralda","4.805891,-75.7382","N"
"EFECTY CUBA AVDA PRINCIPAL","ACB079890","Cl 69 Cr 25 Esquina Local 101","Risaralda","4.806093,-75.737743","N"
"EFECTY RED PLATINUM PEREIRA","ACB172894","Mz 12 Cs 18 Barrio San Fernando","Risaralda","4.806454,-75.736921","N"
"EFECTY CORALES ESTACION DE SERVICIO 1","ACB278572","Mz 26 Casa 5 Corales","Risaralda","4.80087,-75.74359","N"
"GIROS Y FINANZAS ÉXITO CUBA","ACB025055","Cr 26 Cl 71 Int. Éxito Cuba L-104a","Risaralda","4.804235,-75.737931","N"
"AYV EXITO CUBA","ACB065501","Carrera 26   Cl 71 Lc 124","Caldas","4.804235,-75.737931","N"
"COOPERATIVA FINANCIERA DE ANTIOQUIA","ACB172663","Via A Cuba","Risaralda","4.804167,-75.737778","N"
"MULTIPAGAS","ACB197468","Calle 71 # 26-69","Risaralda","4.803884,-75.737828","N"
"AYV CUBA CC LAS AMERICAS","ACB066502","Cl 71 No 26 75 Local 11 Cc Las Americas","Risaralda","4.803893,-75.737771","N"
"EFECTY EXITO CUBA 1","ACB179538","Cl 71 # 27-36 Barrio Cuba","Risaralda","4.803699,-75.737833","N"
"MULTIPAGAS","ACB196478","Calle 14# 11-19","Valle Del Cauca","4.742827,-75.916415","N"
"EFECTY CENTRO COMERCIAL SANTIAGO PLAZA","ACB077788","C. Comercialsantiago Plaza Lc 7","Valle Del Cauca","4.742458,-75.915954","N"
"EFECTY EXPRESS EFECTY BARRIO SAN JUAQUIN","ACB305159","Cr 26 # 77-658","Risaralda","4.798573,-75.741612","N"
"GIROS Y FINANZAS CARTAGO METRO","ACB024230","Cl 9 # 12-127 Int. Metro","Valle Del Cauca","4.741303,-75.909981","N"
"EFECTY","ACB352634","Calle 44 7 20","Risaralda","4.816737,-75.715554","N"
"EFECTY BRR REPUBLICA DE FRANCIA.","ACB308217","Cl 14 N 15-48","Valle Del Cauca","4.738431,-75.915274","N"
"EFECTY BARRIO VILLA ELIZA PEREIRA","ACB274051","Cl 72 # 36b-22 Brr Villa Eliza Pereira","Risaralda","4.80119,-75.732226","N"
"EFECTY PANORAMA I","ACB154117","Mz G Casa 7 Piso 1 Portal D Las Mercedes","Risaralda","4.801981,-75.730337","N"
"EFECTY BARRIO CAMPESTRE B","ACB276921","Cr 2 # 18-58","Risaralda","4.833191,-75.690332","N"
"EFECTY PARQUE BANDERAS CALLE 37","ACB272949","Cr 7 # 37-44","Risaralda","4.816475,-75.709584","N"
"EFECTY EL NOGAL","ACB151136","Cr 31 # 84-20 Lc 1501 Nogal Club","Risaralda","4.796324,-75.737585","N"
"EFECTY GUAYACANES PEREIRA","ACB164260","Cl 84 # 35-15 Barrio Guayacanes","Risaralda","4.795264,-75.73637","N"
"EFECTY BARRIO LA MACARENA","ACB276954","Mz 0 Casa 1 Urb La Macarena","Risaralda","4.82926,-75.691706","N"
"EFECTY EXPRESS DIMONEX VILLA DE LEYVA II","ACB302057","Cl 86 # 56-10 To 4 L-17 Villa De Leyva","Risaralda","4.8089,-75.71551","N"
"EFECTY PARQUE INDUSTRIAL SECTOR A 2","ACB272466","Mz 9 Casa 20 Sector A Parque Industrial","Risaralda","4.8089,-75.71551","N"
"EFECTY EXPRESS DIMONEX CAIMALITO","ACB309120","Casa 261 Local 263 B Caimalito","Risaralda","4.8089,-75.71551","N"
"EFECTY TERRANOVA","ACB321780","Cl 72 # 38 A 04 Barrio Terranova","Risaralda","4.799202,-75.728268","N"
"EFECTY SANTA ISABEL SENA","ACB118324","Local 1 Quintas Sta Isabel","Risaralda","4.836942,-75.681107","N"
"EFECTY SUPERTIENDAS OLIMPICAS AV 30 AGO","ACB130148","Av 30 De Agosto # 36-10","Risaralda","4.812595,-75.709006","N"
"EFECTY BARRIO BOSQUES DE LA ACUARELA","ACB273160","Mz 7 Casa 2a Cuarta Etapa","Risaralda","4.855144,-75.662819","N"
"ACCIONES Y VALORES OFICINA 30 DE AGOSTO","ACB061783","Ave 30 De Agosto Numero 35 64","Risaralda","4.812515,-75.708622","N"
"EFECTY MINIMERCADO EL PROGRESO BRR LOS","ACB304972","Mz 5 Casa 10 Los Olivos","Risaralda","4.830311,-75.686854","N"
"EFECTY BARRIO SAN MARCOS","ACB322868","Mz 12 Casa 273 San Marcos","Risaralda","4.790226,-75.739304","N"
"EFECTY SANANDRESITO CENTRO COMERCIAL","ACB131611","Cr 8 # 31-08 Lc 2 Nivel 1 C.c. Sanandre","Risaralda","4.81503,-75.704513","N"
"EFECTY PRIMAVERA ASUL 1","ACB277955","Mz 41 Casa 1b Primavera Asul 1","Risaralda","4.836313,-75.680215","N"
"EFECTY MIRADOR DE LA ESTANCIA","ACB326202","Mz 2 Casa 7 Apto 202 L-2 Conj Mirador","Risaralda","4.836313,-75.680215","N"
"EFECTY BARRIO LA MARIANA","ACB139950","Mz E Casa 27 La Mariana","Risaralda","4.836313,-75.680215","N"
"EFECTY EXPRESS DIMONEX EL PROGRESO","ACB304323","Peatonal 15 Casa 7 Local 102","Risaralda","4.836313,-75.680215","N"
"EFECTY FRAILES I","ACB152928","Mz A Casa 8","Risaralda","4.836313,-75.680215","N"
"EFECTY BARRIO LA GRACIELA 1","ACB326257","Mz 4 Casa 21 La Graciela","Risaralda","4.836313,-75.680215","N"
"EFECTY EXPRESS EFECTY CRA 6 CL 28","ACB321757","Cr 6 28-48","Risaralda","4.816441,-75.701955","N"
"EFECTY PERLA DEL SUR","ACB151147","Mz 4 Cs 20 Lc 1","Risaralda","4.805578,-75.715498","N"
"EFECTY CORREGIMIENTO LA BELLA","ACB306578","Correg La Bella Finca Las Delicias","Risaralda","4.805578,-75.715498","N"
"EFECTY EXPRESS EFECTY CAÑAVERAL","ACB321779","Av 30 De Ago # 73-51 L-11 Cañaveral Ii","Risaralda","4.805578,-75.715498","N"
"EFECTY CORREGIMIENTO PUERTO CALDAS","ACB305951","Mz 4 Casa 14 Corregimieto Puerto Caldas","Risaralda","4.805578,-75.715498","N"
"EFECTY URBANIZACION SANTA CLARA","ACB305797","Torre 3 Bl 6 Apto 101 Brr Sta Clara Cuba","Risaralda","4.805578,-75.715498","N"
"EFECTY VEREDA EL PLACER COMBIA","ACB171057","K 5 Via Marsella Vereda El Placer","Risaralda","4.805578,-75.715498","N"
"EFECTY","ACB352580","Av Americas  55 20 El Rosal","Risaralda","4.805578,-75.715498","N"
"EFECTY EXPRESS EFECTY HACIENDA CUBA","ACB308239","Mz 13 Casa 1 Barrio Hacienda Cuba","Risaralda","4.805578,-75.715498","N"
"EFECTY ABRIL BULEVAR DEL CAFE","ACB309142","Av Las Americas # 93-20 Local 105","Risaralda","4.805578,-75.715498","N"
"EFECTY CORREGIMIENTO ALTAGRACIA","ACB323243","Cl Principal Barrio Arenales Casa 134","Risaralda","4.805578,-75.715498","N"
"EFECTY PAPELERIA MERCASA","ACB179516","Mercasa Bodegas Verdes Galpon A L-p10","Risaralda","4.805578,-75.715498","N"
"EFECTY EXPRESS EFECTY BARRIO LA FLORESTA","ACB278824","Dg 77 # 8-23 Barrio La Floresta","Risaralda","4.857701,-75.658359","N"
"EFECTY BRR PLAYA RICA AVDA FERROCARRIL","ACB305995","Cr 10 # 42-a06-playa Rica","Risaralda","4.841171,-75.673656","N"
"GIROS Y FINANZAS DOSQUEBRADAS","ACB020906","Av Simón Bolivar Cr 16 # 24-70","Risaralda","4.838577,-75.675796","N"
"EFECTY BARRIO EL DORADO 1","ACB305720","Mz 8 Casa 17 Dorado 1 Local 1","Risaralda","4.800921,-75.718777","N"
"EFECTY SENA.","ACB156362","Cl 26 # 7-63","Risaralda","4.815028,-75.700135","N"
"EFECTY 2500 LOTES","ACB306808","Mz 5 Casa 8 L-0 Barrio Cuba 2500 Lotes","Risaralda","4.793043,-75.728814","N"
"EFECTY EXPRES DIMONEX CR 5 CL 22 PEREIRA","ACB276800","Cr 5 # 22-15","Risaralda","4.816613,-75.696728","N"
"EFECTY QUINTAS DEL BOSQUE","ACB279683","Mz 5 Casa 32 Quintas Del Bosque","Risaralda","4.848063,-75.662907","N"
"EFECTY EXPRESS EFECTY SAN NICOLAS","ACB305292","Cl 31 # 14b-38 Barrio San Nicolas","Risaralda","4.809318,-75.704949","N"
"EFECTY CLINICA LOS ROSALES","ACB160079","Cr 9 25-29 Local 105","Risaralda","4.81352,-75.69968","N"
"EFECTY LAGO URIBE CALLE 23","ACB164820","Cl 23 # 8-21","Risaralda","4.814049,-75.697686","N"
"EFECTY FLAMINGO PEREIRA","ACB168538","Cr 6 N 20-76 Centro","Risaralda","4.815749,-75.695359","N"
"EFECTY EXPRES BALCONES D VILLA DEL PRADO","ACB274062","Mz 3 Casa 17 Poblado Ii","Risaralda","4.802912,-75.711004","N"
"EFECTY","ACB279232","Carrera 7 Nro 2082 Local 3","Risaralda","4.814985,-75.695738","N"
"EFECTY EXPRESS BRR LOS NARANJOS","ACB304598","Cl 48 # 14a-10 Local 5 Los Naranjos","Risaralda","4.839778,-75.668676","N"
"A Y V OFICINA CC PLAZA DEL SOL","ACB064445","Ave Simon Bolivar Cr16 No 24 7","Risaralda","4.828973,-75.679785","N"
"EFECTY PLAZA DEL SOL 2 CENTRO COMERCIAL","ACB326774","Cr 16 # 24-70 L-201 C.c. Plaza Del Sol","Risaralda","4.829654,-75.679028","N"
"CONEXRED","ACB320206","Carrera 8  21  32","Risaralda","4.814377,-75.696201","N"
"EFECTY","ACB355121","Cra 16 24  70 Local 201","Risaralda","4.829583,-75.678884","N"
"EFECTY CRA 5 CALLE 18 CENTRO UNO","ACB302046","Cr 5 N 18-63","Risaralda","4.816241,-75.693533","N"
"A Y V OFICINA ALCIDES AREVALO","ACB064050","Cl19 No 6 48 Cc Alcides Areval","Risaralda","4.815291,-75.69435","N"
"MOVISTAR","ACB129193","Calle 19 No 6 11 Movistar","Risaralda","4.815443,-75.694089","N"
"EFECTY","ACB352623","Calle 21 8 69","Risaralda","4.813697,-75.696041","N"
"EFECTY BARRIO SANTA TERESITA","ACB274468","Cr 15a # 58-43 Esquina Santa Teresita","Risaralda","4.84208,-75.66512","N"
"MULTIPAGAS","ACB197204","Calle 20 # 8-19","Risaralda","4.81378,-75.695132","N"
"EFECTY LA CAPILLA","ACB152203","Cr 16 # 65-11 Av Simon Bolivar","Risaralda","4.844588,-75.662118","N"
"EFECTY CR3","ACB279243","Cr 3 # 14-06 America","Risaralda","4.817805,-75.689723","N"
"COOPERATIVA FINANCIERA DE ANTIOQUIA","ACB172740","Kr  9  20   03","Risaralda","4.813056,-75.695278","N"
"GIROS Y FINANZAS C.C. BOLÍVAR PLAZA","ACB021127","Cr 8 # 19-41 L-118 / Cr 9 # 19-48","Risaralda","4.813503,-75.694706","N"
"EFECTY CENTRO PLAZA DE BOLIVAR CALLE 18","ACB117664","Pereira Centro Cr 7 # 18-21 Local 102b","Risaralda","4.814485,-75.693492","N"
"EFECTY MONTELIBANO","ACB156438","Mz 16 Casa 1 Local 2 Montelibano","Risaralda","4.788752,-75.727389","N"
"EFECTY PORTAL DEL PARQUE","ACB194641","Cl 15 # 16-108 Portal Del Parque","Risaralda","4.823212,-75.683067","N"
"ACCIONES Y VALORES CC EL PROGRESO","ACB063192","Kr 16 No 38 130 Cc El Progreso","Risaralda","4.835905,-75.669633","N"
"EFECTY DIMONEX CRA 12 PEREIRA","ACB168396","Cr 12 # 22-27 Centro","Risaralda","4.810702,-75.697449","N"
"EFECTY CRESS CENTENARIO","ACB079801","Cr 14 Bis # 24-72","Risaralda","4.809012,-75.699481","N"
"GIROS Y FINANZAS CENTRO","ACB020049","Cr 7 # 16-50 L-111 Centro Del Comercio","Risaralda","4.814717,-75.692195","N"
"GIROS Y FINANZAS C.C. EL PROGRESO","ACB025473","Av Simón Bolivar Cr 16 # 36-98 L-94a","Risaralda","4.835923,-75.668977","N"
"ACCIONES Y VALORES OFICINA EL PASO","ACB064807","Cl 18 No 8 34 Lc 10","Risaralda","4.813487,-75.693458","N"
"EFECTY CENTRO DEL COMERCIO","ACB079911","Cr 7 No16-50 Local 108","Risaralda","4.814476,-75.691988","N"
"EFECTY EXPRESS DIMONEX POBLADO 2.","ACB195082","Mz 29 Casa 16 Piso 1 Poblado 2","Risaralda","4.80211,-75.707384","N"
"EFECTY PRINCIPAL","ACB071650","Cr 9 # 18-12","Risaralda","4.812964,-75.693681","N"
"ACCIONES Y VALORES EXITO PEREIRA CENTRO","ACB061596","Kr 8 No 17 35","Risaralda","4.813529,-75.692965","N"
"EFECTY SAN FERNANDO","ACB151125","Cr 17 # 43-05 Local 2","Risaralda","4.836063,-75.668135","N"
"EFECTY VILLA DEL PRADO 2","ACB304291","Cl 33 # 28-28 C.c. Poblado Plaza L 9","Risaralda","4.801035,-75.707926","N"
"EFECTY EXPRESS EFECTY EL MODELO","ACB321087","Cr 19 # 49-03 Local 3 El Modelo","Risaralda","4.837582,-75.665859","N"
"ACCIONES Y VALORES VICTORIA CC REGIONAL","ACB060892","Cl 18 No 10 48 Lc 116 C C Vict","Risaralda","4.811689,-75.693676","N"
"MULTIPAGAS","ACB196863","Carrera 10 # 17-55","Risaralda","4.812014,-75.693239","N"
"EFECTY CARRERA 7 PARQUE LA LIBERTAD","ACB300451","Cr 7 # 14-66","Risaralda","4.814306,-75.690383","N"
"EFECTY RED PLATINUM C.C. CIUDAD VICTORIA","ACB138487","Cr 11 Bis # 17-20 Lc 220 C.c. Victoria","Risaralda","4.811301,-75.693934","N"
"EFECTY SAMARIA I","ACB174609","Mz 28 Casa 22 Samaria 1","Risaralda","4.798047,-75.710158","N"
"EFECTY RED PLATINUM EL PROGRESO","ACB274875","Cr 16 Cc El Progreso Intercambiador","Risaralda","4.818034,-75.684849","N"
"EFECTY POBLADO 1 PEREIRA","ACB277890","Mz A Casa 5 Piso 1 L-2 Barrio Hamburgo","Risaralda","4.80226,-75.703878","N"
"EFECTY","ACB352612","Calle 15 9 64","Risaralda","4.812322,-75.691233","N"
"AYV PF PEREIRA","ACB066667","Cc Pereira Carrera 21 Con Calle 17","Risaralda","4.823522,-75.678131","N"
"GIROS Y FINANZAS ÉXITO","ACB024702","Cr 10 # 14-71 Piso 2","Risaralda","4.811986,-75.690742","N"
"EFECTY VILLA DEL PRADO","ACB133998","Mz 9 Local 17 Villa Del Prado","Risaralda","4.799528,-75.706193","N"
"EFECTY PORTAL DE LAS ARAUCARIAS","ACB321966","Cr 10b # 30a-06","Risaralda","4.869138,-75.634844","N"
"EFECTY JAPON CALLE 9","ACB151598","Cl 9 # 19-24","Risaralda","4.818992,-75.681102","N"
"EFECTY DIMONEX LA AURORA ALTA","ACB191868","Cl 12 Cr 22 # 22a-03 Local 2","Risaralda","4.820071,-75.678793","N"
"EFECTY VILLAVENTO 3","ACB276811","Cl 42a Tv 26-56 Mz 18 Cs 3 Villavento 3","Risaralda","4.832001,-75.665961","N"
"EFECTY EXPRESS EFECTY BARRIO PROVIDENCIA","ACB324507","Cl 21 Bis # 20-33","Risaralda","4.803679,-75.697679","N"
"EFECTY","ACB355428","Calle 21 Bis Nro 20 33","Risaralda","4.803516,-75.697627","N"
"EFECTY EXPRESS EFECTY BARRIO OTUN","ACB301474","Cr 21 # 1-83","Risaralda","4.815391,-75.683126","N"
"AYV PF PEREIRA UNIPLEX","ACB066799","Calle 14 No 13  45 San Jose Sur Lc 2","Risaralda","4.808568,-75.690662","N"
"EFECTY CRA 9 BARRIO VILLAVICENCIO","ACB272839","Cr 9 # 8-16","Risaralda","4.812047,-75.68534","N"
"EFECTY LA HERMOSA CALLE PRINCIPAL","ACB150630","Cr 23 # 21-89 Br. La Hermosa","Risaralda","4.871,-75.628646","N"
"AyV PAGAFACIL VALENCIA","ACB368552","Cr 14  12   17 Lc 1","Risaralda","4.807637,-75.689158","N"
"EFECTY DIMONEX BARRIO EL JAPON","ACB178670","Cl 8 # 24-28 El Japon","Risaralda","4.816349,-75.678844","N"
"GIROS Y FINANZAS LA 14","ACB020258","Cl 17 # 19-230 Int. La 14 Piso 2 L-7a","Risaralda","4.802645,-75.694873","N"
"AyV PAGAFACIL PINARES","ACB368541","Cr 17  13   06 Lc 1","Risaralda","4.805519,-75.69054","N"
"EFECTY STA ROSA DE CABAL CR 14 HOSPITAL","ACB159958","Cr 14 # 25-25 Local 1","Risaralda","4.875722,-75.624082","N"
"EFECTY CENTRO COMERCIAL LA 14","ACB300440","Cl 17 # 19-230 Burbuja Ccial C.c. La 14","Risaralda","4.8022,-75.694246","N"
"EFECTY BARRIO LOS LAGOS DOSQUEBRADAS","ACB321098","Mz 10 Casa 58 Los Lagos","Risaralda","4.825464,-75.666883","N"
"EFECTY RIOSUCIO CALLE 7.","ACB302244","Cl 7 # 4-62","Caldas","5.420793,-75.705092","N"
"CONEXRED","ACB322297","Carrera 6  6  35","Caldas","5.420406,-75.703932","N"
"EFECTY SERVIENTREGA AVENIDA CIRCUNVALAR","ACB079812","Cr 13 # 8-47 Local 1","Risaralda","4.807167,-75.685871","N"
"EFECTY","ACB355132","Carrera 11 N 4 73","Risaralda","4.809803,-75.682633","N"
"EFECTY DIMONEX BERLIN","ACB326785","Cr 11 N 4-73","Risaralda","4.80979,-75.682433","N"
"EFECTY PARQUE CARRERA 6","ACB128587","Cr 6 # 8-10","Caldas","5.420947,-75.703653","N"
"BANCAMIA RIOSUCIO","ACB063565","Carrera 7 8 27","Caldas","5.420772,-75.703002","N"
"EFECTY","ACB420669","Cra 6b N 13 05 Barrio La Linda","Caldas","5.092637,-75.546145","N"
"EFECTY","ACB350951","Calle 17 23 157 Taquilla 115 Y 116","Risaralda","4.799505,-75.693713","N"
"GIROS Y FINANZAS ÉXITO C.C. ARBOLEDA","ACB025792","Av Circunvalar 120 # 5-20 L-112","Risaralda","4.80712,-75.684156","N"
"EFECTY ALFONSO LOPEZ VIA KENEDY","ACB308251","Av Santander # 1a-25 Alfonso Lopez","Risaralda","4.810469,-75.679999","N"
"EFECTY CALLE 10","ACB111833","Cl 10 # 8-55","Caldas","5.420736,-75.701709","N"
"MULTIPAGAS","ACB197237","Calle 4bis # 15-49","Risaralda","4.807419,-75.682729","N"
"EFECTY","ACB357958","Cl 23 9a 57","Risaralda","4.874733,-75.620147","N"
"GIROS Y FINANZAS CIRCUNVALAR","ACB024988","Av Circunvalar 4b-38","Risaralda","4.806385,-75.682082","N"
"EFECTY CORREGIMIENTO BONAFONT","ACB274446","Correg Bonafont Plaza Principal","Caldas","5.424247,-75.703337","N"
"EFECTY UTP-CIUDAD JARDIN","ACB305588","Cl 17 # 28-54","Risaralda","4.796017,-75.693674","N"
"EFECTY CR 15 CALLE 15","ACB273500","Cr 15 # 15-50","Risaralda","4.867235,-75.622685","N"
"MULTIPAGAS","ACB199075","Calle 14 14 81","Risaralda","4.866035,-75.622776","N"
"EFECTY","ACB354504","Mz 2 Casa 7 Apto 202 Local 2","Risaralda","4.81161,-75.671367","N"
"GIROS Y FINANZAS SANTA ROSA DE CABAL","ACB020917","Cl 14 # 13-24 Supermercado La Economía","Risaralda","4.866556,-75.620645","N"
"EFECTY DIMONEX PARQUE PRINCIPAL STA ROSA","ACB194663","Cl 12 # 14-75","Risaralda","4.8646,-75.621003","N"
"SANTA ROSA DE CABAL","ACB065886","Calle 12 No 14 27 Local 2","Risaralda","4.864823,-75.620795","N"
"CONEXRED","ACB300693","Carrera 12 14 00 Sector Plaza De Mercado","Risaralda","4.866346,-75.619278","N"
"EFECTY CALLE 13","ACB110711","Cr 13 # 12 13","Risaralda","4.865067,-75.619954","N"
"EFECTY FRAILES SECTOR PATIÑO AMARILES","ACB174566","Mz D1 Casa 5 Brr Alvaro Patiño","Risaralda","4.812787,-75.663058","N"
"EFECTY BARRIO SAN JERONIMO","ACB120578","Cr 15 # 7t-27","Valle Del Cauca","4.702429,-75.92418","N"
"EFECTY EXPRESS BARRIO VILLA SANTANA","ACB309131","Mz 14 Casa 1 Monserrate Villa Santana","Risaralda","4.802903,-75.668267","N"
"EFECTY BARRIO CHIPRE MANIZALES","ACB194795","Cl 11 # 11-40","Caldas","5.074569,-75.525205","N"
"EFECTY ALTOS DE CAMPO HERMOSO 2","ACB274347","Cr 11 # 12b-02","Caldas","5.074239,-75.523852","N"
"EFECTY EXPRESS EFECTY BARRIO ESTAMBUL","ACB308932","Cr 43 # 11-41","Caldas","5.053059,-75.525916","N"
"EFECTY CORREG  SAMARIA - FILADELFIA","ACB161706","Cl 3 # 3-05","Caldas","5.295196,-75.563979","N"
"CONEXRED","ACB275117","Car 20  17 04 Brr Centro","Caldas","5.068875,-75.520767","N"
"EFECTY SERVIENTREGA SUCURSAL CENTRO UNO","ACB078811","Cr 23 # 17-12","Caldas","5.066901,-75.520593","N"
"EFECTY TERMINAL ANTIGUO","ACB078877","Av 19 # 17-18 Lc 102","Caldas","5.07097,-75.520107","N"
"A Y V OFICINA LEONIDAS LONDONO","ACB065457","Kr 21 No 18 06","Caldas","5.068274,-75.520225","N"
"GIROS Y FINANZAS MANIZALES","ACB020225","Cl 19 21-30 L-14 Edif. Leonidas Londoño","Caldas","5.06795,-75.519783","N"
"EFECTY CALLE 20 CON 19","ACB273973","Cl 20 19-44","Caldas","5.069262,-75.518975","N"
"EFECTY RED PLATINUM MANIZALES","ACB150267","Cl 21 15 03","Caldas","5.072211,-75.518438","N"
"EFECTY ARGELIA CRA 6","ACB308196","Cr 6 2-45","Valle Del Cauca","4.723491,-76.119025","N"
"EFECTY CR22 PASAJE CCIAL LA BENEFICENCIA","ACB176360","Cr 22 20-43 L 1a-06","Caldas","5.067765,-75.518678","N"
"EFECTY CENTRO","ACB111811","Cr 4 # 6-15","Caldas","5.295716,-75.561432","N"
"MULTIPAGAS","ACB197183","Carrera 22 # 21-34","Caldas","5.067723,-75.518014","N"
"EFECTY CRA  24 CENTRO PALACIO NACIONAL","ACB078899","Cr 24 # 21-32","Caldas","5.066408,-75.517869","N"
"CONEXRED","ACB275128","Carrera 23  22 18 Barrio Centro","Caldas","5.06705,-75.517342","N"
"EFECTY VILLAMARIA LA PRADERA 2","ACB279133","Cl 4 # 14a-21 La Pradera","Caldas","5.04348,-75.519655","N"
"EFECTY NEIRA","ACB159596","Cl 11 8-63","Caldas","5.16498,-75.517181","N"
"EFECTY TREFILADOS","ACB165568","Cl 6 # 11-27","Caldas","5.04278,-75.517553","N"
"EFECTY SERVIENTREGA PARQUE CALDAS","ACB078855","Cr 22 # 27-03","Caldas","5.067949,-75.514089","N"
"EFECTY PALOGRANDE CALLE 65","ACB270013","Cl 65 N 24-117 Lc 4b Edif. Lindsay","Caldas","5.097639,-75.51235","N"
"EFECTY VERSALLES","ACB307140","Cr 26 N 50-23 Lc 106","Caldas","5.097639,-75.51235","N"
"EFECTY CRA. 22 CENTRO 1","ACB326334","Cr 22 N 28-16 Centro","Caldas","5.097639,-75.51235","N"
"EFECTY CALLE 24 CENTRO","ACB150795","Cl 24 N 21-43 Centro","Caldas","5.097639,-75.51235","N"
"EFECTY FATIMA 3 ESQUINAS","ACB165964","Cr 35 A N. 67 A 10","Caldas","5.097639,-75.51235","N"
"EFECTY OLIMPICA AV. SANTANDER CALLE 50","ACB130247","Av Santander Cl 50 # 23-01","Caldas","5.097639,-75.51235","N"
"EFECTY","ACB352678","Km 11 Via Al Magdalena","Caldas","5.097639,-75.512349","N"
"EFECTY","ACB351556","Cra 33 26 13","Caldas","5.060791,-75.514602","N"
"ACCIONES Y VALORES OFICINA PARQUE CALDAS","ACB065468","Calle 29c 29b 29","Caldas","5.068036,-75.512769","N"
"EFECTY LA 30","ACB123735","Cr 24 # 30-07","Caldas","5.066692,-75.512273","N"
"EFECTY PARQUE FUNDADORES CALLE 32","ACB118775","Cr 23 # 31-57 L 1","Caldas","5.067368,-75.51125","N"
"MULTIPAGAS","ACB196708","Calle 33b # 20-03","Caldas","5.069363,-75.510623","N"
"EFECTY","ACB352667","Calle 33 B 20 03","Caldas","5.06937,-75.510281","N"
"EFECTY DIMONEX VILLAMARIA","ACB152511","Cr 3 7-08","Caldas","5.047158,-75.512426","N"
"GIROS Y FINANZAS FUNDADORES","ACB026100","Cl 33b # 20-03 Local 9911","Caldas","5.068971,-75.509811","N"
"EFECTY EXPRESS DIMONEX BARRIO LINARES 2","ACB271355","Cr 25 # 33a-11","Caldas","5.066198,-75.509818","N"
"ACCIONES Y VALORES CC LOS FUNDADORES","ACB061552","Carrera 20 3b 9922","Caldas","5.069086,-75.509535","N"
"MULTIPAGAS","ACB278912","Calle 10 5 04 Centro","Caldas","5.044387,-75.51198","N"
"EFECTY BARRIO VILLA CARMENZA","ACB276822","Cr 35 39-10 Barrio Villa Carmenza","Caldas","5.059579,-75.509756","N"
"EFECTY CRA 5 VILLAMARIA","ACB322143","Cr 5 # 10-17","Caldas","5.044177,-75.511498","N"
"EFECTY AV PARALELA CON 40","ACB270024","Av Paralela # 40-14","Caldas","5.065176,-75.506196","N"
"EFECTY","ACB199833","Avenida Paralela No 40 14","Caldas","5.065353,-75.505955","N"
"AyV PAGAFACIL TERMINAL MANIZALES","ACB368475","Cr 43  65 100 Los Cambulos Corre 1 Lc 2","Caldas","5.049191,-75.506194","N"
"EFECTY BARRIO PERALONSO","ACB301759","Cl 46 # 12e-21 Br. Peralonso","Caldas","5.071479,-75.49949","N"
"GIROS Y FINANZAS OLÍMPICA","ACB024944","Av Santander Cl 50 # 23-01","Caldas","5.064175,-75.498573","N"
"CONEXRED","ACB193101","Cl 51  22 A 13 Brr Versalles","Caldas","5.064703,-75.497584","N"
"EFECTY DIMONEX BARRIO LA ARGENTINA","ACB326323","Cl 51 # 19-69","Caldas","5.067057,-75.496111","N"
"PF AVENIDA SANTANDER","ACB067909","Carrera 23 No 54   15 Av Santander","Caldas","5.062292,-75.494519","N"
"EFECTY VILLA HERMOSA","ACB152094","Cl 51 C # 11-33","Caldas","5.069887,-75.492681","N"
"AYV MALL PLAZA MANIZALEZ","ACB066513","Cra 14 No 55 D 107 Lc Bh 104","Caldas","5.066614,-75.491895","N"
"EFECTY CENTRO CRA.5","ACB117587","Cr 5 # 7-66","Cundinamarca","4.516572,-74.595279","N"
"EFECTY ANAPOIMA PARQUE CENTRAL","ACB151730","Cr 2 # 4 -60","Cundinamarca","4.550061,-74.534532","N"
"EFECTY ANAPOIMA CRA 5","ACB271508","Cr 5 # 7-16","Cundinamarca","4.553177,-74.534868","N"
"EFECTY CALLE 4","ACB115914","Cl 4 # 9-17 Centro","Cundinamarca","4.460341,-74.635565","N"
"EFECTY EL COLEGIO PARQUE PPAL ESQUINA","ACB125353","Cr 7 # 9-10","Cundinamarca","4.583896,-74.445257","N"
"BANCAMIA MESITAS","ACB062476","Cl 10 No 6 09 El Colegio","Cundinamarca","4.584602,-74.445156","N"
"EFECTY SAN AGUSTIN GALERIA","ACB117598","Cl 14 # 9 09","Cundinamarca","4.376561,-74.670132","N"
"EFECTY PLAZA DE MERCADO LA MESA","ACB301715","Cl 4 # 21-39","Cundinamarca","4.629005,-74.461945","N"
"EFECTY CENTRO COMERCIAL MITANIA","ACB308129","Cl 4a 21- 50","Cundinamarca","4.629793,-74.462401","N"
"EFECTY LA MESA CL DEL COMERCIO CL 5","ACB125342","Cr 21 # 5-14","Cundinamarca","4.630596,-74.462394","N"
"EFECTY LA MESA CALLE 7","ACB194025","Cr 21 # 7-27","Cundinamarca","4.631821,-74.463207","N"
"CONEXRED","ACB300022","Calle 3 21 61","Cundinamarca","4.630685,-74.462204","N"
"CONEXRED","ACB198139","Cl 8   16 24 Brr Centro","Cundinamarca","4.634045,-74.459851","N"
"MULTIPAGAS","ACB196951","Carrera 9 # 12-39","Cundinamarca","4.601464,-74.758825","N"
"EFECTY","ACB350906","Carrera 4  4   37 Ipm San Joaquin","Cundinamarca","4.636897,-74.44747","N"
"MULTIPAGAS","ACB197842","Calle 53 25-31","Cundinamarca","4.643302,-74.749474","N"
"CONEXRED","ACB300121","Calle 67a Sur 18 P 26 Barrio Juan Pablo","Cundinamarca","4.616674,-74.419118","N"
"MULTIPAGAS","ACB197480","Calle 1 # 4-50","Cundinamarca","4.583614,-74.796397","N"
"EFECTY NILO ESCUELA DE SOLDADOS","ACB156296","Km 3 Via Nilo Pueblo Nuevo","Cundinamarca","4.307384,-74.620509","N"
"EFECTY MELGAR ESCUELA DE SUB OFICIALES","ACB121810","Escuela De Suboficiales Inocencio Chinca","Cundinamarca","4.307384,-74.620509","N"
"EFECTY CENTRO ESPRO CALLE 4","ACB117192","Cl 4 # 2-63","Cundinamarca","4.307057,-74.619597","N"
"MULTIPAGAS","ACB197578","Calle 12 # 13-85","Cundinamarca","4.60216,-74.794944","N"
"CONEXRED","ACB303409","Carrera 4  5 41 Barrio Centro","Cundinamarca","4.349617,-74.452735","N"
"MULTIPAGAS","ACB196939","Av. Calle 40 # 13-13","Cundinamarca","4.600837,-74.812228","N"
"EFECTY CENTRO","ACB111547","Cl 10 # 4-54","Cundinamarca","4.404044,-74.386523","N"
"CONEXRED","ACB279001","Carrera  5  6 35","Cundinamarca","4.402632,-74.38602","N"
"CONEXRED","ACB322484","Carrera 14  11 02","Cundinamarca","4.519759,-74.350876","N"
"EFECTY LA GRAN VIA TENA","ACB122581","Tv 4 D # 4-19","Cundinamarca","4.655569,-74.389576","N"
"EFECTY SAN ANTONIO DEL TEQUENDAMA CENTRO","ACB127706","Cl 2 # 2-50","Cundinamarca","4.615468,-74.351854","N"
"EFECTY CARRERA 3","ACB111602","Cr 3 # 2-46","Cundinamarca","4.72966,-74.436698","N"
"EFECTY ANOLAIMA CENTRO","ACB133910","Cl 4 # 4-21","Cundinamarca","4.761547,-74.465394","N"
"EFECTY FUSAGASUGA MAIZ AMARILLO","ACB170858","Cr 64 # 20 -10","Cundinamarca","4.329412,-74.399142","N"
"EFECTY ESCUELA DE POLICIA FEMENINA","ACB168066","Cl 19 # 50-25","Cundinamarca","4.331011,-74.393485","N"
"EFECTY FRENT AL TERM DE TRANSPORTES","ACB301616","Cr 27 # 3 36","Cundinamarca","4.344925,-74.376713","N"
"CONEXRED","ACB355000","Carrera 6 4 50","Cundinamarca","4.352087,-74.361996","N"
"CONEXRED","ACB324662","Carrera 6 4 50","Cundinamarca","4.352087,-74.361996","N"
"EFECTY GIRARDOT SANTA ISABEL","ACB170847","Mz 23 Casa 9 Piso 1","Cundinamarca","4.315823,-74.794151","N"
"EFECTY","ACB352184","Calle 25 37 87","Cundinamarca","4.328698,-74.380771","N"
"CONEXRED","ACB270673","Calle 2 11a 30","Cundinamarca","4.346712,-74.365344","N"
"EFECTY FUSAGASUGA BARRIO VERGEL","ACB301605","Cl 26 B # 3 F-34","Cundinamarca","4.340643,-74.369653","N"
"CONEXRED","ACB300231","Carrera 9 26 78","Cundinamarca","4.347186,-74.364133","N"
"EFECTY PIEDRAS PARQUE PRINCIPAL","ACB123504","Cr 4 # 2-24","Tolima","4.5395,-74.881989","N"
"AYV PF FUSAGASUGA","ACB065084","Calle 8 No 6   13","Cundinamarca","4.352359,-74.359502","N"
"CONEXRED","ACB322583","Carrera 6  23b 01","Cundinamarca","4.347349,-74.361712","N"
"EFECTY CALLE 7 PRINCIPAL","ACB079373","Cl 7 # 7-56","Cundinamarca","4.343422,-74.362805","N"
"BANCAMIA FUSAGASUGA","ACB062256","Cl 7 No 5 49","Cundinamarca","4.344501,-74.361429","N"
"GIROS Y FINANZAS C.C. MANILA","ACB026243","C.c. Manila Trans 12 N # 22-42 Local 115","Cundinamarca","4.333321,-74.37038","N"
"EFECTY ESTADIO","ACB121216","Av 6 # 16-86","Cundinamarca","4.339243,-74.365446","N"
"CONEXRED","ACB275041","Carrera 7  7 10 Barrio Centro","Cundinamarca","4.343276,-74.362242","N"
"EFECTY FUSAGASUGA CATEDRAL","ACB178823","Cr 6 # 6 -24","Cundinamarca","4.343727,-74.361552","N"
"CONEXRED","ACB320196","Carrera 6  7  49","Cundinamarca","4.343334,-74.361703","N"
"EFECTY EXITO MANILA","ACB116498","Tv 12 Con Cl 22","Cundinamarca","4.332437,-74.370228","N"
"CONEXRED","ACB278956","Calle 23  1 B 04 Barrio Santa Barbara","Cundinamarca","4.331237,-74.370939","N"
"CONEXRED","ACB199503","Cr 5 7 51","Cundinamarca","4.343152,-74.360877","N"
"CONEXRED","ACB199514","Cl 23 1 03","Cundinamarca","4.33038,-74.370861","N"
"EFECTY CARRERA 7 SUCURSAL","ACB079384","Cr 7 # 10-26","Cundinamarca","4.340824,-74.362192","N"
"AYV PF CC AVENIDA FUSAGASUGA","ACB067525","Calle 8 N 24   84 Lc 133b Cc Av Fusagasu","Cundinamarca","4.343377,-74.358539","N"
"AYV LA 14 GIRARDOT","ACB066722","Carrera 7 N 33   111 Lc 1  151 Int La 14","Cundinamarca","4.307707,-74.798073","N"
"CONEXRED","ACB192287","Carrera 7 17 25","Cundinamarca","4.33395,-74.364223","N"
"EFECTY FUSAGASUGA CENTRO CRA 6","ACB162136","Cl 20 # 4-78","Cundinamarca","4.329265,-74.36449","N"
"EFECTY FUSAGASUGA LA MACARENA","ACB123856","Cl 25 # 4 A-04","Cundinamarca","4.325295,-74.366247","N"
"EFECTY FUSAGASUGA SANTA BARBARA.","ACB168055","Cr 3 # 22-04 Pi 1","Cundinamarca","4.326893,-74.364535","N"
"CONEXRED","ACB304026","Transversal 2c 22 21","Cesar","4.32696,-74.364323","N"
"GIROS Y FINANZAS ÉXITO CC ALTAVISTA USME","ACB026188","Cr 1# 65 D Sur 58l-103b Int. Éxito","Cundinamarca","4.304008,-74.804086","N"
"EFECTY SANTANDER","ACB325739","Cr 7 A # 22-05","Cundinamarca","4.299241,-74.801385","N"
"MULTIPAGAS","ACB303652","Cra 8  20a   73 B  Granada","Cundinamarca","4.297775,-74.802356","N"
"EFECTY GIRARDOT ESTADIO","ACB152720","Cl 19 Cr 24 Via Nariño","Cundinamarca","4.30552,-74.813086","N"
"EFECTY CARRERA 10","ACB122008","Cr 10 # 18 -72 Local 102","Cundinamarca","4.296661,-74.805496","N"
"EFECTY CARRERA 11 EFECTY PRINCIPAL","ACB078558","Cl 18 # 11-02","Cundinamarca","4.297168,-74.806494","N"
"EFECTY BARRIO LA ESTACION","ACB323210","Cr 17 # 18-84 Local 101 B. La Estacion","Cundinamarca","4.299802,-74.809322","N"
"MULTIPAGAS","ACB197282","Calle 13 # 8-68","Cundinamarca","4.581087,-74.897611","N"
"ACCIONES Y VALORES PF OFICINA GIRARDOT","ACB065062","Cra 10 No 17 01 B Centro","Cundinamarca","4.295822,-74.806245","N"
"EFECTY GIRARDOT ALTO DE LA CRUZ CALLE 16","ACB163346","Cl 16 # 5-01","Cundinamarca","4.292545,-74.803079","N"
"EFECTY GIRARDOT CENTRO 16","ACB078569","Cl 16 # 9-07","Cundinamarca","4.294568,-74.806302","N"
"EFECTY AMBALEMA","ACB114188","Cl 8 # 5-15","Tolima","4.780968,-74.765879","N"
"EFECTY OLIMPICA GIRARDOT","ACB130159","Cr 9 Cl 14 Esquina","Cundinamarca","4.293614,-74.806651","N"
"EFECTY TOLEMAIDA FUDRA","ACB174160","Tolemaida Fudra","Cundinamarca","4.223413,-74.685003","N"
"GIROS Y FINANZAS GIRARDOT","ACB020962","Cl. 14 Cr 9 Esq. Int. Almacén Olímpica","Cundinamarca","4.293319,-74.806646","N"
"AyV PF GIRARDOT LA COLINA","ACB067163","Carrera 24 No 9   33 Lc 101","Cundinamarca","4.30181,-74.816965","N"
"EFECTY SERVIENTREGA CALLE 7","ACB110733","Cr 23 # 5-41 Local 1","Tolima","4.206077,-74.642435","N"
"EFECTY","ACB116355","Calle 8 No 19 10 L 7","Tolima","4.205527,-74.639361","N"
"EFECTY GALAN","ACB199943","Cl 8 # 25-25 Local 1","Tolima","4.20334,-74.641751","N"
"PAGAFACIL MELGAR","ACB066382","Cll 7 No. 26 - 17","Tolima","4.203428,-74.643033","N"
"EFECTY SAN JUAN DE RIO SECO PARQUE PPAL","ACB114067","Cr 6 # 3-30","Cundinamarca","4.845193,-74.621863","N"
"EFECTY","ACB152368","Carrera 8 6 40","Cundinamarca","4.487268,-74.263199","N"
"EFECTY CARRERA 7","ACB111921","Cr 7 # 9 B-24","Cundinamarca","4.491628,-74.258954","N"
"EFECTY SIBATE EDS TERPEL","ACB116706","Cr 7 # 10-95 L-4 Estacion De Serv Terpel","Cundinamarca","4.492881,-74.258673","N"
"EFECTY CALLE 3","ACB120017","Av 3 # 4-22","Cundinamarca","4.191483,-74.485214","N"
"EFECTY CENTRO","ACB115673","Cr 6 # 6-33 Centro","Tolima","4.178077,-74.533049","N"
"EFECTY SOACHA QUINTAS DE SANTA ANA","ACB177064","Cr 24 A Sur # 1 A 29","Cundinamarca","4.574122,-74.246052","N"
"EFECTY CIUDAD LATINA DIAGONAL 2","ACB302310","Dg 2 # 20-15","Cundinamarca","4.576196,-74.242847","N"
"EFECTY SOACHA VILLA ESPERANZA","ACB156207","Cl 1 # 17 B-02","Cundinamarca","4.574427,-74.241404","N"
"CONEXRED","ACB320075","Calle 29 Sur  13a  38","Cundinamarca","4.569271,-74.239402","N"
"EFECTY SOACHA DUCALES CALLE 11","ACB308064","Cl 11 Sur # 12 B-15","Cundinamarca","4.564444,-74.236461","N"
"EFECTY SOACHA COMPARTIR PARADERO","ACB162280","Cl 18 Sur # 13 G-26","Cundinamarca","4.573061,-74.237365","N"
"EFECTY PASCA CENTRO","ACB174126","Cl 7 # 7 -17","Cundinamarca","4.308661,-74.302264","N"
"EFECTY SOACHA COLEGIO JUAN PABLO II","ACB174104","Cr 7 # 13 B-04 Sur","Cundinamarca","4.563741,-74.233932","N"
"EFECTY CALLE 4","ACB113208","Cl 4 # 3-46","Tolima","4.5667,-74.953535","N"
"CONEXRED","ACB309593","Transversal 11c Sur  6b  80","Cundinamarca","4.561649,-74.232481","N"
"EFECTY SOACHA NEMESIS","ACB139707","Cr 9 # 9 28 Sur","Cundinamarca","4.564519,-74.231829","N"
"EFECTY SOACHA DUCALES TRANSVERSAL 11","ACB302309","Tv 11 A 7-23 Sur","Cundinamarca","4.56827,-74.230658","N"
"EFECTY SOACHA COMPARTIR CALLE 7 A SUR","ACB162763","Cl 7a Sur # 12-85","Cundinamarca","4.5702,-74.230387","N"
"EFECTY","ACB350939","Carrera 22  5   45","Cundinamarca","4.725714,-74.284156","N"
"EFECTY QUINTANARES ENTRADA","ACB122646","Cr 7 # 4-42","Cundinamarca","4.58218,-74.225462","N"
"EFECTY SOACHA AUTOSUR CRA 4","ACB175996","Cr 4 # 5 -46","Cundinamarca","4.575298,-74.223873","N"
"EFECTY BARRIO LA PAZ CALLE 5","ACB309009","Cl 5 Sur 1-67","Cundinamarca","4.808185,-74.354707","N"
"CONEXRED","ACB278989","Calle 2  1  05 Barrio Centro","Cundinamarca","4.806246,-74.352056","N"
"EFECTY SOACHA EL ALTICO","ACB170881","Cl 6# 3-b 12","Cundinamarca","4.574939,-74.223303","N"
"EFECTY SOACHA INSPECCION EL CHARQUITO","ACB194542","Cr 1 # 3-164","Cundinamarca","4.571334,-74.222451","N"
"EFECTY FACATATIVA PARQUE PRINCIPAL","ACB122822","Cr 2 # 5-23","Cundinamarca","4.809258,-74.354445","N"
"EFECTY CENTRO EFECTY PRINCIPAL","ACB121898","Cr 2 # 7-89","Cundinamarca","4.810909,-74.356367","N"
"ACCIONES Y VALORES PF OFICINA FACATATIVA","ACB064797","Kr 2 No 6  96","Cundinamarca","4.810345,-74.35557","N"
"CONEXRED","ACB303146","Calle 6 Sur  24","Cundinamarca","4.733376,-74.284289","N"
"CONEXRED","ACB320130","Calle 15  19b  04","Cundinamarca","4.81592,-74.362067","N"
"EFECTY SOACHA HOGARES COMPENSAR","ACB307205","Tv 18 H # 7 62","Cundinamarca","4.58863,-74.224268","N"
"EFECTY SECTOR PARADEROS","ACB326224","Cr 2 N. 12-10","Cundinamarca","4.814769,-74.359803","N"
"EFECTY","ACB354526","Cra 2 N  12 10","Cundinamarca","4.8148,-74.359717","N"
"CONEXRED","ACB199525","Cl 6 3 07","Cundinamarca","4.810447,-74.354117","N"
"EFECTY SOACHA SATELITE","ACB160518","Dg 9 # 6-119","Cundinamarca","4.580451,-74.221732","N"
"EFECTY FACA BARRIO CHAPINERO","ACB308262","Cl 3 # 4-109 Loc 101","Cundinamarca","4.809921,-74.351219","N"
"AYV BANCAMIA FACATATIVA","ACB062191","Carrera 6 No 4   82","Cundinamarca","4.811638,-74.353081","N"
"EFECTY CALLE 8 SECTOR PLAZA DE MERCADO","ACB301506","Cl 8 # 4a-51","Cundinamarca","4.81343,-74.355135","N"
"MULTIPAGAS","ACB278044","Calle 7b N 5 87","Cundinamarca","4.813442,-74.354295","N"
"EFECTY PARQUE PRINCIPAL","ACB111569","Cl 12 # 7-29","Cundinamarca","4.581713,-74.220177","N"
"CONEXRED","ACB198294","Cl 12   7  09 Brr Centro","Cundinamarca","4.581633,-74.220053","N"
"EFECTY","ACB352261","Calle 12 3b 42","Cundinamarca","4.578309,-74.2191","N"
"PAGAFACIL FACATATIVA II","ACB066348","Carrera 5 13 50 Centro Comercial","Cundinamarca","4.817631,-74.358191","N"
"EFECTY FACATATIVA COLISEO","ACB308273","Cr 7 # 5-37-95","Cundinamarca","4.812997,-74.351411","N"
"EFECTY MADRID SOCIEGO CENTRO DE SALUD","ACB169870","Cr 22 # 1-51","Cundinamarca","4.732932,-74.278595","N"
"EFECTY","ACB358223","Cra 93 No 128b 25","Cundinamarca","4.730456,-74.276895","N"
"EFECTY CENTRO CARRERA 7","ACB121283","Cl 14 # 7-21","Cundinamarca","4.582202,-74.218287","N"
"CONEXRED","ACB273126","Calle 13  36c 61  Ad 1 Barrio Amapola","Cundinamarca","4.5779,-74.216538","N"
"EFECTY SOACHA FRENTE A MAYORISTA","ACB304488","Cl 15 # 3 A 35 Piso 2","Cundinamarca","4.579413,-74.216453","N"
"EFECTY FACATATIVA FISCALIA CRA 8","ACB164831","Cr 8 # 12-46","Cundinamarca","4.819363,-74.355828","N"
"EFECTY CENTRO COMERCIAL PRADO VERDE","ACB169847","Tv 40 # 18-77 Lc 142","Cundinamarca","4.569284,-74.214452","N"
"EFECTY SOACHA CARRERA 23","ACB306260","Cl 45c 23a 85","Cundinamarca","4.569284,-74.214452","N"
"EFECTY CIUDAD VERDE CC MIRAFLORES","ACB274808","Tv 32 # 24 -60-70 Local 1","Cundinamarca","4.569284,-74.214452","N"
"EFECTY SOACHA TIBANICA","ACB123461","Cl 34 Nª 1a-82 Casa 222","Cundinamarca","4.569284,-74.214452","N"
"EFECTY SOACHA ENTRADA SAN MATEO UNISUR","ACB170870","Av 30 # 2 A 14","Cundinamarca","4.569284,-74.214452","N"
"EFECTY FACA LOS CEREZOS","ACB326235","Cl 15 # 8-35 Local 3","Cundinamarca","4.822347,-74.358479","N"
"CONEXRED","ACB303388","Carrera 12  7a 50 Barrio San Brano","Cundinamarca","4.816614,-74.350087","N"
"EFECTY SOACHA VILLA CLARA","ACB167856","Cl 18 # 11a-20","Cundinamarca","4.586432,-74.215737","N"
"EFECTY SOACHA CRA 7 FISCALIA","ACB131699","Cr 7 # 17-94","Cundinamarca","4.58251,-74.215059","N"
"CONEXRED","ACB303377","Transversal 10  1a Este421","Cundinamarca","4.811414,-74.34363","N"
"EFECTY SOACHA SANTA MARIA I","ACB162147","Cr 1 B Este # 17-04","Cundinamarca","4.577458,-74.212556","N"
"EFECTY FACATATIVA PORTAL DE MARIA","ACB301496","Tv 11 # 5-04 Este Mz 5 Ca 30","Cundinamarca","4.811756,-74.340588","N"
"EFECTY SOACHA CC MIRAFLORES ISLA","ACB274819","Tv 32 # 24- 60-70","Cundinamarca","4.607142,-74.217446","N"
"EFECTY FACATATIVA BARRIO LLANO DEL TUNJO","ACB304664","Cl 15 # 17-15 To 1 Lc 2","Cundinamarca","4.825895,-74.356294","N"
"EFECTY ESCUELA DE COMUNICACIONES","ACB115705","Cl 5 # 14 B 42","Cundinamarca","4.819883,-74.348224","N"
"EFECTY CALLE 4","ACB112142","Cl 4 # 4-03","Tolima","4.720115,-74.926634","N"
"EFECTY EXPRESS DIMONEX VENADILLO","ACB274161","Cl 5 # 5-29 Barrio Santa Bar","Tolima","4.719232,-74.927533","N"
"CONEXRED","ACB324651","Calle 15  19 162","Cundinamarca","4.829174,-74.354293","N"
"CONEXRED","ACB354999","Calle 15  19 162","Cundinamarca","4.829174,-74.354293","N"
"CONEXRED","ACB271618","Carrera 4 No 28 10 Local 022 Barrio San","Cundinamarca","4.585068,-74.206871","N"
"GIROS Y FINANZAS VENTURA TERREROS","ACB020698","Cr 3 # 29 A-02 C.c. Unisur Soacha","Cundinamarca","4.584125,-74.206225","N"
"CONEXRED","ACB300198","Calle 7 8 16 Local 21 Centro Comercial L","Cundinamarca","4.734338,-74.264104","N"
"EFECTY MADRID AV PRINCIPAL CALLE 7","ACB120567","Cl 7 # 4-49","Cundinamarca","4.731804,-74.262042","N"
"EFECTY BOSA SAN DIEGO","ACB152698","Cl 85a Sur # 78-79 Int 135","Cundinamarca","4.612138,-74.211178","N"
"EFECTY SAN MATEO PLAZA CRA 3","ACB130445","Cr 3 Este # 29 B-58","Cundinamarca","4.581664,-74.204967","N"
"MULTIPAGAS","ACB303685","Calle 7  4   62","Cundinamarca","4.732405,-74.261784","N"
"CONEXRED","ACB198546","Kr 102   70 76 Brr Alamos Norte","Cundinamarca","4.610158,-74.20999","N"
"EXITO ANTARES SOACHA","ACB065589","Transversal 7c  30e 118 Soacha","Cundinamarca","4.587723,-74.205407","N"
"CONEXRED","ACB322341","Calle 8  6  36","Cundinamarca","4.734016,-74.262433","N"
"EFECTY MADRID PLAZA MADRID","ACB168220","Cl 7 # 1-03 Lc 102","Cundinamarca","4.730252,-74.259509","N"
"AYV CC MERCURIO","ACB066865","Calle 65 Sur Numero 78 H 54 Local 110","Cundinamarca","4.589039,-74.204969","N"
"EFECTY DIMONEX MADRID CEDRITOS","ACB322945","Cr 6 D 9 11","Cundinamarca","4.734606,-74.261586","N"
"EFECTY DIMONEX CL 4","ACB195004","Cl 4 # 6 -47","Tolima","4.148414,-74.721966","N"
"EFECTY CARMEN DE APICALA CRA 8","ACB171640","Cl 4 # 8 -56 Lc 1","Tolima","4.14798,-74.720749","N"
"EFECTY MADRID CL 12 FRENTE AL HOSPITAL","ACB123625","Cl 12 Nª 5-85","Cundinamarca","4.734833,-74.259564","N"
"EFECTY SAN MATEO AVDA 30","ACB111558","Av Cl 30 # 8 B 12 Este","Cundinamarca","4.577953,-74.200587","N"
"EFECTY HOSPITAL IGLESIA SAN MATEO","ACB122679","Cr 9 Este # 30-61 Ex 2","Cundinamarca","4.577995,-74.200048","N"
"EFECTY MADRID LA ESPERANZA","ACB156526","Cl 15 # 2 A-44","Cundinamarca","4.733473,-74.25589","N"
"EFECTY SOACHA AV TERREROS","ACB171749","Dg 35 # 12 -01","Cundinamarca","4.589721,-74.200058","N"
"EFECTY SOACHA SAN MATEO SUMAPAZ","ACB175985","Cr 7 E # 32 C 21","Cundinamarca","4.580733,-74.198118","N"
"EFECTY BOSA ESPERANZA CR 80 J SUR","ACB301100","Cr 80 J # 75-53 Sur","Cundinamarca","4.609935,-74.203633","N"
"EFECTY BOSA MANZANARES II","ACB323737","Cr 80 J # 74 D 03 Sur","Cundinamarca","4.609428,-74.202698","N"
"CONEXRED","ACB300220","Kilometro 14 Autopista Medellin Barrio P","Cundinamarca","4.735146,-74.253947","N"
"EFECTY MADRID SAN PABLO","ACB301748","Cr 2 Este # 19-59","Cundinamarca","4.731446,-74.251497","N"
"CONEXRED","ACB322550","Calle 78 Sur  9021","Cundinamarca","4.624904,-74.205164","N"
"EFECTY","ACB355527","Cra 78 C  73   46 Sur","Cundinamarca","4.604068,-74.199427","N"
"EFECTY BOSA CARLOS ALBAN","ACB324606","Cr 78 C # 73-46 Sur","Cundinamarca","4.604032,-74.199397","N"
"EFECTY MADRID SAN PEDRO","ACB177086","Cl 21 # 3 -27","Cundinamarca","4.735195,-74.252005","N"
"EFECTY SOACHA LEON XIII - 2","ACB274260","Cl 42 # 7 -05","Cundinamarca","4.59141,-74.196042","N"
"EFECTY BOSA. NARANJOS T","ACB178153","Tv 79 D # 73 A 19 Sur","Cundinamarca","4.606594,-74.198927","N"
"CONEXRED","ACB279430","Trasve 79 D Sur 73 16 Barr Bosa Carbonel","Cundinamarca","4.606933,-74.198966","N"
"EFECTY BOSA METROVIVIENDA","ACB152182","Cr 98 B # 73-15 Sur Lote 9 Casa 248","Cundinamarca","4.632408,-74.20519","N"
"EFECTY SOACHA OLIVOS I SECTOR","ACB139851","Cr 24 # 45f 68","Cundinamarca","4.599283,-74.196902","N"
"EFECTY","ACB350940","Cra 6 16   20 Brr Los Angeles","Cundinamarca","4.740264,-74.253642","N"
"EFECTY BOSA LAURELES III.","ACB325971","Cl 73 Sur # 80 J-08","Cundinamarca","4.6082,-74.197949","N"
"CONEXRED","ACB303739","Carrera 93d  72  47","Cundinamarca","4.628692,-74.202601","N"
"EFECTY","ACB358003","Calle 72 B Sur  80 I   71","Cundinamarca","4.607748,-74.197279","N"
"CONEXRED","ACB270651","Calle 72 B Sur  80i 71","Cundinamarca","4.607812,-74.197248","N"
"EFECTY","ACB302321","Calle 47  8   07","Cundinamarca","4.592898,-74.194246","N"
"EFECTY","ACB350928","Calle 5 5  95 T:8 Loc: 5","Cundinamarca","4.71245,-74.235347","N"
"EFECTY BOSA LAURELES CRA 81 SUR","ACB174049","Cr 81 # 72 A-27 Sur","Cundinamarca","4.610507,-74.197067","N"
"CONEXRED","ACB320042","Diagonal 72 Sur  88 17","Cundinamarca","4.621987,-74.199643","N"
"AYV PF PARQUE MOSQUERA","ACB067295","Calle 2a No 1 70","Cundinamarca","4.704294,-74.230035","N"
"CONEXRED","ACB273610","Calle71 Sur 10251barriociudadelaelrecreo","Cundinamarca","4.630489,-74.201205","N"
"EFECTY EXPRESS PAGOS SOACHA MALIBU","ACB322011","Cl 5 Bis # 4b-09","Cundinamarca","4.585935,-74.190962","N"
"EFECTY SOACHA JULIO RINCON","ACB178779","Tv 9 Este 44 -30","Cundinamarca","4.583695,-74.190606","N"
"EFECTY BOSA HUMBERTO VALENCIA","ACB174038","Cl 72 A # 82-03 Sur","Cundinamarca","4.612609,-74.196117","N"
"EFECTY BOSA VILLAS DEL PROGRESO","ACB320635","Cl 71 Sur # 89 A-09","Cundinamarca","4.626083,-74.19945","N"
"EFECTY PRINCIPAL CARRERA 3","ACB111459","Cl 3 # 1-20","Cundinamarca","4.70472,-74.229075","N"
"EFECTY BOSA C.C. METRO RECREO.","ACB075984","Cr 97c # 69a-08 Sur Local 103","Cundinamarca","4.633001,-74.200901","N"
"EFECTY LEON XIII COLEGIO COLOMBO LATINO","ACB173961","Cl 53 # 10 -33","Cundinamarca","4.596136,-74.191167","N"
"EFECTY BOSA LAS MARGARITAS","ACB177877","Cr 92 # 69-10 Sur","Cundinamarca","4.629189,-74.197809","N"
"EFECTY BOSA REGISTRADURIA II","ACB308185","Cr 78 C # 69 B-90 Sur","Cundinamarca","4.602184,-74.191047","N"
"EFECTY","ACB357837","Calle 69 88i  03 Sur","Cundinamarca","4.625572,-74.1964","N"
"EFECTY SOACHA LA DESPENSA","ACB177217","Cl 12 # 9-50","Cundinamarca","4.595047,-74.189284","N"
"EFECTY BOSA DESPENSA I","ACB276592","Cl 69 A Bis A # 77 J-73 Sur","Cundinamarca","4.60042,-74.190153","N"
"EFECTY SAN BERNANDINO CR 100 A","ACB279089","Cr 100 A # 61-15 Sur Mz 6 Casa 173","Cundinamarca","4.63836,-74.198774","N"
"BANCAMIA BOSA","ACB061925","Transversal 78l No 69c 02 Sur","Cundinamarca","4.60348,-74.19002","N"
"EFECTY","ACB351017","Cra 12  8b 02","Cundinamarca","4.714372,-74.229908","N"
"EFECTY","ACB356078","Cra 12  8b 02","Cundinamarca","4.714372,-74.229908","N"
"EFECTY FERNANDO MAZUERA","ACB307106","Cl 68 A Sur # 80 H-32","Cundinamarca","4.607037,-74.190569","N"
"CONEXRED","ACB199493","Cr 36a 12 71 Local 36 A","Cundinamarca","4.584352,-74.186171","N"
"EFECTY BOSA SAN PABLO","ACB174016","Cr 77 J Bis # 68 Sur -03","Cundinamarca","4.599084,-74.188601","N"
"EFECTY BOSA ATALAYAS III","ACB301078","Cr 96 # 61 A-11 Sur","Cundinamarca","4.633994,-74.196823","N"
"EFECTY SOACHA CALLE 42","ACB323870","Cl 42 8-36","Cundinamarca","4.580332,-74.183726","N"
"EFECTY MOSQUERA VIRREYES","ACB170979","Cl 10 # 6 -86 Pso 2","Cundinamarca","4.712935,-74.226507","N"
"EFECTY CARREFOUR BOSA","ACB072871","Cr 92 # 60-90 Sur Local 22","Cundinamarca","4.630817,-74.193962","N"
"EFECTY BOSA NOVA","ACB177679","Cr 87 C # 62 B-21 Sur","Cundinamarca","4.622392,-74.191204","N"
"CONEXRED","ACB273577","Calle57sur102a22 Barrio Bosa El Recuerdo","Cundinamarca","4.640998,-74.196046","N"
"EFECTY EXPRESS BOSA PRIMAVERAL SUR","ACB308118","Cl 59 C Sur # 89 Bis A-52","Cundinamarca","4.628381,-74.192153","N"
"EFECTY EXPRESS EFECTY LIBERTAD SUR","ACB322769","Cl 59 C Sur # 87 J-22 Local 2","Cundinamarca","4.624632,-74.190484","N"
"EFECTY TROPEZON CL 62 SUR II","ACB301001","Cl 62 Sur# 86 B-60","Cundinamarca","4.62031,-74.1893","N"
"EFECTY BOSA LA AMISTAD","ACB178131","Cl 65 F Sur # 78-04","Cundinamarca","4.600398,-74.18485","N"
"CONEXRED","ACB270947","Calle 13 4 A 30 Brr Serrezuelita","Cundinamarca","4.71601,-74.225737","N"
"EFECTY MOSQUERA EL TREBOL","ACB170968","Cr 3 # 13-15","Cundinamarca","4.711571,-74.223145","N"
"EFECTY BOSA LA PAZ","ACB320482","Cr 82 F # 62-09 Sur","Cundinamarca","4.615919,-74.187555","N"
"EFECTY BOSA PORTADA II","ACB278242","Cl 58 A Sur # 88 H-38","Cundinamarca","4.628083,-74.190477","N"
"EFECTY EXPRESS BOSA LIBERTAD CLL 59 SUR","ACB326037","Cl 59 C Sur # 87 C -14","Cundinamarca","4.623089,-74.189089","N"
"EFECTY BOSA CALDAS","ACB075632","Cl 56 H Sur # 93 C-98","Cundinamarca","4.634901,-74.191509","N"
"GIROS Y FINANZAS BOGOTA CCIAL GRAN PLAZA","ACX026342","Calle 65 Sur No. 78 H 51","Cundinamarca","4.604812,-74.184151","N"
"PAGAFACIL BOSA","ACB065622","Cl 65 Sur No 78 L 64 Bosa","Cundinamarca","4.606051,-74.184137","N"
"EFECTY BOSA EL PARAISO","ACB154315","Cl 58 C Sur # 87 F-15","Cundinamarca","4.623946,-74.188234","N"
"EFECTY DIMONEX LAS HUERTAS CL 61 SUR","ACB308086","Cl 61 C # 77 A-11 Sur","Cundinamarca","4.590008,-74.180981","N"
"EFECTY VILLA MARIA TRANSVERSAL 15","ACB169935","Tv 15a # 8 -65","Cundinamarca","4.715914,-74.22346","N"
"ACCIONES Y VALORES OFICINA ECOPLAZA","ACB065370","Kr 3 No 15 A 57 C C Eco Plaza Lc 148","Cundinamarca","4.712805,-74.221427","N"
"AYV EXITO BOSA 2","ACB066854","Calle 65 Sur Numero 78 H 54 Local 110","Cundinamarca","4.604771,-74.183254","N"
"EFECTY BOSA LA CABAÑA","ACB153699","Ak 89 B # 56 H-04 Sur","Cundinamarca","4.630911,-74.18944","N"
"MULTIPAGAS","ACB199536","Calle 55 # 7-07","Cundinamarca","4.571472,-74.177682","N"
"ACCIONES Y VALORES EXITO BOSA","ACB061530","Cl 65 Sur No 78h 54 Exito Bosa","Cundinamarca","4.605155,-74.183025","N"
"EFECTY BOSA GUARILOCHE","ACB173972","Cl 65 Sur # 78-04","Cundinamarca","4.600919,-74.181731","N"
"EFECTY BOSA HOLANDA","ACB072936","Cl 57 Sur # 87 I-18","Cundinamarca","4.626044,-74.187343","N"
"EFECTY MOSQUERA CC SERREZUELITA","ACB151026","Cr 5 Este # 18 -50 Local 102","Cundinamarca","4.707977,-74.217653","N"
"EFECTY MOSQUERA VILLANUEVA CENTRO","ACB322967","Cl 20 # 4 A 19","Cundinamarca","4.713832,-74.220519","N"
"CONEXRED","ACB322671","Calle 54c Sur  100 24","Cundinamarca","4.642663,-74.191302","N"
"EFECTY C.C. VILLA NUEVA CALLE 13","ACB115529","Cr 3 # 19-60","Cundinamarca","4.712842,-74.219544","N"
"EFECTY EL CORZO CR 93 SUR","ACB324112","Cr 93 C # 54 F-48 Sur","Cundinamarca","4.634728,-74.188751","N"
"EFECTY BOSA BRASIL CR 86 SUR","ACB139763","Cr 86a # 57b 39 Sur","Cundinamarca","4.621155,-74.184956","N"
"EFECTY PORVENIR SUR","ACB301045","Cr 93 C # 54 D-24 Sur","Cundinamarca","4.634963,-74.188193","N"
"EFECTY CIUDAD BOLIVAR CALLE 59 A SUR","ACB308075","Cl 59 A Sur # 75 L 40","Cundinamarca","4.59262,-74.17856","N"
"EFECTY","ACB307096","Cra 100  50 B   45 Sur","Cundinamarca","4.64322,-74.189878","N"
"EFECTY EXPRESS EFECTY MOSQUERA EL RUBI 1","ACB304873","Cl 19 B # 12 E 13 Brr Rubi","Cundinamarca","4.703825,-74.213372","N"
"EFECTY BOSA PORVENIR CALLE 54 C SUR","ACB277339","Cl 54 C # 88 I-98 Sur","Cundinamarca","4.631346,-74.185897","N"
"CONEXRED","ACB198360","Kr 94 B   60 A 15  Sur Brr Atalayas","Cundinamarca","4.6367,-74.187135","N"
"EFECTY BOSA DANUBIO CRA 87 SUR","ACB320503","Cr 87 # 55b-23 Sur","Cundinamarca","4.623772,-74.183546","N"
"EFECTY BOSA JOSE ANTONIO GALAN","ACB074147","Cl 58m # 79b-02","Cundinamarca","4.607972,-74.179559","N"
"EFECTY","ACB357925","Cra 75 C  62   04 Sur","Cundinamarca","4.590623,-74.176076","N"
"CONEXRED","ACB300044","Carrera 13 7 A 39 Barrio Serresuelita","Cundinamarca","4.714658,-74.217127","N"
"EFECTY BOSA LA PAZ CRA 84","ACB154678","Cr 84 # 56 B-10 Sur","Cundinamarca","4.618931,-74.181485","N"
"EFECTY SECTOR WAYRA VARIANTE","ACB322990","Cl 9 N. 10-01 Lc 1 Brr La Cita","Cundinamarca","4.711647,-74.214065","N"
"EFECTY ESTANCIA KRA 75","ACB165700","Cr 75 # 57 R-50 Sur Lc 4","Cundinamarca","4.595341,-74.175238","N"
"EFECTY FUNZA BARRIO PORVENIR","ACB324596","Cl 9 # 5 -25","Cundinamarca","4.706045,-74.211056","N"
"EFECTY BOSA BRASIL CR 88 C","ACB173983","Cr 88 C # 52-26 Sur Local 1","Cundinamarca","4.629991,-74.182174","N"
"EFECTY CHAGUYA PEATONAL","ACB306336","Av Cr 13-10 64 Loc 103","Cundinamarca","4.71495,-74.214729","N"
"EFECTY CARACOLI CIUDAD BOLIVAR","ACB076457","Cl 76 Sur # 73 C 18","Cundinamarca","4.574228,-74.170981","N"
"EFECTY CENTRO COMERCIAL TREBOLI","ACB139170","Cr 95a # 49c-80 Sur Local 111","Cundinamarca","4.639083,-74.184019","N"
"EFECTY BOSA PORVENIR CRA 89 CON 50 B","ACB308130","Cr 90 # 49d-93 Sur","Cundinamarca","4.634032,-74.182521","N"
"EFECTY LA ESTANCIA","ACB074741","Cl 60 A Sur # 74-25","Cundinamarca","4.591837,-74.172973","N"
"EFECTY FUNZA SERREZUELITA CARRERA 6","ACB156746","Cr 6 12 -19","Cundinamarca","4.708298,-74.210125","N"
"EFECTY BOSA BRASILIA CL 51 SUR","ACB302738","Cl 51 Sur # 87 K-16","Cundinamarca","4.629823,-74.18072","N"
"MULTIPAGAS","ACB197491","Carrera 4 # 28-10","Cundinamarca","4.762559,-74.24168","N"
"EFECTY","ACB358180","Avenida Carrera 24 No 7 32 Sur Local 102","Cundinamarca","4.607804,-74.17532","N"
"CONEXRED","ACB320174","Carrera 29 13 42","Cundinamarca","4.731403,-74.221785","N"
"BANCAMIA FUNZA","ACB062245","Calle 13 77","Cundinamarca","4.7166,-74.212706","N"
"EFECTY DIAGONAL CONCHA ACUSTICA","ACB323496","Cl 13 # 17-38","Cundinamarca","4.718487,-74.213659","N"
"EFECTY DIMONEX BOSA SUR I","ACB306941","Cl 52a # 83-32 Sur","Cundinamarca","4.622884,-74.177429","N"
"EFECTY","ACB306062","Cra 18l No 66 19 Sur","Cundinamarca","4.623115,-74.177456","N"
"EFECTY BOSA BRASILIA SUR","ACB278264","Cr 85 # 51 D -06 Sur","Cundinamarca","4.623453,-74.177296","N"
"CONEXRED","ACB303740","Calle 13  2  42","Cundinamarca","4.703436,-74.205646","N"
"EFECTY VILLA PAOLA","ACB322978","Cl 15 # 24-39 Brr Villa Paola","Cundinamarca","4.72645,-74.217261","N"
"EFECTY BOSA LAS MARGARITAS","ACB076116","Cl 49 Sur # 89-27","Cundinamarca","4.633871,-74.179665","N"
"EFECTY","ACB352557","Cl 14  11   38","Cundinamarca","4.715124,-74.211081","N"
"EFECTY CHAGUANI CENTRO","ACB168990","Cr 5 # 2 -71","Cundinamarca","4.949235,-74.595193","N"
"EFECTY FUNZA EL LAGO","ACB171013","Cl 15 # 17 A-45","Cundinamarca","4.719808,-74.213188","N"
"EFECTY FUNZA CALLE 15","ACB136946","Cl 15 # 14-01","Cundinamarca","4.717472,-74.211761","N"
"CONEXRED","ACB322406","Diagonal 49 Sur  86a  77","Cundinamarca","4.62704,-74.177265","N"
"EFECTY","ACB323748","Transv 50  76   76 Sur","Cundinamarca","4.572798,-74.166874","N"
"CONEXRED","ACB279814","Carrera 4 3 26 Barrio Centro","Cundinamarca","4.949897,-74.594557","N"
"EFECTY CRA 73 CON 64 A","ACB190977","Cr 73 # 64 A-18 Sur","Cundinamarca","4.585401,-74.168314","N"
"EFECTY TELECOMUNICACIONES CALLE 56A","ACB195400","Cl 56 A- 78k-33 Sur","Cundinamarca","4.61035,-74.172791","N"
"EFECTY FUNZA BARRIO LA FORTUNA","ACB174072","Cl 15 # 4-31","Cundinamarca","4.708193,-74.206157","N"
"EFECTY ARBORIZADORA CAI","ACB178306","Cr 43 # 74 A-03 Sur","Cundinamarca","4.568361,-74.165181","N"
"CONEXRED","ACB270804","Carrera 80 Sur 53 20","Cundinamarca","4.615419,-74.172913","N"
"EFECTY PARAISO CL 71 P SUR","ACB325850","Cl 71 P # 27 M-09 Sur","Cundinamarca","4.549308,-74.163371","N"
"EFECTY SIERRA MORENA","ACB134340","Cl 70 Sur N. 72b-06","Cundinamarca","4.579166,-74.166207","N"
"CONEXRED","ACB322473","Calle 73c Sur 45c2","Cundinamarca","4.571022,-74.164539","N"
"EFECTY COLSUBSIDIO ROMA SUR","ACB273731","Cl 53 Sur # 79 C-06 Lc 3","Cundinamarca","4.614617,-74.171712","N"
"EFECTY CATALINA SUR","ACB301067","Cr 77 L # 54 A -11 Sur","Cundinamarca","4.606637,-74.169491","N"
"EFECTY PERDOMO","ACB072761","Cl 63 Sur # 71 F-86","Cundinamarca","4.588109,-74.166147","N"
"EFECTY BRITALIA CLL 49 SUR","ACB177932","Cl 49 Sur # 81 D-36","Cundinamarca","4.622327,-74.172653","N"
"EFECTY AV. 9 CALLE 14 VARIANTE PRINCIPAL","ACB114397","Av 9 # 14-87","Cundinamarca","4.716474,-74.20714","N"
"EFECTY FUNZA CENTRO","ACB126464","Av 13 # 12-57","Cundinamarca","4.716475,-74.20714","N"
"EFECTY","ACB352568","Via Siberia Funza 800 Metros","Cundinamarca","4.716475,-74.20714","N"
"EFECTY FUNZA PAR INDUSTRIAL PERU JAPON","ACB167890","Km 2 Via Siberia Funza Parque Indus Peru","Cundinamarca","4.716475,-74.20714","N"
"GIROS Y FINANZAS METRO AUTOPISTA SUR","ACB021194","Autopista Sur # 77a-18 L-26","Cundinamarca","4.597119,-74.166829","N"
"EFECTY OLARTE ENTRADA PORTAL","ACB153590","Cr 72 D # 57 A Sur-91","Cundinamarca","4.599625,-74.16711","N"
"CONEXRED","ACB279836","Calle 72 C 48 04 Barrio La Pradera","Cundinamarca","4.573734,-74.163135","N"
"EFECTY BRITALIA LA LOMA","ACB301177","Cl 46 Sur # 82 D-06","Cundinamarca","4.625918,-74.172296","N"
"EFECTY CATALINA NO.2","ACB074389","Tv 78 L # 50-70 Sur","Cundinamarca","4.613409,-74.169172","N"
"EFECTY BRITALIA CAI","ACB075807","Cr 81 H 46-08 Sur","Cundinamarca","4.62403,-74.171293","N"
"EFECTY FUNZA CALLE 19","ACB133657","Cl 19 # 7b-66","Cundinamarca","4.714659,-74.204536","N"
"EFECTY PARAISO CIUDAD BOLIVAR II","ACB176876","Cr 27 B # 71 I-14 Sur","Cundinamarca","4.550092,-74.159871","N"
"EFECTY PORTAL AMERICAS","ACB154360","Cr 85 A # 44-09 Sur Local 18","Cundinamarca","4.62737,-74.171834","N"
"CONEXRED","ACB302970","Calle 71bis  27b  18 Barrio Paraiso","Cundinamarca","4.553635,-74.158939","N"
"EFECTY BRITALIA","ACB074103","Cl 46 Sur # 80h-24","Cundinamarca","4.621653,-74.169364","N"
"EFECTY","ACB354285","Calle 49 Sur No 77v 53","Cundinamarca","4.609297,-74.166483","N"
"EFECTY SANTA ROCITA DE LAS VEGAS","ACB153842","Cl 70 Sur # 40b-21","Cundinamarca","4.566392,-74.159766","N"
"EFECTY SOCORRO CALLE 49 SUR","ACB325982","Cl 49 Sur # 77v-53","Cundinamarca","4.60937,-74.166253","N"
"EFECTY DIMONEX CALLE 42G","ACB194553","Cl 42g-sur -86g-22","Cundinamarca","4.631389,-74.17136","N"
"EFECTY","ACB308141","Clle 42 A  91 B   13 Sur","Cundinamarca","4.640564,-74.173764","N"
"EFECTY ENTRADA PRINCIPAL PERDOMO I","ACB171738","Cl 63 Sur # 70a-40","Cundinamarca","4.589403,-74.161917","N"
"EFECTY PATIO BONITO PALMITAS CALLE 40","ACB162619","Cl 40 Sur # 98 C-23","Cundinamarca","4.648449,-74.175506","N"
"EFECTY PASTRANITA CRA 78G","ACB276624","Cr 78g Bis C-48a-30 Sur","Cundinamarca","4.613348,-74.166119","N"
"EFECTY VILLA DE LA LOMA","ACB326048","Cr 82 A # 42h 25 Sur","Cundinamarca","4.627198,-74.169278","N"
"EFECTY PATIO BONITO ALMENDROS I","ACB162608","Cl 40 Sur # 97 F-05","Cundinamarca","4.647537,-74.174892","N"
"EFECTY","ACB354340","Cra 82 A No 42h 25 Sur","Cundinamarca","4.627182,-74.169171","N"
"EFECTY GIROS CRA 79","ACB192056","Cr 79 # 46a-82 Sur","Cundinamarca","4.616736,-74.166568","N"
"EFECTY","ACB320569","Kr 80 45 23 Sur","Cundinamarca","4.620234,-74.167103","N"
"EFECTY LOS ALMENDROS CL 40 SUR","ACB304576","Cl 40 Sur # 96-45","Cundinamarca","4.646059,-74.173887","N"
"COOPERATIVA FINANCIERA DE ANTIOQUIA","ACB172519","Kr  86  42b  51 Sur 2 Local 174","Cundinamarca","4.630278,-74.169167","N"
"EFECTY CARREFOUR PATIO BONITO L123","ACB074026","C.c. Milenio Plaza Local 123","Cundinamarca","4.630502,-74.169136","N"
"CONEXRED","ACB273391","Calle 68 B  69 45   Sur  Mz 7 C 186","Cundinamarca","4.582973,-74.15943","N"
"EFECTY CL 42 A SUR","ACB304455","Cl 42 A Sur #87c-16","Cundinamarca","4.633755,-74.169698","N"
"EFECTY JERUSALEN CRA 46 SUR","ACB166855","Cr 46 Sur # 69 D-21","Cundinamarca","4.572943,-74.158019","N"
"CONEXRED","ACB192308","Cr 86n 42b 51 Sur Local 178","Cundinamarca","4.629949,-74.168568","N"
"EFECTY VILLA DEL RIO AV VILLAVICENCIO","ACB178537","Cl 57 A Sur # 70 A-51","Cundinamarca","4.600027,-74.161816","N"
"EFECTY FULL SERVICE CALLE 42","ACB173927","Cl 42 B Sur # 82 A-08","Cundinamarca","4.628303,-74.167443","N"
"EFECTY CANDELARIA LA NUEVA II","ACB150751","Cr 49 # 68d-29 Sur","Cundinamarca","4.577217,-74.157713","N"
"EFECTY MADELENA DG 62 SUR","ACB277768","Dg 62 # 68 B-20 Sur","Cundinamarca","4.590675,-74.15899","N"
"CONEXRED","ACB324277","Calle 26  14  05","Cundinamarca","4.712824,-74.197437","N"
"EFECTY CANDELARIA LA NUEVA CLL 68 SUR","ACB194036","Cl 68 A Sur N 49-35","Cundinamarca","4.578148,-74.156828","N"
"MULTIPAGAS","ACB420779","Avenida Calle 43 Sur 78l 42","Cundinamarca","4.616689,-74.163589","N"
"EFECTY BOMBEROS","ACB320581","Cl 42 F Sur # 79-21","Cundinamarca","4.618687,-74.16348","N"
"EFECTY EXPRESS EFECTY CARRERA 97","ACB191329","Cr 97 F # 26-71 Sur Local 10 B","Cundinamarca","4.650221,-74.171315","N"
"EFECTY","ACB357002","Cl 68 Sur No 46 A 05","Cundinamarca","4.575216,-74.155216","N"
"EFECTY","ACB356793","Cl 68 Sur No 46 A 05","Cundinamarca","4.575216,-74.155216","N"
"EFECTY LAGO TIMIZA KRA 74","ACB178142","Cr 74 # 44 B-22 Sur","Cundinamarca","4.608093,-74.160519","N"
"AYV CIUDAD BOLIVAR","ACB066689","Calle 68 Sur N 47a  10 Lc 212","Cundinamarca","4.575837,-74.15515","N"
"EFECTY","ACB136672","Calle 116 No 9 22","Magdalena","4.575395,-74.154989","N"
"EFECTY MADELENA III","ACB272433","Cl 60 A Sur # 66-56","Cundinamarca","4.592543,-74.157337","N"
"EFECTY PATIO CL 38 SUR","ACB278286","Cl 38 C # 88-69 Sur","Cundinamarca","4.637797,-74.166756","N"
"CONEXRED","ACB271629","Calle 38 Sur 88 13 Barrio Patio Bonito","Cundinamarca","4.638253,-74.165767","N"
"MULTIPAGAS","ACB307250","Carrera 18l 70g Sur","Cundinamarca","4.550358,-74.150865","N"
"EFECTY","ACB352272","Carrera 51  59 C Sur   93","Cundinamarca","4.581159,-74.15389","N"
"EFECTY PATIO BONITO CENTRO CALLE 38 SUR","ACB072860","Cr 87i # 37a-16 Sur","Cundinamarca","4.63795,-74.165382","N"
"EFECTY LA ANDREA CRA 4 SUR","ACB305203","Cr 4 # 80 A-29 Sur","Cundinamarca","4.570498,-74.152183","N"
"EFECTY SUPER MANZANA 16 CL 42 SUR","ACB304653","Cl 42 Sur # 78 I-80","Cundinamarca","4.617954,-74.16008","N"
"EFECTY CALANDAIMA","ACB153150","Cl 34 Bis A Sur # 89 D-54","Cundinamarca","4.642897,-74.166269","N"
"EFECTY RIVERAS DE OCCIDENTE","ACB132931","Cl 26 Sur N. 93-43","Cundinamarca","4.646882,-74.167394","N"
"EFECTY PATIO BONITO CALLE 38 A","ACB161102","Cl 38 A Sur # 86 C-98","Cundinamarca","4.635603,-74.164207","N"
"EFECTY DIMONEX CORUÑA SUR.","ACB320592","Cl 59 Sur # 48 B -03","Cundinamarca","4.577983,-74.152767","N"
"EFECTY CANDELARIA LA NUEVA CR 38 SUR","ACB194146","Cr 38 N 63 -10 Sur","Cundinamarca","4.57121,-74.15187","N"
"EFECTY DIMONEX MADELENA SUR","ACB320404","Cl 67b Sur N. 65- 03","Cundinamarca","4.588328,-74.15402","N"
"EFECTY ISLA DEL SOL","ACB134713","Cr 64 B # 63-47 Sur","Cundinamarca","4.589973,-74.154167","N"
"EFECTY ISLA DEL SOL CRA 64","ACB274237","Cr 64 # 62 C 94 Sur","Cundinamarca","4.590188,-74.154073","N"
"CONEXRED","ACB309724","Diagonal 71b Sur  18i  73","Cundinamarca","4.546988,-74.149381","N"
"EFECTY KRA 79 SUR KENNEDY","ACB173828","Cl 41 D Sur N. 78p 34","Cundinamarca","4.62062,-74.159876","N"
"EFECTY SAN FRANCISCO CR 20 SUR","ACB176986","Cr 20 D # 68 A-14 Sur","Cundinamarca","4.562925,-74.150357","N"
"EFECTY","ACB301089","Carrera 80  40 C   06 Sur","Cundinamarca","4.624726,-74.160355","N"
"EFECTY CANDELARIA LA NUEVA II","ACB166129","Cl 64 # 35-03 Sur","Cundinamarca","4.569586,-74.150718","N"
"EFECTY VILLA DEL RIO III","ACB325937","Cl 57 B Sur # 63-31","Cundinamarca","4.599829,-74.154949","N"
"EFECTY TIMIZA CRA 74 SUR","ACB326015","Cr 74 # 42-52 Sur","Cundinamarca","4.611359,-74.156827","N"
"EFECTY PATIO BONITO LA VIRGEN","ACB073443","Av Cr 86 # 36-20 Sur","Cundinamarca","4.634888,-74.162299","N"
"EFECTY EXPRESS CALANDAIMA CL 26 SUR","ACB305148","Cl 26 Sur # 89 C-36 Blq 3 Casa 22","Cundinamarca","4.643218,-74.164238","N"
"CONEXRED","ACB198403","Kr 93   128 A 24 Brr Suba Rincon","Cundinamarca","4.64796,-74.165562","N"
"EFECTY SAN FRANCISCO CARRERA 20 D SUR","ACB272950","Cr 20 D # 66-76 Sur","Cundinamarca","4.563409,-74.14874","N"
"CONEXRED","ACB279957","Calle 6 11 A 03 Barrio Planadas","Cundinamarca","4.692261,-74.180894","N"
"EFECTY SAN FRANCISCO CRA 91 SUR","ACB178164","Cr 19 D # 67-09 Sur","Cundinamarca","4.560352,-74.148307","N"
"EFECTY BOITA II","ACB074422","Cl 45 Sur # 72 N-34","Cundinamarca","4.604844,-74.1543","N"
"EFECTY PATIO BONITO PRIMAVERA","ACB131886","Cl 2 # 91-10 Lc 13","Cundinamarca","4.646301,-74.164231","N"
"A Y V CC PASEO VILLA DEL RIO","ACB067712","Dg 57c Su No 62 60 Local 1 10d","Cundinamarca","4.599057,-74.152953","N"
"EFECTY CIUDAD BOLIVAR DG 60 SUR","ACB306194","Dg 60 Sur # 32-28","Cundinamarca","4.571413,-74.148807","N"
"EFECTY PATIO BONITO CLLE 2","ACB177503","Cl 2 # 88 H-17 Lc 3","Cundinamarca","4.643482,-74.162067","N"
"EFECTY VENECIA CALLE 4","ACB137804","Cl 4 # 3-08","Cundinamarca","4.089195,-74.477439","N"
"MULTIPAGAS","ACB197819","Cra 93d 6d-50","Cundinamarca","4.65074,-74.163976","N"
"EFECTY ACACIA CL 65 SUR","ACB276657","Cl 65 Sur # 20 A 14","Cundinamarca","4.56275,-74.146542","N"
"EFECTY LA ACACIA CRA 19 SUR","ACB272862","Cr 19 D # 64-99 Sur","Cundinamarca","4.561012,-74.146014","N"
"GIROS Y FINANZAS C C  DORADO PLAZA","ACB020995","Avenida Ciudad De Cali Con Calle 26 50","Cundinamarca","4.637635,-74.159606","N"
"EFECTY SAN FRANCISCO CRA 20","ACB166130","Cr 20 B # 63-98 Sur","Cundinamarca","4.5634,-74.14563","N"
"CONEXRED","ACB322516","Carrera 13  59 38","Cundinamarca","4.636013,-74.158454","N"
"EFECTY NUEVO MUZU","ACB178504","Cr 61 B # 51 A-39 Sur","Cundinamarca","4.588204,-74.148241","N"
"CONEXRED","ACB303728","Calle 6  8  18","Boyaca","5.518564,-72.884461","N"
"EFECTY CENTRO CARRERA 8","ACB116685","Cr 8 8-19","Boyaca","5.519698,-72.883738","N"
"EFECTY CATEDRAL","ACB113077","Cl 5 # 5-33","Boyaca","5.558737,-73.051776","N"
"EFECTY SOGAMOSO UPTC","ACB136122","Cr 14 # 2 C-06 Sur","Boyaca","5.703598,-72.940536","N"
"EFECTY BARRIO CATALUÑA","ACB175590","Cr 8 # 2a -24","Boyaca","5.706125,-72.931635","N"
"CONEXRED","ACB322693","Carrera 10  12 84","Boyaca","5.708314,-72.931838","N"
"EFECTY CENTRO COMERCIAL METRO","ACB164589","Cl 8 # 11 -43 Loc 1018","Boyaca","5.71227,-72.930993","N"
"EFECTY CARRERA 11 ESQUINA","ACB194311","Cr 11 # 10 -90","Boyaca","5.714281,-72.928577","N"
"EFECTY CAMARA DE COMERCIO PARQUE","ACB110326","Cr 10 # 12-14","Boyaca","5.714983,-72.926947","N"
"BANCAMIA SOGAMOSO","ACB062904","Cl 11 No 12  03 La Esquina","Boyaca","5.715056,-72.929461","N"
"MULTIPAGAS","ACB197149","Cra 9 #11- 46","Boyaca","5.715146,-72.929319","N"
"CONEXRED","ACB275393","Carrera 11  11 101 Barrio Centro","Boyaca","5.715541,-72.928025","N"
"EFECTY CENTRO CALLE 11","ACB177240","Cl 11 # 12 -49","Boyaca","5.715309,-72.929825","N"
"CONEXRED","ACB197996","Cl 12   10 48 Brr Centro Sogamoso","Boyaca","5.715742,-72.928402","N"
"EFECTY CENTRO CRA 10","ACB173037","Cr 10 # 14-02 Lc 1","Boyaca","5.716715,-72.926094","N"
"EFECTY CALLE 12 EXITO.","ACB173048","Cl 12 # 12-84 Loc 12","Boyaca","5.716438,-72.929532","N"
"EFECTY","ACB352700","Carrera 10 14 117","Boyaca","5.717737,-72.925781","N"
"EFECTY CALLE 11 TERMINAL","ACB120303","Cl 11 # 18-43","Boyaca","5.718124,-72.935095","N"
"EFECTY MULTI SERVICIOS 15 CON15","ACB190636","Cl 15 # 15 -46","Boyaca","5.720277,-72.928922","N"
"CONEXRED","ACB320064","Carrera 11  21  90 Local 112 C","Boyaca","5.724351,-72.922583","N"
"CONEXRED","ACB320053","Calle 74d Bis  78i  15","Cundinamarca","5.724373,-72.922658","N"
"EFECTY","ACB356199","Cra 11  22   57","Boyaca","5.724633,-72.922841","N"
"EFECTY","ACB351138","Cra 11  22   57","Boyaca","5.724633,-72.922841","N"
"CONEXRED","ACB198919","Carrera 10  6  68","Boyaca","5.768808,-72.939737","N"
"EFECTY CENTRO CALLE 4","ACB114177","Cl 4 # 10-73","Boyaca","5.745356,-73.004392","N"
"EFECTY PARQUE BUSBANZA","ACB326422","Mcp Busbanza","Boyaca","5.830454,-72.883812","N"
"CONEXRED","ACB322549","Callr 13  15 60","La Guajira","5.812292,-73.010801","N"
"EFECTY LA ESPERANZA HOSPITAL","ACB114605","Cl 9 # 34-31 Lc 203","Boyaca","5.811448,-73.029978","N"
"CONEXRED","ACB300385","Carrera 34  19  112 Barrio Duitama","Boyaca","5.815553,-73.022541","N"
"EFECTY","ACB352711","Km 188 Via Bogota Duitama","Boyaca","5.80949,-73.039748","N"
"EFECTY DUITAMA LA PERLA","ACB136584","Tv 29 # 14-35","Boyaca","5.818003,-73.029443","N"
"CONEXRED","ACB303311","Carrera 25  3 67","Boyaca","5.816126,-73.035961","N"
"EFECTY","ACB171145","Calle 22 16b 36 11","Boyaca","5.821925,-73.025697","N"
"EFECTY TRANSITO DUITAMA CRA 20.","ACB168912","Cr 20 # 19 -04","Boyaca","5.825899,-73.029109","N"
"EFECTY CENTRO CRA 19","ACB321108","Cr 19 # 15-43","Boyaca","5.825273,-73.032758","N"
"CONEXRED","ACB322527","Carrera 5  3  7 Local 2","Santander","5.82444,-73.034561","N"
"CONEXRED","ACB300374","Calle 10 4 30 Soat Boyac Colombia","Boyaca","5.7718,-73.114259","N"
"EFECTY DIAGONAL PARQUE LOS LIBERTADORES","ACB156373","Cl 16 # 16-11","Boyaca","5.827379,-73.033157","N"
"CONEXRED","ACB309362","Cale 16  16  37","Boyaca","5.827454,-73.033248","N"
"MULTIPAGAS","ACB197358","Carrera 16 # 14- 65","Boyaca","5.827229,-73.034292","N"
"EFECTY CENTRO CALLE 17","ACB118896","Cl 17 # 15-17","Boyaca","5.828472,-73.032851","N"
"BANCAMIA DUITAMA","ACB062124","Carrera 14 15 06","Boyaca","5.828582,-73.034759","N"
"EFECTY RESPALDO CATEDRAL","ACB127971","Cr 14 # 15-41","Boyaca","5.828829,-73.034587","N"
"EFECTY EL BOSQUE CALLE 28","ACB167494","Cl 28 # 15 A 02","Boyaca","5.776357,-73.113873","N"
"CONEXRED","ACB322626","Carera 12 247","Boyaca","5.824705,-73.044068","N"
"EFECTY BARRIO BOYACA","ACB115925","Cl 4 # 10-36 Barrio Boyaca","Boyaca","5.825476,-73.043857","N"
"CONEXRED","ACB300176","Avenida Libertadores 26  44","Boyaca","5.783093,-73.115712","N"
"EFECTY PAIPA CENTRO CRA 21","ACB135659","Cr 21 # 23-79","Boyaca","5.78099,-73.118137","N"
"EFECTY","ACB351150","Dg 16  6   138 Cs 13","Boyaca","5.835874,-73.037144","N"
"EFECTY","ACB356210","Dg 16  6   138 Cs 13","Boyaca","5.835874,-73.037144","N"
"EFECTY CENTRO AVENIDA PRINCIPAL","ACB115651","Av Los Libertadores # 25-17","Boyaca","5.783443,-73.11717","N"
"CONEXRED","ACB322648","Calle 19  22 26","Boyaca","5.781595,-73.122215","N"
"EFECTY DIMONEX SANTA ROSA","ACB191604","Cl 8 # 5 -11","Boyaca","5.874243,-72.98301","N"
"EFECTY SANTA ROSA DE VITERBO CENTRO","ACB274116","Cr 4 # 9-10","Boyaca","5.875058,-72.981738","N"
"CONEXRED","ACB309878","Carrera 4  7  45","Boyaca","5.875234,-72.982874","N"
"CONEXRED","ACB309768","Carrera 6  7  42","Boyaca","5.910144,-72.781561","N"
"EFECTY","ACB351149","Kr 8  6   05","Boyaca","5.198719,-73.143794","N"
"EFECTY","ACB356209","Kr 8  6   05","Boyaca","5.198719,-73.143794","N"
"EFECTY EL CENTRO CALLE 3","ACB118203","Cl 3 # 7-53","Boyaca","5.194922,-73.143447","N"
"EFECTY CENTRO CRA.2","ACB117839","Cr 2 # 4-36","Boyaca","5.102021,-73.051481","N"
"ACCIONES Y VALORES","ACB066557","Av Universitaria No 50 21 Lc 228","Boyaca","5.569469,-73.331182","N"
"EFECTY ARACATACA CENTRO CALLE 8","ACB151675","Cl 8 # 1-88","Magdalena","10.59397,-74.190057","N"
"EFECTY CENTRO CARRERA 5 CON CALLE 7","ACB132711","Cr 5 # 7-50 Local 02","Magdalena","10.593478,-74.191832","N"
"EFECTY FRENTE OLIMPICA DE ARACATACA","ACB174027","Cl 8 # 5a 08","Magdalena","10.593983,-74.192485","N"
"EFECTY CALLE 3","ACB116751","Cl 3 # 8-24","Magdalena","10.523745,-74.185794","N"
"CONEXRED","ACB274886","Callel 4  8 26 Barrio Centro","Magdalena","10.52304,-74.186039","N"
"BANCAMIA FUNDACION","ACB062762","Cl 7 No 7 35","Magdalena","10.521653,-74.18455","N"
"EFECTY PRINCIPAL","ACB079614","Cl 7 # 7a -30","Magdalena","10.521582,-74.184888","N"
"EFECTY EDS LA FERIA","ACB324969","Cl 3 # 19-64","Magdalena","10.517171,-74.196154","N"
"AyV PF FUNDACION MAGDALENA","ACB066997","Calle 6 No 8  87","Magdalena","10.515402,-74.201668","N"
"EFECTY","ACB351787","Calle 8 Cra 4  7   34","Magdalena","10.61252,-74.26608","N"
"CONEXRED","ACB274897","Carrera 5  11 08 Barrio Centro","Magdalena","10.976562,-74.210274","N"
"EFECTY CALLE 28 CON 18A","ACB306402","Cl 28 # 18a-108","Magdalena","11.001258,-74.245315","N"
"EFECTY CIENAGA MAGDALENA PRINCIPAL","ACB078570","Cl 17 # 10-03","Magdalena","11.006602,-74.251935","N"
"MULTIPAGAS","ACB274709","Calle 17 11 58","Magdalena","11.006918,-74.250805","N"
"EFECTY DIAGONAL A LA OLIMPICA DEL CENTRO","ACB325058","Cl 17 19 -15 Apartamento 01","Magdalena","11.008308,-74.24576","N"
"EFECTY CIENAGA MAGDALENA CENTRO","ACB115794","Cr 11 # 11-30","Magdalena","11.009614,-74.251644","N"
"EFECTY","ACB307216","Carrera 21 10   33","Magdalena","11.011509,-74.244939","N"
"EFECTY","ACB308844","Cra 13 No 5 08 Loc 01","Magdalena","11.013773,-74.250639","N"
"EFECTY CENTRO","ACB115716","Cr 14 # 7-20","Magdalena","10.46559,-74.618664","N"
"EFECTY MERCADO CRA.11","ACB119183","Cl 10 # 9-38","Magdalena","10.4634,-74.621781","N"
"EFECTY CALLE 6","ACB112559","Cl 6 # 5-33","Caldas","5.271716,-75.490702","N"
"EFECTY CENTRO","ACB111811","Cr 4 # 6-15","Caldas","5.295716,-75.561432","N"
"EFECTY CORREG  SAMARIA - FILADELFIA","ACB161706","Cl 3 # 3-05","Caldas","5.295196,-75.563979","N"
"EFECTY NEIRA","ACB159596","Cl 11 8-63","Caldas","5.16498,-75.517181","N"
"EFECTY SALAMINA CENTRO 1","ACB170199","Cr 5 # 5-60","Caldas","5.406975,-75.489166","N"
"EFECTY LA MERCED","ACB112922","Cr 6 # 13-26","Caldas","5.39839,-75.547591","N"
"EFECTY","ACB352678","Km 11 Via Al Magdalena","Caldas","5.097639,-75.512349","N"
"EFECTY PALOGRANDE CALLE 65","ACB270013","Cl 65 N 24-117 Lc 4b Edif. Lindsay","Caldas","5.097639,-75.51235","N"
"EFECTY VERSALLES","ACB307140","Cr 26 N 50-23 Lc 106","Caldas","5.097639,-75.51235","N"
"EFECTY CRA. 22 CENTRO 1","ACB326334","Cr 22 N 28-16 Centro","Caldas","5.097639,-75.51235","N"
"EFECTY CALLE 24 CENTRO","ACB150795","Cl 24 N 21-43 Centro","Caldas","5.097639,-75.51235","N"
"EFECTY FATIMA 3 ESQUINAS","ACB165964","Cr 35 A N. 67 A 10","Caldas","5.097639,-75.51235","N"
"EFECTY OLIMPICA AV. SANTANDER CALLE 50","ACB130247","Av Santander Cl 50 # 23-01","Caldas","5.097639,-75.51235","N"
"EFECTY EXPRESS EFECTY SAN SEBASTIAN","ACB304840","Cr 2e # 48c-13 Barrio Santa Ana","Caldas","5.086539,-75.489668","N"
"EFECTY","ACB420669","Cra 6b N 13 05 Barrio La Linda","Caldas","5.092637,-75.546145","N"
"EFECTY BARRIO SOLFERINO 2","ACB308943","Cl 51 # 6b-03","Caldas","5.076693,-75.488022","N"
"EFECTY BARRIO CHIPRE MANIZALES","ACB194795","Cl 11 # 11-40","Caldas","5.074569,-75.525205","N"
"EFECTY ALTOS DE CAMPO HERMOSO 2","ACB274347","Cr 11 # 12b-02","Caldas","5.074239,-75.523852","N"
"EFECTY BARRIO PERALONSO","ACB301759","Cl 46 # 12e-21 Br. Peralonso","Caldas","5.071479,-75.49949","N"
"EFECTY RED PLATINUM MANIZALES","ACB150267","Cl 21 15 03","Caldas","5.072211,-75.518438","N"
"EFECTY VILLA HERMOSA","ACB152094","Cl 51 C # 11-33","Caldas","5.069887,-75.492681","N"
"EFECTY TERMINAL ANTIGUO","ACB078877","Av 19 # 17-18 Lc 102","Caldas","5.07097,-75.520107","N"
"EFECTY","ACB352667","Calle 33 B 20 03","Caldas","5.06937,-75.510281","N"
"MULTIPAGAS","ACB196708","Calle 33b # 20-03","Caldas","5.069363,-75.510623","N"
"ACCIONES Y VALORES CC LOS FUNDADORES","ACB061552","Carrera 20 3b 9922","Caldas","5.069086,-75.509535","N"
"GIROS Y FINANZAS FUNDADORES","ACB026100","Cl 33b # 20-03 Local 9911","Caldas","5.068971,-75.509811","N"
"EFECTY CALLE 20 CON 19","ACB273973","Cl 20 19-44","Caldas","5.069262,-75.518975","N"
"EFECTY DIMONEX BARRIO LA ARGENTINA","ACB326323","Cl 51 # 19-69","Caldas","5.067057,-75.496111","N"
"ACCIONES Y VALORES OFICINA PARQUE CALDAS","ACB065468","Calle 29c 29b 29","Caldas","5.068036,-75.512769","N"
"CONEXRED","ACB275117","Car 20  17 04 Brr Centro","Caldas","5.068875,-75.520767","N"
"AYV MALL PLAZA MANIZALEZ","ACB066513","Cra 14 No 55 D 107 Lc Bh 104","Caldas","5.066614,-75.491895","N"
"EFECTY SERVIENTREGA PARQUE CALDAS","ACB078855","Cr 22 # 27-03","Caldas","5.067949,-75.514089","N"
"EFECTY PARQUE FUNDADORES CALLE 32","ACB118775","Cr 23 # 31-57 L 1","Caldas","5.067368,-75.51125","N"
"A Y V OFICINA LEONIDAS LONDONO","ACB065457","Kr 21 No 18 06","Caldas","5.068274,-75.520225","N"
"MULTIPAGAS","ACB197183","Carrera 22 # 21-34","Caldas","5.067723,-75.518014","N"
"GIROS Y FINANZAS MANIZALES","ACB020225","Cl 19 21-30 L-14 Edif. Leonidas Londoño","Caldas","5.06795,-75.519783","N"
"EFECTY CR22 PASAJE CCIAL LA BENEFICENCIA","ACB176360","Cr 22 20-43 L 1a-06","Caldas","5.067765,-75.518678","N"
"EFECTY MALLPLAZA","ACB300615","Cr 14 # Av Kevin Angel # 55d-251 Nivel 0","Caldas","5.065829,-75.490811","N"
"EFECTY LA CAROLITA","ACB272390","Cr 9c 57f 16","Caldas","5.065637,-75.486719","N"
"EFECTY LA 30","ACB123735","Cr 24 # 30-07","Caldas","5.066692,-75.512273","N"
"CONEXRED","ACB275128","Carrera 23  22 18 Barrio Centro","Caldas","5.06705,-75.517342","N"
"EFECTY EXPRESS DIMONEX BARRIO LINARES 2","ACB271355","Cr 25 # 33a-11","Caldas","5.066198,-75.509818","N"
"EFECTY","ACB199833","Avenida Paralela No 40 14","Caldas","5.065353,-75.505955","N"
"EFECTY SERVIENTREGA SUCURSAL CENTRO UNO","ACB078811","Cr 23 # 17-12","Caldas","5.066901,-75.520593","N"
"EFECTY CRA  24 CENTRO PALACIO NACIONAL","ACB078899","Cr 24 # 21-32","Caldas","5.066408,-75.517869","N"
"EFECTY AV PARALELA CON 40","ACB270024","Av Paralela # 40-14","Caldas","5.065176,-75.506196","N"
"CONEXRED","ACB193101","Cl 51  22 A 13 Brr Versalles","Caldas","5.064703,-75.497584","N"
"GIROS Y FINANZAS OLÍMPICA","ACB024944","Av Santander Cl 50 # 23-01","Caldas","5.064175,-75.498573","N"
"EFECTY BARRIO VIVEROS","ACB326312","Cr 12a # 62-78","Caldas","5.062782,-75.478656","N"
"PF AVENIDA SANTANDER","ACB067909","Carrera 23 No 54   15 Av Santander","Caldas","5.062292,-75.494519","N"
"EFECTY MINITAS CALLE PRINCIPAL","ACB172366","Cl 63b 11-09","Caldas","5.062376,-75.476683","N"
"MULTIPAGAS","ACB197006","Carrera 23 # 60-26","Caldas","5.060398,-75.488269","N"
"EFECTY","ACB351556","Cra 33 26 13","Caldas","5.060791,-75.514602","N"
"EFECTY LA SULTANA","ACB114649","Cl 67 # 10-33","Caldas","5.059745,-75.474088","N"
"EFECTY SERVIENTREGA TORRES PANORAMA","ACB078833","Edificio Torres Panorama","Caldas","5.058839,-75.48732","N"
"EFECTY BARRIO VILLA CARMENZA","ACB276822","Cr 35 39-10 Barrio Villa Carmenza","Caldas","5.059579,-75.509756","N"
"GIROS Y FINANZAS CARULLA","ACB021105","Cr 23 # 65-11 C.c. Cable Plaza L-2","Caldas","5.056581,-75.485967","N"
"MULTIPAGAS","ACB197435","Carrera 27a # 66-30","Caldas","5.053626,-75.489104","N"
"EFECTY PALERMO SAN CANCIO","ACB122613","Cl 67 # 26a-15 Brr Palermo San Cancio","Caldas","5.052735,-75.488595","N"
"EFECTY EXPRESS EFECTY BARRIO ESTAMBUL","ACB308932","Cr 43 # 11-41","Caldas","5.053059,-75.525916","N"
"AyV PAGAFACIL TERMINAL MANIZALES","ACB368475","Cr 43  65 100 Los Cambulos Corre 1 Lc 2","Caldas","5.049191,-75.506194","N"
"EFECTY DIMONEX VILLAMARIA","ACB152511","Cr 3 7-08","Caldas","5.047158,-75.512426","N"
"MULTIPAGAS","ACB278912","Calle 10 5 04 Centro","Caldas","5.044387,-75.51198","N"
"EFECTY CRA 5 VILLAMARIA","ACB322143","Cr 5 # 10-17","Caldas","5.044177,-75.511498","N"
"EFECTY VILLAMARIA LA PRADERA 2","ACB279133","Cl 4 # 14a-21 La Pradera","Caldas","5.04348,-75.519655","N"
"EFECTY CORREGIMIENTO MONTEBONITO","ACB326356","Cl Ppal Correg Y Resguardo Montebonito","Caldas","5.284332,-75.259691","N"
"EFECTY TREFILADOS","ACB165568","Cl 6 # 11-27","Caldas","5.04278,-75.517553","N"
"EFECTY MARMATO EL LLANO PISO 1","ACB127311","Ve El Llano","Caldas","5.474711,-75.60105","N"
"EFECTY TERRAZAS DE LA FLORIDA","ACB170144","Cr 1a 71 301","Caldas","5.03734,-75.489411","N"
"EFECTY EXPRESS EFECTY ENEA LA CAPILLA","ACB308305","Cr 30 Bis 104 A-15 La Enea","Caldas","5.033216,-75.459338","N"
"EFECTY SUPIA","ACB305171","Cl 28 # 8-15 La Playa","Caldas","5.451863,-75.651196","N"
"EFECTY ALFA LA ENEA","ACB270046","Cr 35 # 100b-15","Caldas","5.031455,-75.463904","N"
"EFECTY SUPIA CENTRO","ACB165425","Cr 7 # 31-41","Caldas","5.454855,-75.650009","N"
"EFECTY CIUDADELA LA ENEA","ACB078866","Cr 35 # 102-75","Caldas","5.030904,-75.461327","N"
"EFECTY SUPIA CALLE 33","ACB160453","Cr 9 # 32-59","Caldas","5.455747,-75.6509","N"
"AyV PF SUPIA","ACB067008","Calle 33 No 8  10","Caldas","5.45632,-75.65044","N"
"EFECTY CALLE 9","ACB112230","Cl 9 # 9-43","Risaralda","5.338983,-75.731182","N"
"EFECTY PACORA CRA 4","ACB155987","Cr 4 # 7-44","Caldas","5.526326,-75.459565","N"
"EFECTY CALLE 10","ACB111833","Cl 10 # 8-55","Caldas","5.420736,-75.701709","N"
"EFECTY PACORA","ACB114308","Cr 3 # 5-41","Caldas","5.528269,-75.459617","N"
"BANCAMIA RIOSUCIO","ACB063565","Carrera 7 8 27","Caldas","5.420772,-75.703002","N"
"CONEXRED","ACB322297","Carrera 6  6  35","Caldas","5.420406,-75.703932","N"
"EFECTY PARQUE CARRERA 6","ACB128587","Cr 6 # 8-10","Caldas","5.420947,-75.703653","N"
"EFECTY RIOSUCIO CALLE 7.","ACB302244","Cl 7 # 4-62","Caldas","5.420793,-75.705092","N"
"EFECTY CORREGIMIENTO BONAFONT","ACB274446","Correg Bonafont Plaza Principal","Caldas","5.424247,-75.703337","N"
"EFECTY PALESTINA CENTRO","ACB160783","Cr 7 N 8-14","Caldas","5.020773,-75.621163","N"
"EFECTY ARAUCA VIA PRINCIPAL","ACB164172","Cr 4 6-04","Caldas","5.01972,-75.621093","N"
"CONEXRED","ACB303641","Carrera 2e  24a 04 Barrio Galicia","Caldas","5.239184,-75.780814","N"
"EFECTY CALLE PRINCIPAL RISARALDA 2","ACB305599","Cl 2 # 7-13","Caldas","5.170438,-75.765778","N"
"EFECTY EL CARMEN","ACB133185","Cr 5 # 16-17","Caldas","5.235377,-75.786106","N"
"EFECTY DIMONEX CALLE PRINCIPAL RISARALDA","ACB274491","Cr 2 N 2-23 Local 1 Cl Principal","Caldas","5.163417,-75.768452","N"
"EFECTY ANSERMA CRA 4","ACB154283","Cr 4 9-14 Of 202","Caldas","5.230626,-75.787179","N"
"CONEXRED","ACB199415","Cl 18 Bis 8 21","Caldas","4.990205,-75.611954","N"
"CONEXRED","ACB274600","Calle 7 6 03 Carrera San Diego","Caldas","4.984801,-75.601605","N"
"EFECTY GALERIA CENTRO","ACB271553","Cl 9 # 6-03 Local 1","Caldas","4.984283,-75.6035","N"
"EFECTY PARQUE PRINCIPAL","ACB119578","Cl 10 # 8-67","Caldas","4.982789,-75.604982","N"
"MOVISTAR","ACB129171","Calle 11 No 8  46 Movistar","Caldas","4.983053,-75.605784","N"
"EFECTY CORREGIMIENTO SAN CLEMENTE","ACB194487","Cr 2 # 4-32","Risaralda","5.313245,-75.800216","N"
"EFECTY CHINCHINA CALLE 13","ACB078525","Cl 13 # 8-70","Caldas","4.983435,-75.607525","N"
"EFECTY CALLE PRINCIPAL","ACB111691","Cr 5 9-47","Risaralda","5.31549,-75.80026","N"
"EFECTY MANZANARES CENTRO CALLE 4 MANZA","ACB113583","Cl 4 # 4-14","Caldas","5.256259,-75.15392","N"
"EFECTY CRA. 4","ACB326378","Cr 4 N 6-30","Caldas","5.256222,-75.15392","N"
"EFECTY CALLE 7","ACB111460","Cl 7 # 6-28","Caldas","5.612764,-75.45679","N"
"EFECTY DIMONEX PENSILVANIA","ACB190010","Cr 6 7 12","Caldas","5.385182,-75.160686","N"
"EFECTY PENSILVANIA CALLE 5","ACB169331","Cl 5 5-54","Caldas","5.383767,-75.160156","N"
"EFECTY CORREGIMIENTO SAN DANIEL","ACB321735","Correg San Daniel 38","Caldas","5.38334,-75.159261","N"
"EFECTY BOLIVIA PLAZA 1","ACB172409","Plaza Principal Bolivia","Caldas","5.38334,-75.159261","N"
"EFECTY SAN JOSE CALDAS CRA 2","ACB119611","Cr 2 5-60","Caldas","5.0808,-75.791556","N"
"EFECTY HERVEO PLAZA PRINCIPAL","ACB113671","Cr 6 # 4-09","Tolima","5.079376,-75.17796","N"
"EFECTY PARQUE PPAL BELEN DE UMBRIA I","ACB278022","Cl 6 # 10-42 Local 104 Ed Argus","Risaralda","5.200222,-75.868808","N"
"EFECTY EXPRESS BELEN ESTACION DE POLICIA","ACB323188","Cl 6 # 11-17","Risaralda","5.200222,-75.868808","N"
"EFECTY MISTRATO CALLE 5","ACB272554","Cl 5 5-44","Risaralda","5.296134,-75.881741","N"
"EFECTY MISTRATO CRA 6","ACB152676","Cr 6 N0. 6-67","Risaralda","5.29641,-75.882877","N"
"EFECTY","ACB354669","Corregimiento El Tablazo Plaza Prncipal","Tolima","5.194298,-75.083714","N"
"EFECTY","ACB357958","Cl 23 9a 57","Risaralda","4.874733,-75.620147","N"
"EFECTY STA ROSA DE CABAL CR 14 HOSPITAL","ACB159958","Cr 14 # 25-25 Local 1","Risaralda","4.875722,-75.624082","N"
"EFECTY MARSELLA","ACB324002","Cr 10 # 9-34","Risaralda","4.934055,-75.739352","N"
"EFECTY CL REAL CON 10 SER MUJER","ACB134153","Cl 17 # 10-17","Risaralda","4.936125,-75.743482","N"
"EFECTY BELALCAZAR CALLE PRINCIPAL","ACB156229","Cr 4 16-22","Caldas","4.994796,-75.81189","N"
"EFECTY DIMONEX BELALCAZAR CRA 4","ACB176436","Cr 4 15-20","Caldas","4.994476,-75.812031","N"
"EFECTY LA HERMOSA CALLE PRINCIPAL","ACB150630","Cr 23 # 21-89 Br. La Hermosa","Risaralda","4.871,-75.628646","N"
"CONEXRED","ACB300693","Carrera 12 14 00 Sector Plaza De Mercado","Risaralda","4.866346,-75.619278","N"
"EFECTY CR 15 CALLE 15","ACB273500","Cr 15 # 15-50","Risaralda","4.867235,-75.622685","N"
"GIROS Y FINANZAS SANTA ROSA DE CABAL","ACB020917","Cl 14 # 13-24 Supermercado La Economía","Risaralda","4.866556,-75.620645","N"
"MULTIPAGAS","ACB199075","Calle 14 14 81","Risaralda","4.866035,-75.622776","N"
"EFECTY CALLE 13","ACB110711","Cr 13 # 12 13","Risaralda","4.865067,-75.619954","N"
"SANTA ROSA DE CABAL","ACB065886","Calle 12 No 14 27 Local 2","Risaralda","4.864823,-75.620795","N"
"EFECTY DIMONEX PARQUE PRINCIPAL STA ROSA","ACB194663","Cl 12 # 14-75","Risaralda","4.8646,-75.621003","N"
"EFECTY PORTAL DE LAS ARAUCARIAS","ACB321966","Cr 10b # 30a-06","Risaralda","4.869138,-75.634844","N"
"EFECTY CARRERA 8","ACB111273","Cr 9 # 8-18","Caldas","5.061525,-75.872228","N"
"EFECTY MARQUETALIA PRINCIPAL","ACB176139","Cr 2 N 2-97 Cl Principal","Caldas","5.299001,-75.054558","N"
"EFECTY DIMONEX MARQUETALIA CRA 2","ACB162938","Cr 2 N 3-15","Caldas","5.298965,-75.053751","N"
"CONEXRED","ACB320118","Carrera 2  1  25","Caldas","5.297084,-75.05086","N"
"EFECTY VILLAHERMOSA CR4","ACB176151","Cr 4 # 10-45","Tolima","5.029635,-75.116126","N"
"EFECTY EXPRESS EFECTY BARRIO LA FLORESTA","ACB278824","Dg 77 # 8-23 Barrio La Floresta","Risaralda","4.857701,-75.658359","N"
"MULTIPAGAS","ACB197875","Cra 11 # 20-73","Antioquia","5.660623,-75.713493","N"
"EFECTY CRA 5","ACB112966","Cr 5 # 4-07","Santander","6.694401,-73.019312","N"
"EFECTY CENTRO PRINCIPAL","ACB172070","Cr 8 # 9-04","Santander","6.607088,-73.068681","N"
"EFECTY CURITI","ACB122206","Cl 8 #10-54","Santander","6.606493,-73.070322","N"
"EFECTY SECTOR PLAZA MERCADO","ACB304356","Cr 7 # 6-32","Santander","6.605067,-73.068081","N"
"EFECTY VEREDA UVO VIA NACIONAL","ACB305676","Vereda Uvo Km 16 Via San Gil","Santander","6.604539,-73.069139","N"
"EFECTY VILLANUEVA CENTRO CALLE 14","ACB122152","Cl 14 # 14-06","Santander","6.669528,-73.173988","N"
"CONEXRED","ACB309427","Carrera 5  3c  28","Santander","6.555051,-73.124592","N"
"MOVISTAR","ACB071209","Carrera 9 10 02","Santander","6.553971,-73.131329","N"
"MULTIPAGAS","ACB197150","Carrera 9 # 12-54","Santander","6.555154,-73.133295","N"
"EFECTY PARQUE PRINCIPAL","ACB110250","Cl 13 # 9-58 Local 16","Santander","6.555011,-73.134014","N"
"EFECTY AVENIDA SANTANDER","ACB120062","Av Santander # 19-85","Santander","6.555893,-73.135377","N"
"EFECTY EXPRESS PAPELE LA MODERNA SAN GIL","ACB279694","Cr 13b # 29-17 Barrio Villa Del Rosario","Santander","6.556329,-73.136645","N"
"EFECTY SAN GIL CC EL PUENTE","ACB323506","Cl 10 # 12-184 Brr Sagrada Familia","Santander","6.552366,-73.131901","N"
"EFECTY TERMINAL DE SAN GIL","ACB302266","Terminal De Transportes De San Gil","Santander","6.554232,-73.136004","N"
"EFECTY","ACB302255","Calle 10 12 163 Local 163","Santander","6.551691,-73.133746","N"
"EFECTY","ACB359390","Carrera 12a  2b 02 Barrio Bella Isla","Santander","6.544527,-73.125016","N"
"EFECTY","ACB358498","Calle 3 Norte  6 47 Barrio Bolivar","Santander","6.565441,-73.149697","N"
"EFECTY SAN GIL VILLA OLIMPICA","ACB150157","Cr 17 # 15-65","Santander","6.552066,-73.138757","N"
"EFECTY EXPRESS DIMONEX BARRIO SAN MARTIN","ACB323869","Cr 14a # 24-05","Santander","6.55633,-73.144516","N"
"EFECTY UNISANGIL","ACB304905","Cl 3 Sur # 12-05 L-103 Urb La Floresta","Santander","6.53958,-73.127394","N"
"EFECTY","ACB351051","Km 12 Via Curos Los Santos","Santander","6.883232,-73.066639","N"
"EFECTY","ACB356111","Km 12 Via Curos Los Santos","Santander","6.883232,-73.066639","N"
"EFECTY BOCHALEMA","ACB113516","Cr 5 # 8-53","Santander","6.811956,-72.848241","N"
"EFECTY","ACB358465","Calle 33  21 02 10","Santander","6.541398,-73.167267","N"
"EFECTY PARQUE PRINCIPAL","ACB113527","Cr 6 # 5-50","Santander","6.6338,-73.223624","N"
"EFECTY CENTRO CRA 7","ACB112746","Cr 7 Cl 5 Esquina","Santander","6.47639,-72.97053","N"
"EFECTY GUACA PARQUE","ACB326466","Cl 4 # 4-22","Santander","6.876301,-72.856218","N"
"EFECTY SERVIENTREGA VALLE DE SAN JOSE","ACB125441","Cr 9 6-33","Santander","6.448089,-73.143786","N"
"CONEXRED","ACB303498","Calle 4  8 09 Barrio Valle De San Jose","Santander","6.447603,-73.143723","N"
"EFECTY PIEDECUESTA PORTAL DEL VALLE","ACB304828","Cl 23 # 1w -81 Portal Del Valle","Santander","6.972412,-73.052007","N"
"EFECTY CARRERA 9","ACB111228","Cr 21 # 8 72","Santander","6.813952,-73.272124","N"
"EFECTY LOS CISNES","ACB277702","Cr 2 N. 22-24 Barrio Paseo Del Puente 2","Santander","6.973788,-73.049871","N"
"BANCAMIA MALAGA","ACB063653","Carrera 9 13 50","Santander","6.70067,-72.732814","N"
"EFECTY MALAGA TERMINAL","ACB326455","Cr 9 # 14-12","Santander","6.701301,-72.732472","N"
"EFECTY","ACB354757","Carrera 9  14 12","Santander","6.701078,-72.732304","N"
"AYV EXITO PASEO DE PUENTE","ACB066942","Carrera 6 Calle 22 Local 104","Santander","6.975562,-73.047129","N"
"AYV PF MALAGA","ACB066337","Carrera 7a No 12   45 Cc Andino Lc 16","Santander","6.699183,-72.731696","N"
"EFECTY PASEO DEL PUENTE.","ACB151312","Cr 6 # 21-40 L-007 Cc Paseo Del Puente 2","Santander","6.975853,-73.046986","N"
"EFECTY HOYO GRANDE PIEDECUESTA","ACB306710","Cl 17 # 4-25","Santander","6.979038,-73.050295","N"
"EFECTY ZAFIRO","ACB302068","Cr 1e Cl 12 Torre 1 L-4 Brr Vellavista","Santander","6.981228,-73.053468","N"
"CONEXRED","ACB322505","Calle 12  6 36","Santander","6.983764,-73.05021","N"
"EFECTY NUEVA CANDELARIA","ACB175600","Cr 9a # 13-32","Santander","6.984424,-73.047415","N"
"CONEXRED","ACB302981","Transversal 11  13  12 Barrio La Nueva C","Santander","6.985119,-73.046663","N"
"EFECTY CENTRO PARQUE PRINCIPAL","ACB111613","Cl 10 # 6-44 L-106","Santander","6.985148,-73.050661","N"
"EFECTY CAMELOT","ACB302640","Cl 8 # 3-188 Lc 1","Santander","6.985767,-73.053603","N"
"MULTIPAGAS","ACB278901","Carrera 15  3an 10","Santander","6.986466,-73.049769","N"
"EFECTY PIEDECUESTA CENTRO CRA 7 CON 8.","ACB279276","Cr 7 # 8-20","Santander","6.986732,-73.050595","N"
"MULTIPAGAS","ACB196940","Carrera 7 # 8 - 39","Santander","6.986791,-73.050498","N"
"EFECTY","ACB358586","Calle 51  54  08","Santander","6.9879,-73.044087","N"
"EFECTY PIEDECUESTA BARRIO LA CANTERA","ACB300341","Cr 3 # 6-17 Barrio La Cantera","Santander","6.987015,-73.054972","N"
"CONEXRED","ACB303784","Carrera 4  6n  31","Santander","6.987465,-73.05383","N"
"EFECTY JUNNIN II","ACB161070","Cl 6n # 4-154 Junnin Ii","Santander","6.987652,-73.053487","N"
"EFECTY BARRIO SAN RAFAEL","ACB111624","Cl 7 13-61 Local 2","Santander","6.989942,-73.04602","N"
"EFECTY PS REFUGIO","ACB150849","Cl 3an # 3b-10 Piso Refugio","Santander","6.989158,-73.055344","N"
"EFECTY HOYO CHIQUITO","ACB190614","Cl 5 # 8-79 Lc 2","Santander","6.989991,-73.050182","N"
"EFECTY","ACB355440","Carrera 4  1n 33","Santander","6.990885,-73.055469","N"
"EFECTY NAVARRA REAL","ACB150960","Dg 6 # 1a-92 Lc 15 Conjunto Navarra Real","Santander","6.99156,-73.052753","N"
"EFECTY PASEO CATALUÑA","ACB123131","Cl 1 # 5-126 Mz O Cs 241","Santander","6.993765,-73.054721","N"
"EFECTY DROG FARMAHOGAR LA MESA","ACB277559","Mesa De Los Santos Guayabal Lc 9","Santander","6.993982,-73.054224","N"
"EFECTY CENTRO COMERCIAL DE LA CUESTA.","ACB277692","C.c. De La Cuesta","Santander","6.993982,-73.054224","N"
"EFECTY CHACARITAS BARILOCHE","ACB165074","Cr 2 # 2a Dg 5 Mz F Lote 1 Local 2","Santander","6.993982,-73.054224","N"
"EFECTY RUITOQUE VEREDA 3 ESQUINAS","ACB324167","Correg Mesa De Ruitoque Alto Casa 2 Lt 4","Santander","6.993982,-73.054224","N"
"EFECTY BOSQUES DE ARANJUEZ PIEDECUESTA","ACB324529","Cr 4 # 1n-33","Santander","6.994255,-73.05789","N"
"EFECTY CC ECOPARK II","ACB304521","Km 7 Via Piedecuesta","Santander","6.995609,-73.054308","N"
"EFECTY","ACB302080","Kr 18  7   11","Santander","6.99687,-73.047625","N"
"EFECTY SAN TELMO","ACB111635","Tv 1e Norte # 6 C-08","Santander","6.996406,-73.056496","N"
"CONEXRED","ACB309504","Calle  6a Norte 10 34","Santander","6.995687,-73.063856","N"
"CONEXRED","ACB322307","Calle 3an  6 Piedecuesta Santander","Santander","6.998042,-73.055462","N"
"EFECTY SERVIENTREGA SAN CARLOS","ACB302079","Cr 15 # 1 A-15 Norte","Santander","6.9993,-73.052494","N"
"EFECTY SERVIENTREGA EL PARAMO","ACB123119","Cr 3 3-26","Santander","6.416984,-73.170467","N"
"EFECTY CENTRO","ACB112010","Cl 6 # 3-30","Santander","6.767204,-72.694598","N"
"EFECTY SOCORRO BARRIO SANTA CLARA","ACB324552","Cl 8 A # 7-46","Santander","6.464227,-73.257803","N"
"EFECTY PRINCIPAL","ACB079427","Cl 14 14-49","Santander","6.467947,-73.261699","N"
"EFECTY","ACB355473","Calle 8 A  7 46","Santander","6.46374,-73.258504","N"
"EFECTY PARQUE CHIQUINQUIRA","ACB079438","Cl 10 N. 15-19","Santander","6.464797,-73.263038","N"
"EFECTY SOLUCIONES DIVINO NIÑO","ACB172081","Cr 6 # 5-26 Local 2","Santander","6.900791,-73.283952","N"
"EFECTY SOCORRO BATALLON","ACB322022","Cr 16 # 8-22","Santander","6.464034,-73.264178","N"
"GIROS Y FINANZAS PALMAS EDIF TRAFALGAR","ACB020148","Calle 44 29a 45 Edificio","Santander","7.119863,-73.111832","Y"
"CONEXRED","ACB322660","Carrera 4  1  123","Santander","6.528544,-72.696514","N"
"EFECTY","ACB352876","Calle 11  8 08 Favuis","Santander","7.058076,-73.084185","N"
"EFECTY SERVIENTREGA BODEGA CALLE 11","ACB077382","Cl 11 # 8-08","Santander","7.058087,-73.084151","N"
"EFECTY TIGER MARKET VIJAGUAL","ACB326532","Km 8 Via Al Mar Barrio Colorados","Santander","7.057719,-73.087645","N"
"EFECTY FLORIDA FRENTE AL MERCANTIL","ACB277252","Cl 7 # 8-21 Barrio Casco Antiguo","Santander","7.061503,-73.085766","N"
"EFECTY BAVIERA","ACB190593","Cr 25 # 200a-15","Santander","7.060449,-73.094257","N"
"MULTIPAGAS","ACB196764","Calle 5 # 7 - 48","Santander","7.06269,-73.08673","N"
"EFECTY","ACB301573","Cl 6  17   19 Lc 2","Santander","7.06461,-73.078041","N"
"EFECTY ALTAMIRA CRA 15","ACB306787","Cl 5 # 14-126","Santander","7.064727,-73.081146","N"
"EFECTY DIMONEX PARAGUITAS","ACB304642","C.c. Paraguitas L-c -20 Br Paraguitas","Santander","7.065156,-73.085012","N"
"EFECTY LAGOS VICENTE AZUERO","ACB175611","Cr 3 # 47-26","Santander","7.068924,-73.092784","N"
"EFECTY","ACB352887","Km 3981 Anillo Vial Rio Frio","Santander","7.061006,-73.127147","N"
"EFECTY LAGOS II CRA 6","ACB151291","Cr 6 # 40-07 Lc 1 Lagos Ii","Santander","7.068866,-73.097487","N"
"EFECTY BARRIO ASOVILAGOS","ACB276987","Cr 31 # 155-34","Santander","7.070741,-73.099264","N"
"EFECTY VILLA DE LOS CABALLEROS","ACB152687","Cl 2 Sur N 22b-05","Santander","7.050527,-73.16645","N"
"EFECTY LAGOS III","ACB150971","Cl 29 # 7-08","Santander","7.071875,-73.099139","N"
"GIROS Y FINANZAS CANAVERAL","ACB020599","C.c. Cañaveral L-158","Santander","7.070362,-73.107095","N"
"ACCIONES Y VALORES OFICINA CANAVERAL","ACB065392","Cl 30 No 25 71 Oficina Canaveral Lc 110","Santander","7.070817,-73.107301","N"
"EFECTY","ACB309229","Cra 25  29 57 Local 13","Santander","7.071164,-73.106999","N"
"MULTIPAGAS","ACB302936","Carrera 27 29 145  Local Sca3e","Santander","7.071821,-73.104977","N"
"EFECTY LAGOS 1","ACB127443","Cl 29 # 11-10 Local 2 Barrio Lagos 1","Santander","7.072487,-73.103601","N"
"EFECTY BRISAS DEL CAMPO GIRON","ACB308503","Cl 13b # 10c-09","Santander","7.05707,-73.155984","N"
"EFECTY GIRON MIRADOR DE ARENALES","ACB278857","Tv 20c # 8a 10","Santander","7.05338,-73.166833","N"
"EFECTY LA CUMBRE CALLE 30","ACB077612","Cl 30 # 6ae-80 Via Ppal Barrio La Cumbre","Santander","7.076883,-73.088315","N"
"EFECTY EXPRESS LA CUMBRE EL TANQUE","ACB272268","Cr 6 E # 32-18 Barrio La Cumbre","Santander","7.076821,-73.089699","N"
"EFECTY BARRIO ROSALES","ACB304707","Cr 12 N #23-11 Br Rosales","Santander","7.074433,-73.104461","N"
"CONEXRED","ACB307304","Diagonal 26 10d Este 21","Santander","7.078571,-73.085162","N"
"EFECTY LA CUMBRE CARRERA 9","ACB168714","Cr 9e # 31-12","Santander","7.078476,-73.087902","N"
"EFECTY BELLAVISTA CARRETERA ANTIGUA","ACB306754","Altos De Bellavista Sector 7 Local 16","Santander","7.077286,-73.09915","N"
"EFECTY BELLAVISTA FLORIDABLANCA","ACB125649","Sector B T-10 Apto 101 A","Santander","7.077286,-73.09915","N"
"EFECTY EQUILIBRIO VILLA FIRENZE","ACB077591","Br Florida Cs 144156 Autopis F Autopis F","Santander","7.07746,-73.099122","N"
"EFECTY PUERTO MADERO","ACB151817","Cr 14 # 14 A-09 Puerto Madero","Santander","7.059068,-73.160469","N"
"EFECTY SANTA ANA CRA 4","ACB176953","Cr 4 # 15-48 Piso 1 Barrio Santa Ana","Santander","7.077922,-73.097389","N"
"CONEXRED","ACB302958","Carrera 22  153  2 Barrio Palomitas","Santander","7.074644,-73.111896","N"
"EFECTY BARRIO CIUDAD VALENCIA","ACB152137","Cr 12 # 14-11 Local 1","Santander","7.078091,-73.103182","N"
"EFECTY","ACB351600","Carrera 22 No  13a 10","Santander","7.05854,-73.16594","N"
"CONEXRED","ACB300253","Carrera 12  14  19 Barrio Rosales","Santander","7.078271,-73.103256","N"
"EFECTY PRADOS DEL SUR","ACB127388","Cr 45 # 144c Local 2 Prados Del Sur","Santander","7.080022,-73.0959","N"
"CONEXRED","ACB309395","Carrera  45 145 113","Santander","7.081301,-73.09714","N"
"EFECTY EL CRISTAL","ACB151356","Cl 122 # 19-08 Barrio Cristal Alto","Santander","7.076647,-73.11802","N"
"EFECTY PARADOR BUENOS AIRES","ACB168682","Km 1 Via Socorro -iba","Santander","6.406254,-73.287779","N"
"EFECTY SAN VICTORINO","ACB161816","Cl 13 # 14-71","Santander","6.406254,-73.287779","N"
"EFECTY RECODO DE LA COLINA","ACB156009","Av 60 # 139-40","Santander","7.083919,-73.085602","N"
"EFECTY PARQUE PRINCIPAL CENTRO","ACB128730","Cr 9 # 4-75 Parque Principal","Santander","7.082326,-73.099748","N"
"EFECTY VILLABEL","ACB277681","Cr 12 # 5-16 Lc 1 Br. Villabel","Santander","7.082057,-73.10205","N"
"EFECTY GIRON BARRIO SANTA CRUZ","ACB326477","Cr 26 # 20-25","Santander","7.061798,-73.169846","N"
"EFECTY BUCARAMANGA PROVENZA COOMULTRASAN","ACB122471","Cr 21 B # 115-23","Santander","7.079882,-73.115935","N"
"EFECTY SANTA ANA CALLE 4","ACB305302","Cr 10 # 2-65 Barrio Santa Ana","Santander","7.08346,-73.100712","N"
"EFECTY NUEVO PUNTA PARAISO","ACB152566","Cr 15 # 109-65 L-3 Barrio Punta Paraiso","Santander","7.077669,-73.124493","N"
"EFECTY EL CARMEN","ACB112043","Cr 10a # 47-04","Santander","7.085925,-73.088871","N"
"EFECTY RIO DE ORO GIRON","ACB304862","Cl 21 # 26-136","Santander","7.062137,-73.170941","N"
"EFECTY SERVIENTREGA C.C. METRO GIRON","ACB132656","Cl 25 Av Los Caneyes 21b-23 Cc Carrefour","Santander","7.063961,-73.168181","N"
"EFECTY VEREDA MOTOSO GIRON","ACB272543","Vda San Jose De Motoso Finca Napoles","Santander","7.078829,-73.125313","N"
"EFECTY ACAPULCO","ACB151620","Ve Acapulco Ltoe 2 Manzan 13 Cs 2","Santander","7.078829,-73.125313","N"
"AYV METRO GIRON","ACB066524","Av Los Caneyes No 21 B   33 Lc","Santander","7.063925,-73.169279","N"
"AYV METRO GIRON","ACB066492","Av Los Caneyes No 21 B 33 Lc 1021","Santander","7.063925,-73.169279","N"
"EFECTY LAGOS DOS ESTACION DEL METROLINEA","ACB308514","Cr 8 # 49-11","Santander","7.087735,-73.088868","N"
"CONEXRED","ACB303795","Carrera  21b 111 50","Santander","7.081839,-73.116121","N"
"EFECTY BARRIO VILLALUZ","ACB150674","Cr 10 A # 50-20 Villaluz","Santander","7.087716,-73.090244","N"
"EFECTY MULTISERVICIOS PAYADOR","ACB172124","Cl 123 # 31a-05","Santander","7.084624,-73.106128","N"
"EFECTY SAN LORENZO","ACB151389","Cl 110 # 21b-17 Local 101","Santander","7.082684,-73.116128","N"
"EFECTY ZAPAMANGA PATINODROMO","ACB308536","Cr 48 # 126-70","Santander","7.086957,-73.097542","N"
"EFECTY VILLA SARA","ACB151004","Cl 105 15b-40 Villa Sara","Santander","7.081926,-73.122852","N"
"EFECTY RINCON DE GIRON ZONA ALTA","ACB164062","Cr 18 # 31b-27 Bodega 2","Santander","7.068578,-73.164463","N"
"EFECTY BARR LA ESMERALDA","ACB274435","Cr 58 # 120-62 Barrio La Esmeralda","Santander","7.089715,-73.090592","N"
"EFECTY","ACB351732","Calle 32a No  8 80","Santander","7.07083,-73.15892","N"
"EFECTY PROVENZA 105 CON 24","ACB304994","Cl 105 # 24-99 Lc 5 Provenza","Santander","7.085925,-73.111347","N"
"EFECTY POBLADO COMANDO DE POLICIA","ACB306886","Cr 23 # 31- 60","Santander","7.068109,-73.167482","N"
"EFECTY PROVENZA","ACB117565","Cl 105 # 22-52 Barrio Provenza","Santander","7.085218,-73.114874","N"
"EFECTY PORVENIR BUCARAMANGA","ACB320691","Cl 104 F # 8 B 49","Santander","7.081499,-73.129473","N"
"EFECTY EXPRESS DIMONEX BRR LAS DELICIAS","ACB195806","Cl 104b # 15-16 Barrio Las Delicias","Santander","7.083753,-73.122489","N"
"EFECTY MANUELA BELTRAN CRA 12","ACB323429","Cr 12 # 104a-32","Santander","7.083209,-73.124819","N"
"EFECTY","ACB306918","Cl 104 B  42 A   22","Santander","7.084566,-73.121659","N"
"EFECTY LOS ROBLES","ACB277087","Cl 55b # 12b-22","Santander","7.091927,-73.090741","N"
"EFECTY MANUELA BELTRAN.","ACB153819","Cr 11c # 103d-15","Santander","7.083935,-73.12561","N"
"EFECTY RINCON DE GIRON","ACB123933","Cl 39 # 18-03 L-1 Brr Rincon De Giron","Santander","7.071484,-73.164237","N"
"EFECTY CENTRO CALLE 4","ACB112702","Cl 4 # 3-34","Santander","6.344215,-72.811495","N"
"EFECTY ZAPAMANGA 1 ETAPA","ACB273852","Cr 40 # 110a-05 Zapamanga 1 Etapa","Santander","7.092123,-73.100375","N"
"EFECTY SIMACOTA CENTRO","ACB121678","Cr 4 # 4-30","Santander","6.442059,-73.336066","N"
"EFECTY ASTURIAS","ACB155943","Dg 105 # 29b-43 Local 2 Barrio Asturias","Santander","7.090894,-73.106721","N"
"EFECTY NUEVO COAVICONSA CRA 15","ACB320701","Cr 15 # 103-24 Local 7","Santander","7.087104,-73.122543","N"
"CONEXRED","ACB322604","Carrera 34  32c 03","Santander","7.091975,-73.104263","N"
"EFECTY LA TRINIDAD","ACB152193","Cr 18 # 59-24 Local 203","Santander","7.094003,-73.095487","N"
"MULTIPAGAS","ACB196609","Calle 40 # 26-13","Santander","7.072677,-73.169535","N"
"EFECTY BARRIO DIAMANTE","ACB326488","Cr 24 # 88-15 Barrio Diamante Ii","Santander","7.091146,-73.112559","N"
"CONEXRED","ACB303872","Calle 102 A  41   03","Santander","7.095902,-73.100599","N"
"EFECTY BELLAVISTA PARTE ALTA GIRON","ACB321229","Cl 47 # 29bis-16","Santander","7.076023,-73.1759","N"
"EFECTY BARRIO BUCARAMANGA CL 66 CON 7","ACB151301","Cl 68 # 6-116","Santander","7.093188,-73.126035","N"
"COOPENESSA CACIQUE","ACB322714","Transversal 90 182 Local 405 Cc  Cacique","Santander","7.098592,-73.10746","N"
"EFECTY LA VICTORIA CALLE 68","ACB077458","Cr 11 # 67 # 103","Santander","7.095183,-73.12376","N"
"GIROS Y FINANZAS C.C. EL CACIQUE","ACB025516","Trans. 93 # 34  99 L-256","Santander","7.099867,-73.107593","N"
"EFECTY MONTERREDONDO","ACB168044","Cl 65 # 6w-255","Santander","7.094777,-73.131953","N"
"CONEXRED","ACB300077","Diagonal 54 22 C 06 Barrio San Antonio D","Santander","7.081055,-73.172855","N"
"EFECTY BARRIO CIUDAD BOLIVAR","ACB308547","Cl 64c Casa 48","Santander","7.097562,-73.126328","N"
"EFECTY EL PALENQUE DIAGONAL A LA CANCHA","ACB175666","Cr 17b # 56-48 Barrio Palenque","Santander","7.083652,-73.170948","N"
"EFECTY BARRIO MANZANARES","ACB191417","Cr 27w # 59-74","Santander","7.094789,-73.139351","N"
"CONEXRED","ACB199756","Cl 60e  16f 25 Casa 5","Santander","7.086285,-73.165123","N"
"EFECTY LA VICTORIA CALLE 65","ACB077557","Cl 65 # 22 36 Barrio La Victoria","Santander","7.102243,-73.115339","N"
"CONEXRED","ACB279793","Trasvelsal 23 55b 39","Santander","7.083915,-73.174783","N"
"EFECTY MUTIS SECTOR FUNDADORES","ACB175644","Cl 60 # 7w-22","Santander","7.098714,-73.131673","N"
"EFECTY CARRIZAL CAMPESTRE","ACB321230","Cl 57 # 22c-12 Barrio Carrizal Campestre","Santander","7.084176,-73.174478","N"
"EFECTY P.A. LOS SAUCES","ACB150982","Cr 3 # 63-54-60 Loc 7","Santander","7.100367,-73.126469","N"
"EFECTY LA CEIBA BUCARAMANGA","ACB326499","Cr 17a # 63-31 Lc 9","Santander","7.103512,-73.117484","N"
"EFECTY MUTIS IGLESIA LA CONSOLATA","ACB301210","Cr 2 W #59-19 Barrio Mutis","Santander","7.100476,-73.129626","N"
"EFECTY CALLE 61 POLICLINICA","ACB326509","Cl 61 # 16-31 Barrio Ricaurte","Santander","7.104376,-73.11863","N"
"EFECTY REAL DE MINAS","ACB077535","Plaza Mayor Entrada 5 Lc 101","Santander","7.10365,-73.124377","N"
"EFECTY TERRAZAS LA FLORESTA","ACB131446","Cr 45 # 57-40 L-2 Barrio La Floresta","Santander","7.108169,-73.106398","N"
"MULTIPAGAS","ACB199372","Calle 56 9140 Local 129","Santander","7.104579,-73.122103","N"
"GIROS Y FINANZAS BUCARAMANG CC ACROPOLIS","ACB026287","Av Samanes # 9-140 Local 1-26 Piso 1","Santander","7.104803,-73.122341","N"
"EFECTY CENTRO COMERCIAL ACROPOLIS","ACB159606","Cl 56-9 # 140-00 Pi 2 Lc 204","Santander","7.10496,-73.121861","N"
"EFECTY CARRERA 30 CONUCOS","ACB308581","Cr 30 # 62-11 Barrio Conucos","Santander","7.107581,-73.111977","N"
"EFECTY MARSELLA REAL","ACB119743","Av Bucaros Oeste # 3-141 L-13","Santander","7.104968,-73.128106","N"
"MULTIPAGAS","ACB358607","Dg  15 56 22 P2 Cc San Jose Plaza","Santander","7.108019,-73.116804","N"
"EFECTY ISLA DEL SOL","ACB077360","Cr 17 C # 56-15","Santander","7.107907,-73.117675","N"
"EFECTY CAMPOHERMOSO QUINTAESTRELLA","ACB305610","Cl 45 # 10 Occidente 32 Brr Campohermoso","Santander","7.101564,-73.142452","N"
"MULTIPAGAS","ACB356342","Dg  15 55 56 Local 806","Santander","7.108571,-73.117617","N"
"EFECTY CLINICA METROPOLITANA.","ACB151334","Av Gonzalez Valencia # 55-58","Santander","7.110886,-73.112478","N"
"EFECTY CONCORDIA CARRERA 21 CON CALLE 53","ACB116773","Cr 21 # 53-45","Santander","7.110491,-73.117029","N"
"EFECTY CHARALA PARQUE TERMINAL","ACB121227","Cr 14 # 24-16","Santander","6.287243,-73.146251","N"
"EFECTY COLORADOS PARTE ALTA","ACB326510","Cl 54 # 25 A-37","Santander","7.110988,-73.115418","N"
"EFECTY CHIMITA","ACB112339","Cl 2 # 2 4","Santander","7.09474,-73.16935","N"
"EFECTY CAMPOHERMOSO","ACB117345","Cl 45 # 6-02 Oeste","Santander","7.105027,-73.13963","N"
"EFECTY","ACB352898","Carrera 34  52 37","Santander","7.112915,-73.109728","N"
"EFECTY SAN MIGUEL.","ACB135297","Cl 51 #15-58","Santander","7.109936,-73.123338","N"
"EFECTY BARRIO HELENA SANTOS II","ACB301407","Cl 23 # 15-32 Charala","Santander","6.286445,-73.147313","N"
"EFECTY CABECERA DEL LLANO CALLE 52","ACB305016","Cl 52 # 35a 17 Cabecera Del Llano","Santander","7.113537,-73.108699","N"
"CONEXRED","ACB192155","Cl 52  31 20 Br Cabecera","Santander","7.11286,-73.112016","N"
"ACCIONES Y VALORES COSMOCENTRO","ACB061518","Kr 33 No 51 119 Lc 207","Santander","7.113285,-73.110506","N"
"MULTIPAGAS","ACB197347","Carrera 35a 51-82","Santander","7.114093,-73.108941","N"
"AYV PF OFICINA CENTRO DE PAGOS CABECERA","ACB064742","Cl 51 A No 31  07","Santander","7.113937,-73.112339","N"
"EFECTY EXPRESS DIMONEX CHARALA CRA 14","ACB304884","Cr 14 # 21-36 Barrio Helena Santos","Santander","6.284628,-73.146285","N"
"EFECTY EXPRESS CAMPOHERMOSO CR 1 CON 45","ACB305665","Cr 1 # 45-93 Barrio Campo Hermoso","Santander","7.108682,-73.134348","N"
"CC CABECERA ETAPA IV","ACB065831","Cra 35a No 49 55 Lc 114 C C Cuarta Etapa","Santander","7.115118,-73.108904","N"
"EFECTY EXITO DIAGONAL 15 A","ACB077436","Cr 16 45-138 Cc Super Islas L-1-11 1-12","Santander","7.113414,-73.123884","N"
"ACCIONES Y VALORES EXITO LA RO","ACB061475","Carrera 17 45 56","Santander","7.113612,-73.12368","N"
"PF LAS PALMAS 2","ACB067855","Calle 48 No 32  19 Lc 3 Edificio Tempo","Santander","7.116563,-73.111921","N"
"EFECTY CARRERA 10","ACB111239","Cr 10 # 10-29","Santander","6.87995,-73.409618","N"
"EFECTY EXPRESS DIMONEX COSMETI OLGA CR33","ACB308569","Cr 33 # 47-65 Cabecera","Santander","7.117033,-73.111041","N"
"EFECTY SOTOMAYOR AV GONZALEZ VALENCIA","ACB077470","Cr 25 # 50- 38 Esquina","Santander","7.116098,-73.11705","N"
"EFECTY CALLE 45 CON 14","ACB301209","Cl 45 # 14-67 Brr Chorreras De San Juan","Santander","7.114233,-73.125991","N"
"ACCIONES Y VALORES PF OFICINA LAS PALMAS","ACB064720","Cl 47 N 28 54 Barrio Soto","Santander","7.117434,-73.112793","N"
"EFECTY","ACB351491","Cl 15 A 17   20","Santander","6.88049,-73.41055","N"
"EFECTY","ACB351590","Calle 48  26 19","Santander","7.116829,-73.115815","N"
"EFECTY","ACB355923","Calle 48  26 19","Santander","7.116829,-73.115815","N"
"EFECTY CARRERA 9 CON 43","ACB161629","Cr 9 # 43-59 Local 2 Edificio Omaga","Santander","7.113297,-73.129928","N"
"A Y V HOMECENTER BUCARAMANGA","ACB061794","Barrio La Concordia Kr 21 No 45 02","Santander","7.115865,-73.120674","N"
"CONEXRED","ACB309494","Carre 9  43  68","Santander","7.113504,-73.130094","N"
"EFECTY CENTRO CRA 17","ACB161948","Cr 17 # 42 04","Santander","7.115562,-73.123272","N"
"EFECTY CALLE 45 PAPELERIA AZ","ACB308570","Cl 45 # 27a 33 Barrio Sotomayor","Santander","7.117846,-73.114132","N"
"PF ABASTOS BUCARAMANGA","ACB067910","Via Palenque Cafe Mad No 44   96 Lc 2102","Santander","7.103146,-73.165859","N"
"EFECTY AV LA ROSITA CON 23","ACB278879","Cr 23 # 40-31","Santander","7.118144,-73.11853","N"
"EFECTY CRA 36 CON 44 SAN PIO","ACB277197","Cr 36 # 44 02 Barrio Cabecera Del Llano","Santander","7.120234,-73.109517","N"
"EFECTY CENTRO CALLE 37 PANAMA","ACB120743","Cr 16 # 37-100","Santander","7.116614,-73.125056","N"
"EFECTY BUCARAMANGA PARQUE BOLIVAR","ACB276877","Cl 39 # 21-57 Barrio Centro","Santander","7.118149,-73.120354","N"
"A Y V PF OFICINA PROFESIONALES","ACB064719","Cr 34 42 88 Br Cabecera Del Llano","Santander","7.12051,-73.111001","N"
"EFECTY PRINCIPAL EFECTY","ACB077667","Cr 19 # 36-83","Santander","7.118452,-73.122795","N"
"EFECTY CAFE MADRID","ACB150993","Cr 8 # 35an-01 Cafe Madri","Santander","7.116628,-73.131741","N"
"EFECTY CAFE MADRID SECTOR LA Y","ACB305852","Cr 10 Sec E Pj 2 Ca 84 Brr Betania Et 11","Santander","7.116577,-73.132113","N"
"A Y V PF OFICINA PASEO DEL COMERCIO","ACB064731","Cl 35 No 13  51 Lc 2","Santander","7.118123,-73.127847","N"
"EFECTY CARRERA 13 PASEO DEL COMERCIO","ACB077481","Cl 35 # 13-47","Santander","7.118179,-73.127857","N"
"EFECTY CARRERA 38","ACB166240","Cr 37 # 38-38","Santander","7.122689,-73.109319","N"
"EFECTY CALLE 36","ACB077623","Cl 36 N. 25-23","Santander","7.12099,-73.118081","N"
"MULTIPAGAS","ACB196588","Cra. 35 # 18-65","Santander","7.119622,-73.123767","N"
"EFECTY SAN VICENTE YARIGUIES","ACB323726","Cr 19 # 7-04","Santander","6.884158,-73.413959","N"
"EFECTY CENTRO COMERCIAL LOS ANDES","ACB190560","Cl 35 # 17-67 Local 105","Santander","7.119336,-73.125097","N"
"MULTIPAGAS","ACB270596","Calle 35 #19-41 Local 121","Santander","7.119917,-73.123051","N"
"EFECTY","ACB305874","Carrera 15  34   64 Barrio Centro","Santander","7.119134,-73.126664","N"
"EFECTY CALLE 36 CON 28 COOTRACOLTA","ACB077634","Cl 36 # 27-109","Santander","7.121842,-73.115753","N"
"EFECTY BARRIO SANTANDER CALLE 32","ACB304774","Cl 32 # 5 Occidente-25 Barrio Santander","Santander","7.116219,-73.137773","N"
"EFECTY EL PRADO CRA 33","ACB308592","Cr 33 # 37-17 Lc 2","Santander","7.123237,-73.112141","N"
"EFECTY PLAZA DE MERCADO CENTRO","ACB137024","Cr 16 # 33-44","Santander","7.120357,-73.126654","N"
"EFECTY ANTONIA SANTOS CALLE 34","ACB326521","Cl 34 # 26-12","Santander","7.122498,-73.118095","N"
"EFECTY PARQUE DE LOS NIÑOS","ACB077645","Cl 32 # 27-71","Santander","7.120577,-73.127529","N"
"EFECTY BARRIO SANTANDER 2","ACB276790","Cl 31 # 04-07","Santander","7.118819,-73.135412","N"
"EFECTY","ACB351644","Calle 41 No  34 37","Santander","7.12613,-73.10834","N"
"EFECTY ALVAREZ","ACB153600","Cr 40 # 34-08","Santander","7.126049,-73.108821","N"
"EFECTY SERVIRECAUDOS BUCARAMANGA","ACB077546","Cr 33 # 34-03","Santander","7.125349,-73.112497","N"
"EFECTY PARQUE CENTENARIO","ACB153271","Cr 18 # 30-77 Centro","Santander","7.122487,-73.125201","N"
"EFECTY PLAZA GUARIN BUCARAMANGA","ACB277537","Cr 33 # 33 A-25 Barrio El Prado","Santander","7.125876,-73.112606","N"
"MULTIPAGAS","ACB197336","Cra 21 # 30-60","Santander","7.123573,-73.123168","N"
"GIROS Y FINANZAS JUMBO MEGAMALL","ACB024669","Cl. 14 Cr 9 Esq Int. Almacén Olímpica","Santander","7.122569,-73.127929","N"
"EFECTY QUEBRADASECA CON CRA15","ACB123692","Av Quebrada Seca # 15-22","Santander","7.122912,-73.127975","N"
"CONEXRED","ACB303092","Carrera 5  28  11","Santander","7.121091,-73.135317","N"
"EFECTY BARRIO GIRARDOT CALLE 27","ACB173125","Cl 27 # 7-54 Barrio Girardot","Santander","7.122003,-73.133393","N"
"EFECTY FRENTE AL HOSPITAL UNIVERSITARIO","ACB173103","Cr 33 #30a-101","Santander","7.127997,-73.113236","N"
"EFECTY","ACB306864","Km 1  1 93 Local 6","Santander","7.129934,-73.107555","N"
"EFECTY LA FERIA CALLE 26","ACB153138","Cl 26 # 1-83","Santander","7.121993,-73.14046","N"
"EFECTY","ACB358377","Calle 57  15a 46","Santander","7.130124,-73.107974","N"
"EFECTY CENTRO COMERCIAL MEGAMALL","ACB118171","Cl 30 A # 33 A-83 Megamall","Santander","7.129261,-73.112032","N"
"EFECTY EXPRESS EFECTY BARRIO MIRAFLORES","ACB276932","Cr 55 # 18-14 Brr Miraflores","Santander","7.131622,-73.10244","N"
"EFECTY SAN FRANCISCO BOSS CRA 22","ACB116740","Cr 22 # 21-75","Santander","7.127264,-73.123309","N"
"EFECTY KENNEDY CENTRO","ACB190559","Cr 12 # 21-15","Santander","7.126005,-73.131727","N"
"MULTIPAGAS","ACB196775","Cra. 33a # 28-15","Santander","7.13074,-73.112067","N"
"EFECTY CARRERA 15 CON 19 MUTUALIDAD","ACB121140","Cr 15 # 19-67","Santander","7.127833,-73.129487","N"
"EFECTY CRA 24 BULEVAR BOLIVAR","ACB305984","Cr 24 # 19-69 Barrio San Francisco","Santander","7.129737,-73.122029","N"
"EFECTY KRA 27 CON 18 SAN ALONSO","ACB194069","Cr 27 # 18-67","Santander","7.13074,-73.119596","N"
"EFECTY EXPRESS EFECTY SAN ALONSO CRA 30","ACB277988","Cr 30 # 18-62 Local 1 Barrio San Alonso","Santander","7.131516,-73.11751","N"
"CONEXRED","ACB309582","Carrera  23 18 38","Santander","7.130509,-73.123188","N"
"EFECTY QUINTA BRIGADA","ACB077568","Cr 33 # 17-86","Santander","7.133016,-73.11321","N"
"AyV ARAUCA","ACB067174","Carrera 20 Con Calle 16","Arauca","7.081883,-70.756993","N"
"EFECTY SERVIRECAUDOS GIROS Y ENVIOS","ACB125430","Cl 15 # 16-59 Local 1","Arauca","7.081117,-70.754253","N"
"EFECTY CRISTO REY CALLE 17","ACB302585","Cr 19 # 17- 05","Arauca","7.082708,-70.756398","N"
"MULTIPAGAS","ACB197325","Carrera 22 # 19-43","Arauca","7.084365,-70.758875","N"
"CONEXRED","ACB307382","Calle 24 29 18","Arauca","7.087607,-70.766107","N"
"EFECTY PUNTO DE ACOPIO SERVIRECAUDOS","ACB119655","Cr 21 # 19-06","Arauca","7.084311,-70.757985","N"
"CONEXRED","ACB276053","Calle 21  20  42 Barrio Siete De Agosto","Arauca","7.085628,-70.75774","N"
"EFECTY CABAÑAS CALLE 24","ACB304686","Cl 24 # 25-03","Arauca","7.087668,-70.761813","N"
"EFECTY SERVIRECAUDOS ARAUCA S.A.S","ACB077238","Cl 21 # 19-50","Arauca","7.085653,-70.757146","N"
"CONEXRED","ACB276075","Carrera 21  22  40 Barrio Siete De Agost","Arauca","7.086691,-70.758152","N"
"EFECTY","ACB308525","Cl 15  21   66","Arauca","7.08658,-70.752775","N"
"EFECTY AVENIDA LEON Y VALENCIA","ACB323814","Cl 23 # 11-65","Arauca","7.087887,-70.749864","N"
"EFECTY COPY LLANOS CRA 20","ACB305357","Cr 20 # 27-65","Arauca","7.092101,-70.757398","N"
"EFECTY SAN LUIS CALLE 27","ACB191583","Cl 27# 16-20 San Luis","Arauca","7.091256,-70.754683","N"
"EFECTY BARRIO OBRERO ARAUQUITA","ACB306150","Cl 5 Cr 6 Esquina Barrio Obrero","Arauca","7.029618,-71.428864","N"
"EFECTY CORREGIMIENTO PANAMA-ARAUQUITA","ACB172102","Panama De Arauca","Arauca","7.02928,-71.429478","N"
"EFECTY SERVIRECAUDOS LA ESMERALDA","ACB172937","Cl 2 # 3-18 Barrio El Centro","Arauca","7.029633,-71.432004","N"
"EFECTY TAME CRA 19","ACB170616","Cl 15 # 19-57 Tame","Arauca","6.459617,-71.735551","N"
"EFECTY CORREGIMIENTO PUERTO JORDAN","ACB190724","Puerto Jordan Barrio Centro","Arauca","6.45704,-71.745516","N"
"EFECTY NET CR 12","ACB308383","Cl 12 N. 11-59","Casanare","6.154892,-71.76236","N"
"EFECTY BARRIO LAS PALMERAS - SARAVENA.","ACB175523","Cr 13 # 11-30 Barrio Las Palmeras","Arauca","6.945142,-71.867144","N"
"CONEXRED","ACB279528","Calle 22  13 37 Barrio Alfonso Lopez","Arauca","6.954117,-71.87267","N"
"EFECTY DROGUERIA PAISASOS","ACB278143","Dg 30 # 14 80 Barrio Centro","Arauca","6.956053,-71.87266","N"
"EFECTY MULTISERVICIOS FONTECHAT","ACB274127","Cr 14 # 25 45","Arauca","6.956053,-71.87266","N"
"EFECTY DROGUERIA FARMASANTI","ACB277593","Cr 20 # 28-47","Arauca","6.956053,-71.87266","N"
"EFECTY CORREGIMIENTO PUERTO NARIÑO","ACB195631","Correg Puerto Naiño Cr 2 # 2-1","Arauca","6.953041,-71.87764","N"
"EFECTY PAZ DE ARIPORO PARQUE","ACB159640","Cr 8 # 11-02","Casanare","5.881805,-71.892209","N"
"EFECTY DIMONEX JESSICA SPORT","ACB305939","Cl 8 # 9-40","Casanare","5.880584,-71.892912","N"
"CONEXRED","ACB192870","Kr 10 N 4 67 Barrio Las Villas","Casanare","5.877933,-71.896564","N"
"EFECTY CENTRO CALLE 2","ACB113594","Av Principal Drogueria Nacional","Boyaca","7.00393,-72.107856","N"
"EFECTY CUBARA CENTRO","ACB177295","Cl 6 # 5-76","Boyaca","7.003549,-72.110066","N"
"EFECTY LA PRIMAVERA CENTRO","ACB123087","Cr 8 5-18","Vichada","5.492591,-70.4145","N"
"EFECTY CLLE 7 SIMON BOLIVAR","ACB191220","Cl 7 # 12-06","Casanare","5.727775,-71.99019","N"
"EFECTY PORE CRA 14**","ACB271388","Cl 6 # 14-25","Casanare","5.728033,-71.992432","N"
"EFECTY EDS LA ESPERANZA","ACB308349","Cr 20 # 7-41","Casanare","5.730826,-71.997742","N"
"EFECTY LA LIBERTAD CLL 4","ACB302178","Cl 4 # 17-39","Casanare","5.728345,-71.996105","N"
"EFECTY TRINIDAD CRA 5","ACB170133","Cr 5 # 9 -65","Casanare","5.41042,-71.662754","N"
"CONEXRED","ACB300264","Carrera 4  6  26 Barrio Centro","Casanare","5.407445,-71.662389","N"
"EFECTY TRINIDAD CENTRO CRR 4","ACB161849","Cr 4 5-10","Casanare","5.40677,-71.661944","N"
"EFECTY CENTRO CRA 6.","ACB190735","Cr 6 # 3-35","Casanare","5.421496,-71.730792","N"
"CONEXRED","ACB300758","Carrera 7  13  6 Barrio Centro","Casanare","5.420817,-71.731076","N"
"EFECTY DISTRISERVI","ACB302903","Cl 2 # 8 30","Casanare","5.420229,-71.730862","N"
"EFECTY CENTRO CLLE 9","ACB171156","Cl 9 # 7-29","Casanare","5.830254,-72.163015","N"
"EFECTY LA SALINA","ACB301737","Cl 3 5-29","Casanare","6.127924,-72.334162","N"
"EFECTY CRA 4","ACB113022","Cr 4 # 5-32","Boyaca","6.463001,-72.412192","N"
"COOPERATIVA FINANCIERA DE ANTIOQUIA","ACB172838","Kr 31 Cl Boyaca   29 18","Antioquia","6.647778,-72.461389","N"
"EFECTY EL ESPINO CRA 5","ACB113033","Cr 5 5-01","Boyaca","6.482388,-72.496373","N"
"EFECTY CENTRO CALLE 5 NUNCHIA","ACB165063","Cl 5 # 3-11","Casanare","5.638101,-72.195527","N"
"EFECTY CENTRO CALLE 6","ACB115310","Cl 6 # 5-32","Boyaca","6.187904,-72.472664","N"
"CONEXRED","ACB320020","Carrera 6  5  32","Boyaca","6.316483,-72.561023","N"
"EFECTY EDIFICIO PRINCIPAL","ACB112911","Edificio Municipal Local 103","Boyaca","6.329773,-72.585416","N"
"GIROS Y FINANZAS CÚCUTA METRO VENTURA","ACB024593","Diag. Santander Cl. 10 Y 11 Int. Metro","Norte De Santander","7.888106,-72.496538","Y"
"EFECTY TOLEDO CRA 4","ACB162950","Cr 4 # 11-60 Barrio Napoleon","Norte De Santander","7.309218,-72.48172","N"
"CONEXRED","ACB322660","Carrera 4  1  123","Santander","6.528544,-72.696514","N"
"EFECTY DATIL CRA.5","ACB118698","Cr 5 # 5-85","Boyaca","6.331399,-72.683889","N"
"EFECTY CENTRO","ACB112010","Cl 6 # 3-30","Santander","6.767204,-72.694598","N"
"AYV PF MALAGA","ACB066337","Carrera 7a No 12   45 Cc Andino Lc 16","Santander","6.699183,-72.731696","N"
"EFECTY","ACB354757","Carrera 9  14 12","Santander","6.701078,-72.732304","N"
"EFECTY MALAGA TERMINAL","ACB326455","Cr 9 # 14-12","Santander","6.701301,-72.732472","N"
"BANCAMIA MALAGA","ACB063653","Carrera 9 13 50","Santander","6.70067,-72.732814","N"
"GIROS Y FINANZAS PALMAS EDIF TRAFALGAR","ACB020148","Calle 44 29a 45 Edificio","Santander","7.119863,-73.111832","Y"
"EFECTY LA FLORIDA","ACB113484","Cl 7 # 7-29","Boyaca","5.997888,-72.690066","N"
"CONEXRED","ACB320129","Avenida 4  4  51","Norte De Santander","7.578147,-72.475826","N"
"EFECTY EFECTYNET.COM","ACB308240","Cl 3 # 9-8","Casanare","4.789334,-71.339363","N"
"EFECTY EL CENTRO AVENIDA 3","ACB113923","Av 3 5-02","Norte De Santander","7.578173,-72.476521","N"
"EFECTY CENTRO CALLE 4","ACB112702","Cl 4 # 3-34","Santander","6.344215,-72.811495","N"
"EFECTY EXPRESS DIMONEX VILLA LUCIA","ACB270057","Cl 33 # 46-39","Casanare","5.34179,-72.368481","N"
"EFECTY PLAZUELA BOLIVAR","ACB169144","Cr 8 # 2-40","Norte De Santander","7.377806,-72.644397","N"
"EFECTY CTRO COMERCIAL ALCARAVAN","ACB322198","Cr 29 # 18-03 Local 109","Casanare","5.344861,-72.38876","N"
"EFECTY","ACB175534","Cra 29  18  03 Local 109 Cc El Hobo","Casanare","5.344685,-72.388679","N"
"EFECTY VILLA MARIA CRA 29","ACB304246","Cr 29 # 20-66","Casanare","5.342796,-72.38745","N"
"EFECTY VILLA BENILDA CLL 30","ACB305193","Cl 30 # 30 A-07","Casanare","5.335545,-72.381414","N"
"EFECTY LOS HEROES","ACB110689","Cl 25 A # 29-05","Casanare","5.339103,-72.384817","N"
"CONEXRED","ACB322385","Calle 7 7 23","Norte De Santander","7.374399,-72.647464","N"
"EFECTY CRA 30 LAS AMERICAS","ACB322208","Cr 30 # 50-57","Casanare","5.323665,-72.371789","N"
"EFECTY SIGLO XXI CRA 29","ACB306907","Cr 29 # 28-02","Casanare","5.337042,-72.383843","N"
"MULTIPAGAS","ACB197589","Calle 24 # 28-72","Casanare","5.339837,-72.386481","N"
"CONEXRED","ACB322396","Carrera  6 3 95","Norte De Santander","7.378798,-72.646307","N"
"CONEXRED","ACB307470","Calle 21  27  35","Casanare","5.342032,-72.388961","N"
"EFECTY MANARE","ACB302563","Cl 33 28 12","Casanare","5.333525,-72.381512","N"
"EFECTY EXPRESS CR  29 LOS LAURELES","ACB323308","Cr 29 # 36-03","Casanare","5.33152,-72.380253","N"
"EFECTY PAPELERIA KASH","ACB308965","Cr 26 # 19-76","Casanare","5.342305,-72.390652","N"
"AyV PF PAMPLONA","ACB067679","Calle 7 No 5   46 Barrio Centro","Norte De Santander","7.375028,-72.651304","N"
"EFECTY CLLE 13","ACB156076","Cl 13 # 22-44","Casanare","5.34571,-72.396136","N"
"MULTIPAGAS","ACB197161","Calle 12 # 9 - 116","Casanare","5.346393,-72.396849","N"
"EFECTY","ACB358531","Carrera 7  3 12 Local 2 Barrio Fatima","Casanare","5.333825,-72.386062","N"
"EFECTY EL OASIS CALLE 35","ACB279748","Cl 35 # 25 A 108","Casanare","5.330276,-72.382988","N"
"EFECTY YOPAL PARQUE PRINCIPAL.","ACB276547","Cr 21 # 7-15","Casanare","5.349942,-72.400507","N"
"EFECTY CLL 10 CENTRO EFECTY","ACB119556","Cl 10 # 20-66","Casanare","5.347106,-72.399196","N"
"EFECTY CLL 9 CENTRO","ACB326390","Cl 9 # 20-32 Barrio Centro","Casanare","5.347925,-72.399978","N"
"EFECTY TERMINAL CRA 23","ACB307184","Cr 23 # 26-07","Casanare","5.335536,-72.389895","N"
"CONEXRED","ACB276471","Carrera 20  10  18 Barrio Centro","Casanare","5.346449,-72.399701","N"
"EFECTY YOPAL CENTRO CARRERA 19","ACB123681","Cr 19 # 7-56","Casanare","5.348575,-72.401867","N"
"EFECTY CENTRO CRA 20.","ACB171101","Cr 20 # 11-52","Casanare","5.345441,-72.399155","N"
"CONEXRED","ACB192276","Cl 13  19   70","Casanare","5.344367,-72.39873","N"
"EFECTY YOPAL CRA 20 - 16","ACB271519","Cr 20 # 16-34","Casanare","5.341881,-72.397346","N"
"EFECTY BEAUTY CENTER 3","ACB277636","Cl 9 # 18-16","Casanare","5.346783,-72.402079","N"
"EFECTY YOPAL CALLE 24","ACB120941","Cl 24 # 20 A-32","Casanare","5.336048,-72.393243","N"
"BANCAMIA YOPAL","ACB063048","Cl 13 No 18 04","Casanare","5.343577,-72.400159","N"
"MULTIPAGAS","ACB197765","Cra 20 22-44","Casanare","5.336943,-72.394635","N"
"EFECTY YOPAL PROVIVIENDA","ACB175545","Cr 20 # 28 -17","Casanare","5.332431,-72.392048","N"
"EFECTY DIMONEX CR 18","ACB302486","Cl 16 # 17-10","Casanare","5.340855,-72.399691","N"
"EFECTY LA ESPERANZA CR 16","ACB309218","Cr 16 # 21-83","Casanare","5.33607,-72.398317","N"
"EFECTY CAFE INTERNET CRA 14","ACB323122","Cr 14 # 17-09 Piso 1 Local 102","Casanare","5.338943,-72.401533","N"
"EFECTY AEROPUERTO YOPAL","ACB306699","Cl 40 # 19-20","Casanare","5.321567,-72.387258","N"
"EFECTY ARAGUANEY CLL. 24","ACB304367","Cl 24 # 12-90","Casanare","5.3335,-72.400585","N"
"EFECTY PAPELERIA JULIMAR","ACB326389","Cr 14 # 29 20","Casanare","5.329226,-72.398349","N"
"EFECTY CC UNICENTRO LOC S000","ACB194498","C.c. Unicentro Loc S000","Casanare","5.327025,-72.397446","N"
"EFECTY MORICHAL","ACB199976","Cl 5 # 5-14","Casanare","5.327025,-72.397446","N"
"EFECTY","ACB308954","Calle 24 No 10   53","Casanare","5.333123,-72.403209","N"
"EFECTY","ACB352964","Carrera 13  30 04","Casanare","5.327968,-72.399046","N"
"EFECTY CLL 20 BICENTENARIO.","ACB304312","Cr 9 N- 25-45","Casanare","5.330965,-72.404279","N"
"EFECTY YOPAL LA 40","ACB121249","Cr 15 Bis # 39-51","Casanare","5.319615,-72.394333","N"
"EFECTY LA CHAPARRERA CRA 4.","ACB270091","Cr 4 # 4-67 La Chaparrera","Casanare","5.328087,-72.402774","N"
"EFECTY BOCHALEMA","ACB113516","Cr 5 # 8-53","Santander","6.811956,-72.848241","N"
"EFECTY","ACB302507","Cl 40  11   68","Casanare","5.31823,-72.398416","N"
"EFECTY TV 7","ACB305281","Tv 7 # 37-33","Casanare","5.320166,-72.400616","N"
"EFECTY CALLE 46 EL PROGRESO II","ACB125287","Cl 46 # 7 A-27","Casanare","5.313107,-72.401261","N"
"EFECTY BOSQUES DE MANARE","ACB302497","Cl 42 # 01-99","Casanare","5.316504,-72.404302","N"
"EFECTY GUACA PARQUE","ACB326466","Cl 4 # 4-22","Santander","6.876301,-72.856218","N"
"CONEXRED","ACB309768","Carrera 6  7  42","Boyaca","5.910144,-72.781561","N"
"EFECTY AVENIDA 4","ACB111240","Av 4 # 1-36","Norte De Santander","7.600183,-72.60215","N"
"EFECTY LA PARADA CALLE 6","ACB302408","Cl 6 # 7 22 Correg La Parada","Norte De Santander","7.819037,-72.455245","N"
"AYV LA PARADA","ACB066591","Autopista 70 Villa Del Rosario","Norte De Santander","7.819899,-72.454962","N"
"CONEXRED","ACB322374","Manzana Z Lote 35   1   6","Norte De Santander","7.820878,-72.456899","N"
"CONEXRED","ACB307469","Carrera  8 20 20","Norte De Santander","7.820476,-72.473389","N"
"EFECTY SAN JUDAS CALLE 18","ACB308646","Cl 18 # 10- 75 San Judas","Norte De Santander","7.822191,-72.475116","N"
"EFECTY BARRIO LOMITAS","ACB172982","Cl 5 # 5-04 Barrio Lomitas","Norte De Santander","7.832526,-72.4696","N"
"EFECTY CENTRO LA CASONA","ACB323980","Cl 6 # 6-57","Norte De Santander","7.831659,-72.470749","N"
"CONEXRED","ACB309713","Calle 13  11  20","Norte De Santander","7.826901,-72.475354","N"
"CONEXRED","ACB199691","Kr 12 11 49","Norte De Santander","7.828064,-72.475836","N"
"EFECTY","ACB358520","Carrera 3 Calle 6","Norte De Santander","7.834193,-72.471135","N"
"AYV PF VALKOR VILLA DEL ROSARIO","ACB067284","Calle 5 No 8   89 Villa Del Rosario","Norte De Santander","7.832835,-72.472752","N"
"EFECTY 20 DE JULIO.","ACB194124","Aut Internacional San Antonio 14n 61 L-3","Norte De Santander","7.850164,-72.469102","N"
"EFECTY LA PALMITA VILLA DEL ROSARIO","ACB324057","Cr 7 # 9-48 Barrio La Palmita","Norte De Santander","7.850543,-72.4705","N"
"EFECTY CENTRO CRA 7","ACB112746","Cr 7 Cl 5 Esquina","Santander","6.47639,-72.97053","N"
"EFECTY TIERRA LINDA CALLE 16","ACB321395","Cl 16 # 7-19 4 Etapa Tierra Linda","Norte De Santander","7.813941,-72.513562","N"
"CONEXRED","ACB302992","Calle 16  7b  03 Local 2 Barrio Tierra L","Norte De Santander","7.813763,-72.514241","N"
"CONEXRED","ACB300088","Calle 16 7 B 03 Local 2 Barrio Tierra Li","Norte De Santander","7.813763,-72.514241","N"
"CONEXRED","ACB309560","Carrera 7b 1a 39","Norte De Santander","7.814403,-72.51417","N"
"CONEXRED","ACB307403","Avenida 10a  1s  07","Norte De Santander","7.814799,-72.51638","N"
"CONEXRED","ACB279496","Carrera 10a  114 Barrio Los Patios","Norte De Santander","7.814217,-72.516891","N"
"CONEXRED","ACB279782","Calle 32 3 40","Norte De Santander","7.837897,-72.496982","N"
"CONEXRED","ACB307272","Avenida 10  18 26","Norte De Santander","7.833878,-72.50096","N"
"CONEXRED","ACB196193","Kr 6 # 22 19 Brr Bonanza","Cundinamarca","7.834644,-72.500295","N"
"EFECTY LA CORDIALIDAD AV 1","ACB321384","Av 1e # 31-31 La Cordialidad","Norte De Santander","7.837303,-72.498819","N"
"EFECTY PINAL DEL RIO AV 10","ACB165755","Av 10 # 61-60 Lc 1 Pinal Del Io","Norte De Santander","7.831698,-72.506634","N"
"EFECTY SERPATIOS","ACB122350","Av 10 # 14-69 Loc. H9 Pensilvania","Norte De Santander","7.831698,-72.506634","N"
"EFECTY SABANA","ACB116344","Av 4 # 31-55","Norte De Santander","7.839155,-72.503447","N"
"CONEXRED","ACB309449","Calle 8 27 89","Norte De Santander","7.888287,-72.462552","N"
"ACCIONES Y VALORES","ACB066919","Pf Los Patios","Norte De Santander","7.838587,-72.508473","N"
"EFECTY SABANA CALLE 33","ACB273940","Av 10 # 33-32","Norte De Santander","7.84207,-72.507123","N"
"CONEXRED","ACB274172","Avenida 17 # 24 -50 Barrio Aguas","Norte De Santander","7.881264,-72.474089","N"
"CONEXRED","ACB274512","Callel 12  13 19  Local 105 Barrio Centr","Norte De Santander","7.881264,-72.474089","N"
"EFECTY AGUAS CALIENTES CALLE 19","ACB190713","Cl 19 # 17-04 Aguas Calientes","Norte De Santander","7.884178,-72.472881","N"
"EFECTY BELLAVISTA AV 11","ACB279210","Av 11 # 27-24","Norte De Santander","7.880269,-72.479017","N"
"EFECTY BARRIO LA UNION AV 6","ACB162927","Av 6 # 3-106 Barrio La Union","Norte De Santander","7.893593,-72.467331","N"
"CONEXRED","ACB271586","Calle 12 # 17 03 Barrio Aniversario Ii","Norte De Santander","7.888311,-72.47237","N"
"CONEXRED","ACB199657","Cl 17 15   16","Norte De Santander","7.886513,-72.474183","N"
"EFECTY SERVIENTREGA BODEGA CUCUTA","ACB122536","Cl 22n # 11-85","Norte De Santander","7.883904,-72.478353","N"
"EFECTY CAMILO DAZA CALLE 44","ACB301429","Cl 44 # 8-15 Camilo Daza","Norte De Santander","7.875065,-72.486625","N"
"CONEXRED","ACB192430","Av 12 17 13","Norte De Santander","7.887029,-72.476901","N"
"OFICINA VIVERO","ACB066106","Diagonal Santander Con Av Deme","Norte De Santander","7.883566,-72.485984","N"
"EFECTY ALTO PAMPLONITA AV 10","ACB132645","Av 10 # 6-80","Norte De Santander","7.896317,-72.47524","N"
"AYV EXITO SAN MATEO","ACB067196","Dg Stander Av Demetrio Exito Mate0 L108a","Norte De Santander","7.882854,-72.488498","N"
"EFECTY GUAIMARAL","ACB078372","Cl 6n # 11e-16 Local 5","Norte De Santander","7.89742,-72.477435","N"
"EFECTY","ACB277658","Calle 0 Num 11 03 Local 4","Norte De Santander","7.905766,-72.469911","N"
"EFECTY NUEVA REDOMA DAS","ACB274644","Av 1 # 21-29","Norte De Santander","7.876376,-72.499187","N"
"MULTIPAGAS","ACB197886","Av Dimetrius Dg Santander","Norte De Santander","7.894515,-72.48266","N"
"CONEXRED","ACB309636","Calle 23a 1b 40","Norte De Santander","7.8748,-72.50089","N"
"MULTIPAGAS","ACB197534","Av. 3 # 10-53","Norte De Santander","7.894993,-72.482541","N"
"EFECTY NUEVO ESCOBAL","ACB165656","Cl 7a # 4 -167 Barrio Nuevo Escobal","Norte De Santander","7.914529,-72.465266","N"
"EFECTY SAN LUIS AV. 3","ACB173004","Av 3 # 7-03 Loc 3 San Luis","Norte De Santander","7.897404,-72.4817","N"
"CONEXRED","ACB276031","Calle 9  4  87 Barrio Centro","Norte De Santander","7.911325,-72.469399","N"
"EFECTY PRADOS DEL ESTE","ACB127344","Av 4 B # 4-131","Norte De Santander","7.907718,-72.473338","N"
"CONEXRED","ACB320217","Calle 18  25  10","Norte De Santander","7.879493,-72.499368","N"
"ACCIONES Y VALORES PARQUE SANTANDER","ACB060715","Av 5 No 10 37 Lc 14","Norte De Santander","7.88625,-72.494225","N"
"EFECTY LA CABRERA AV 4","ACB324222","Av 4 # 17-94 Local 4 La Cabrera","Norte De Santander","7.879295,-72.501399","N"
"OFICINA AVENIDA CERO PF","ACB064643","Avenida Cero No 13 153","Norte De Santander","7.883497,-72.497748","N"
"EFECTY LA RIVERA CALLE 9","ACB191792","Cl 9 # 6e-36","Norte De Santander","7.889902,-72.491933","N"
"EFECTY LOS PATIOS PRINCIPAL","ACB078415","Av 10 # 25-46","Norte De Santander","7.872546,-72.507958","N"
"EFECTY","ACB172135","Av Gran Colombia No 3e 96 Local","Norte De Santander","7.895729,-72.487458","N"
"CONEXRED","ACB199680","Av  10  25   32 Lc 1","Norte De Santander","7.873698,-72.507522","N"
"EFECTY C.C. LA ALEJANDRIA CL 8","ACB156559","Cl 8 # 6-06 Lc 24-145 Cc La Presentacion","Norte De Santander","7.912999,-72.471921","N"
"PF VENTURA PLAZA II","ACB065952","Cl 10 11 Diag Santander Cc Ventura Lc L3","Norte De Santander","7.887543,-72.496482","N"
"PAGAFACIL METRO VENTURA","ACB066414","Calle 10e 2e 90 Local 1005 Metro","Norte De Santander","7.8881,-72.49654","N"
"OFICINA GRAN BULEVAR","ACB066096","Avenida 0 Calle 11","Norte De Santander","7.886571,-72.498463","N"
"EFECTY URB.PRADOS DEL ESTE AV 7B","ACB163258","Av 7b # 6-06 Apto 102","Norte De Santander","7.911962,-72.47503","N"
"OFICINA PAGAFACIL AVENIDA CERO II","ACB066261","Av 0 N 11167 Local 2 Edificio Negomon","Norte De Santander","7.886817,-72.498275","N"
"EFECTY AV GRANCOLOMBIA","ACB323375","Av Grancolombia # 3e-80","Norte De Santander","7.891356,-72.494201","N"
"EFECTY TORRES DEL PAR AV. LIBERTADORES","ACB321021","Cl 2n # 15e-20 Loc -4c","Norte De Santander","7.901521,-72.485296","N"
"EFECTY CENTRO CALLE 10 PARQUE SANTANDER","ACB118962","Cl 10 # 5-84 Edificio Sead Int. 1","Norte De Santander","7.889123,-72.496799","N"
"CONEXRED","ACB309438","Calle 13 3 2","Norte De Santander","7.884538,-72.50133","N"
"CONEXRED","ACB307371","Kdx29 Local 2 Via Puerto Santander","Norte De Santander","7.888046,-72.498663","N"
"CONEXRED","ACB199712","Cl 7  7   46","Norte De Santander","7.893526,-72.493707","N"
"EFECTY CALLE 9 DIAGONAL A COMFANORTE","ACB129050","Cl 9 # 0-20 Barrio Latino","Norte De Santander","7.889077,-72.49885","N"
"CONEXRED","ACB276020","Avenida 5  12  90 Barrio Centro","Norte De Santander","7.884108,-72.50349","N"
"EFECTY QUINTA ORIENTAL AV 11","ACB326565","Av 11e # 1-40 Quinta Oriental","Norte De Santander","7.898302,-72.490604","N"
"CONEXRED","ACB309526","Avenida 3  10  83","Norte De Santander","7.886709,-72.50157","N"
"CONEXRED","ACB307513","Avenida 10  16  48","Norte De Santander","7.879632,-72.508072","N"
"CONEXRED","ACB271300","Avenida 0  9  50 Brr Comuneros","Norte De Santander","7.890608,-72.498614","N"
"GIROS Y FINANZAS CÚCUTA","ACB020214","Cl. 10 3-48 L-01 Edif.  Santander","Norte De Santander","7.88733,-72.502384","N"
"CONEXRED","ACB199602","Cl 11a  6   37","Norte De Santander","7.884655,-72.504861","N"
"ACCIONES Y VALORES PF OFICINA CUCUTA","ACB065260","Av 5 No 10  37 Lc 14","Norte De Santander","7.885094,-72.504619","N"
"GIROS Y FINANZAS AVENIDA SEXTA","ACB026122","Av. 6 # 11-53 Y 11-55 Centro","Norte De Santander","7.885546,-72.504656","N"
"EFECTY PARQUE BUSBANZA","ACB326422","Mcp Busbanza","Boyaca","5.830454,-72.883812","N"
"EFECTY LLERAS DIAGONAL SANTANDER","ACB308657","Cl 6 # 0a-32 Lleras Restrepo","Norte De Santander","7.891908,-72.499973","N"
"CONEXRED","ACB199581","Av 5  8   85 Cc River Plaza Lc 247","Norte De Santander","7.888124,-72.503417","N"
"CONEXRED","ACB275986","Calle 10  6  14 Barrio Centro","Norte De Santander","7.886798,-72.505088","N"
"CONEXRED","ACB193804","Av 9  12 02 Brr Panamericano","Norte De Santander","7.884074,-72.507634","N"
"AYV PF DIAGONAL SANTANDER","ACB066690","Diagonal Santander 3 No 02  88","Norte De Santander","7.891791,-72.500664","N"
"CONEXRED","ACB307360","Avenida 6 9 59","Norte De Santander","7.887498,-72.504913","N"
"CONEXRED","ACB274820","Avenida 6 9 72 Centro Comercial Maracay","Norte De Santander","7.887403,-72.505319","N"
"CONEXRED","ACB276008","Calle 9  5  86 Barrio Centro","Norte De Santander","7.887798,-72.504966","N"
"A Y V PF OFICINA FRAN  PAULA SANTANDER","ACB064632","Cl 5 N 11 E  04 Barrio Colsag","Norte De Santander","7.902757,-72.491683","N"
"EFECTY","ACB306963","Av 3 Este  6 A   06","Norte De Santander","7.898051,-72.49686","N"
"EFECTY NUEVO ALEJANDRIA","ACB270112","Cl 8 # 6-06 Lc 2-3 68 Piso 2","Norte De Santander","7.888765,-72.505358","N"
"EFECTY CIUDAD JARDIN MZ 25","ACB163193","Mz 25 Lote 13 Lc. 1 Ciudad Jardin","Norte De Santander","7.90926,-72.487259","N"
"EFECTY AV.0 AL LADO DE MERKGUSTO","ACB078305","Av 0 # 0-50 B Lleras Restrepo","Norte De Santander","7.896246,-72.500193","N"
"EFECTY BARRIO EL CONTENTO CLL 11","ACB190670","Cl 11 # 13-57 Barrio El Contento","Norte De Santander","7.883889,-72.512453","N"
"CONEXRED","ACB303047","Calle  9  10 44","Norte De Santander","7.887291,-72.509623","N"
"CONEXRED","ACB309537","Avenida 5  4a  09","Norte De Santander","7.892726,-72.504847","N"
"AyV PF JARDIN PLAZA","ACB067020","Anillo Vial Ori  13 70 Mz A Lote 1 S01","Norte De Santander","7.920743,-72.479828","N"
"GIROS Y FINANZAS C.C. JARDIN PLAZA","ACB026254","Avial Oriental # 13-70 Mz A Lt 1 Urb San","Norte De Santander","7.920914,-72.479828","N"
"EFECTY CRA 5","ACB112966","Cr 5 # 4-07","Santander","6.694401,-73.019312","N"
"CONEXRED","ACB320107","Calle 3  5 1","Norte De Santander","7.894081,-72.505405","N"
"OFICINA PAGAFACIL VILLA DEL ROSARIO","ACB066304","Calle 5 N 883 Centro De Villa Dl Rosario","Norte De Santander","7.891264,-72.508608","N"
"AYV SAO CUCUTA","ACB067086","Anillo Vial No 13 70 Local A1","Norte De Santander","7.92294,-72.479949","N"
"CONEXRED","ACB199646","Cl 10n  11e   09","Norte De Santander","7.909753,-72.492649","N"
"EFECTY LA MERCED CLL.1","ACB307151","Cl 1 # 5-39 Lc-2 La Merced","Norte De Santander","7.896736,-72.505484","N"
"EFECTY CARORA AV 9","ACB305379","Cl 4 # 9 99 Local 102","Norte De Santander","7.891996,-72.51","N"
"EFECTY MINI ESTADIO GUAIMARAL","ACB126662","Av 11e #11 N -16 Barrio Guaimaral","Norte De Santander","7.910689,-72.493083","N"
"CONEXRED","ACB322538","Carrera 48  29 26","Bolivar","7.904671,-72.498916","N"
"CONEXRED","ACB307359","Calle 14a Norte 16 Este 61","Norte De Santander","7.913889,-72.490705","N"
"CONEXRED","ACB324288","Calle 8n  11e 91","Norte De Santander","7.906944,-72.497143","N"
"EFECTY SAN MIGUEL AV 17","ACB195532","Av 17 # 8-51 Local 2","Norte De Santander","7.886142,-72.516445","N"
"CONEXRED","ACB309614","Avenida 13 Este 15 Norte 130","Norte De Santander","7.915005,-72.490122","N"
"EFECTY CUCUTA BARRIO CUNDINAMARCA CLL 11","ACB167296","Cl 11 # 20-53 Barrio Cundinamarca","Norte De Santander","7.882777,-72.51957","N"
"CONEXRED","ACB309801","Manzana 30 Lote 6","Norte De Santander","7.897267,-72.507319","N"
"CONEXRED","ACB309791","Calle 1c  2b  24","Norte De Santander","7.900136,-72.504755","N"
"CONEXRED","ACB309966","Calle 5a Norte  4 113","Norte De Santander","7.903875,-72.502449","N"
"EFECTY GUAIMARAL CLL 15","ACB301430","Cl 15n # 10e-19 Guaimaral","Norte De Santander","7.913595,-72.493852","N"
"EFECTY SAN MARTIN CALLE 2","ACB321054","Cl 2 # 11a-88 Local 1 Urb San Martin","Norte De Santander","7.893803,-72.512179","N"
"GIROS Y FINANZAS UNICENTRO","ACB024515","Av. Libertadores Con Canal Bogotá L-129","Norte De Santander","7.917239,-72.491744","N"
"EFECTY DURANIA AV. 2 BARRIO LA TROJA","ACB150014","Av 2 # 5-26 Lote 1 Barrio La Troja","Norte De Santander","7.714812,-72.657589","N"
"CONEXRED","ACB198678","Cl 11 8 25 Brr Centro","Norte De Santander","7.921316,-72.488403","N"
"EFECTY BARRIO SEVILLA AV 7A","ACB164017","Av 7a # 2b Norte -02","Norte De Santander","7.901772,-72.50692","N"
"CONEXRED","ACB196335","Dg 25 Cl 61 - 41","Cesar","7.898668,-72.509918","N"
"A Y V PF OFICINA UNICENTRO CUCUTA","ACB065006","Av Libertadores, Av 1 Calle 20n - 173","Norte De Santander","7.91682,-72.493697","N"
"CONEXRED","ACB198667","Mz F 3 L 1 Brr La Concordia","Norte De Santander","7.905451,-72.505591","N"
"EFECTY AGUA CLARA SANTA MARIA","ACB194739","Kdx 29-c L-2 Via Puerto Santander","Norte De Santander","7.905451,-72.505591","N"
"EFECTY AVENIDA CERO","ACB078426","Cl 13 # 0 32 Local 101","Norte De Santander","7.91328,-72.498714","N"
"EFECTY CENTRO CRA.4","ACB113604","Cr 4 # 3-06","Norte De Santander","7.539222,-72.772648","N"
"EFECTY BARRIO PRADOS DEL NORTE AV 14","ACB172146","Av 4 Cl 18an # 21-74 Prados Del Norte","Norte De Santander","7.915977,-72.497949","N"
"AyV PAGAFACIL TERMINAL CUCUTA","ACB368518","Av 7  0   51 Lc 1","Norte De Santander","7.909709,-72.503997","N"
"CONEXRED","ACB193815","Cl 9 A  3 A  94 El Bosque","Norte De Santander","7.909173,-72.504615","N"
"AYV CENABASTOS","ACB066700","Av 2 N 31 N 38 Lc B97 Pab 4 Cenabastos","Norte De Santander","7.924118,-72.492616","N"
"CONEXRED","ACB199635","Av  Kennedy  1   34","Norte De Santander","7.904947,-72.513785","N"
"EFECTY BRR LATINO CENTRO CL 8 CON 2","ACB321032","Cl 8 # 2-25","Norte De Santander","7.891647,-72.527972","N"
"EFECTY GARCIA HERREROS CLL14A","ACB162828","Cl 14a # 2-06 Local1 Garcia Herreros","Norte De Santander","7.930759,-72.493318","N"
"EFECTY CALLE 9","ACB078316","Cl 9 # 9-21","Norte De Santander","7.889269,-72.531334","N"
"EFECTY LA INSULA AVENIDA 7","ACB191088","Av 7 # 0-70 Local 9 La Insula","Norte De Santander","7.923932,-72.500939","N"
"EFECTY LA VITORIA MZ F5","ACB271399","Mz F5 Lote 1 Lc 2 Ayalaya 1 Etapa","Norte De Santander","7.905618,-72.518436","N"
"EFECTY ANIVERSARIO II","ACB161838","Cl 4a Norte # 17 B-49 Brr Aniversario Ii","Norte De Santander","7.906618,-72.51812","N"
"EFECTY OSPINA PEREZ CALLE 20","ACB321043","Cl 20 # 0-104 Ospina Perez","Norte De Santander","7.932271,-72.495968","N"
"EFECTY","ACB351622","Av 5  9 30","Norte De Santander","7.93157,-72.49671","N"
"CONEXRED","ACB275997","Avenida 5  10  13 Local 01 Barrio Centro","Norte De Santander","7.933385,-72.496015","N"
"CONEXRED","ACB275964","Avenida 5  11  89 Barrio Centro","Norte De Santander","7.933469,-72.495978","N"
"CONEXRED","ACB279892","Avenida 7 3 21","Norte De Santander","7.929168,-72.500742","N"
"EFECTY EDIFICIO PASEO COMERCIAL","ACB277108","Av 5 # 7 29 Lc 10 Edf Paseo Comercial","Norte De Santander","7.912991,-72.51622","N"
"EFECTY PANAMERICANO AV. 7","ACB156603","Av 7 # 6-23 Barrio Panamericano","Norte De Santander","7.930269,-72.500892","N"
"CONEXRED","ACB274556","Manzana 4 Lt 19 Et 3 Barrio Juan Atalaya","Norte De Santander","7.905672,-72.525569","N"
"EFECTY AEROPUERTO AV 2","ACB308668","Av 2 # 1-86 Lc 2 Aeropuerto","Norte De Santander","7.928515,-72.505069","N"
"CONEXRED","ACB309834","Avenida 11  8  03","Norte De Santander","7.93235,-72.503028","N"
"CONEXRED","ACB199592","Cl 10  0   29","Norte De Santander","7.897883,-72.535599","N"
"EFECTY BARRIO AEROPUERTO","ACB161773","Cl 15 Norte # 1-27 Barrio","Norte De Santander","7.918827,-72.517961","N"
"CONEXRED","ACB199668","Cl 12  2   82","Norte De Santander","7.934683,-72.504256","N"
"CONEXRED","ACB300703","Avenida 12 16 45 Barrio La Libertad","Norte De Santander","7.902059,-72.536766","N"
"EFECTY BARRIO VIRGILIO BARCO CLL 21","ACB170045","Av 2 # 21-46 Apto 1 Brr Virgilio Barco","Norte De Santander","7.940975,-72.502103","N"
"CONEXRED","ACB199679","Cl 11  5   83","Norte De Santander","7.921385,-72.524017","N"
"CONEXRED","ACB199613","Cl 13  5   48","Norte De Santander","7.922179,-72.523648","N"
"EFECTY MOTILONES AV 5","ACB326598","Av 5 # 2-40 Local 1 Motilones","Norte De Santander","7.918362,-72.527376","N"
"CONEXRED","ACB199701","Cl 7  29 117","Norte De Santander","7.915463,-72.531567","N"
"EFECTY EL CONTENTO CALLE 14","ACB326554","Cl 14 Av 12 # 12-13","Norte De Santander","7.938877,-72.511082","N"
"EFECTY TRIGAL DEL NORTE CALLE 3","ACB326619","Cl 3 # 0-38 Local 4 Trigal Del Norte","Norte De Santander","7.945946,-72.504613","N"
"CONEXRED","ACB304004","Calle 34  5 2","Cundinamarca","7.932826,-72.516941","N"
"EFECTY","ACB354911","Calle 3  0 38 Local 4 Trigal Del Norte","Norte De Santander","7.946125,-72.505514","N"
"EFECTY LA HERMITA","ACB194904","Av 7 # 32-54 La Hermita","Norte De Santander","7.932026,-72.519358","N"
"CONEXRED","ACB303476","Calle 14b 1593","Norte De Santander","7.942712,-72.51634","N"
"EFECTY SECTOR PLAZA MERCADO","ACB304356","Cr 7 # 6-32","Santander","6.605067,-73.068081","N"
"EFECTY CENTRO PRINCIPAL","ACB172070","Cr 8 # 9-04","Santander","6.607088,-73.068681","N"
"EFECTY VEREDA UVO VIA NACIONAL","ACB305676","Vereda Uvo Km 16 Via San Gil","Santander","6.604539,-73.069139","N"
"EFECTY LA ESPIGA CRA. 15","ACB320251","Cr 15 A # 22-04","Casanare","5.177139,-72.541568","N"
"EFECTY CURITI","ACB122206","Cl 8 #10-54","Santander","6.606493,-73.070322","N"
"EFECTY BERLIN CORREGIMIENTO DE TONA","ACB128828","Cl 8 # 7-08","Santander","7.203678,-72.966218","N"
"EFECTY EL CRISTAL","ACB320273","Cl 18 21-61","Casanare","5.178335,-72.547307","N"
"EFECTY EXPRESS EFECTY MUNDOEXPLORE","ACB300857","Cr 12 # 15-33","Casanare","5.171425,-72.544572","N"
"EFECTY EXPRESS EFECTY CR 16","ACB300846","Cl 15 N.16-31","Casanare","5.173416,-72.546784","N"
"EFECTY AGUAZUL CRA 18","ACB175556","Cr 18 # 13 -24","Casanare","5.173309,-72.548784","N"
"EFECTY CENTRO","ACB115442","Cr 17 # 10-57","Casanare","5.171044,-72.550102","N"
"EFECTY CORREGIMIENTO CUPIAGUA","ACB278176","Cl 3 # 7-07 Correg Cupiagua","Casanare","5.161956,-72.544097","N"
"EFECTY CENTRO CLL 8","ACB320262","Cl 8 # 15-46","Casanare","5.168918,-72.550427","N"
"EFECTY","ACB354647","Carrera 2  4 84","Casanare","5.158564,-72.545387","N"
"EFECTY PORVENIR CRA 2","ACB326345","Cr 2 # 4 84","Casanare","5.168521,-72.554817","N"
"EFECTY","ACB358586","Calle 51  54  08","Santander","6.9879,-73.044087","N"
"EFECTY PASEO DEL PUENTE.","ACB151312","Cr 6 # 21-40 L-007 Cc Paseo Del Puente 2","Santander","6.975853,-73.046986","N"
"AYV EXITO PASEO DE PUENTE","ACB066942","Carrera 6 Calle 22 Local 104","Santander","6.975562,-73.047129","N"
"CONEXRED","ACB302981","Transversal 11  13  12 Barrio La Nueva C","Santander","6.985119,-73.046663","N"
"EFECTY BARRIO SAN RAFAEL","ACB111624","Cl 7 13-61 Local 2","Santander","6.989942,-73.04602","N"
"EFECTY NUEVA CANDELARIA","ACB175600","Cr 9a # 13-32","Santander","6.984424,-73.047415","N"
"EFECTY","ACB351051","Km 12 Via Curos Los Santos","Santander","6.883232,-73.066639","N"
"EFECTY","ACB356111","Km 12 Via Curos Los Santos","Santander","6.883232,-73.066639","N"
"EFECTY LOS CISNES","ACB277702","Cr 2 N. 22-24 Barrio Paseo Del Puente 2","Santander","6.973788,-73.049871","N"
"CONEXRED","ACB198919","Carrera 10  6  68","Boyaca","5.768808,-72.939737","N"
"EFECTY HOYO GRANDE PIEDECUESTA","ACB306710","Cl 17 # 4-25","Santander","6.979038,-73.050295","N"
"CONEXRED","ACB320064","Carrera 11  21  90 Local 112 C","Boyaca","5.724351,-72.922583","N"
"CONEXRED","ACB320053","Calle 74d Bis  78i  15","Cundinamarca","5.724373,-72.922658","N"
"EFECTY","ACB356199","Cra 11  22   57","Boyaca","5.724633,-72.922841","N"
"EFECTY","ACB351138","Cra 11  22   57","Boyaca","5.724633,-72.922841","N"
"EFECTY PIEDECUESTA PORTAL DEL VALLE","ACB304828","Cl 23 # 1w -81 Portal Del Valle","Santander","6.972412,-73.052007","N"
"EFECTY SANTA ROSA DE VITERBO CENTRO","ACB274116","Cr 4 # 9-10","Boyaca","5.875058,-72.981738","N"
"CONEXRED","ACB322505","Calle 12  6 36","Santander","6.983764,-73.05021","N"
"MULTIPAGAS","ACB278901","Carrera 15  3an 10","Santander","6.986466,-73.049769","N"
"EFECTY","ACB302080","Kr 18  7   11","Santander","6.99687,-73.047625","N"
"CONEXRED","ACB309878","Carrera 4  7  45","Boyaca","5.875234,-72.982874","N"
"EFECTY CENTRO PARQUE PRINCIPAL","ACB111613","Cl 10 # 6-44 L-106","Santander","6.985148,-73.050661","N"
"MULTIPAGAS","ACB196940","Carrera 7 # 8 - 39","Santander","6.986791,-73.050498","N"
"EFECTY DIMONEX SANTA ROSA","ACB191604","Cl 8 # 5 -11","Boyaca","5.874243,-72.98301","N"
"EFECTY PIEDECUESTA CENTRO CRA 7 CON 8.","ACB279276","Cr 7 # 8-20","Santander","6.986732,-73.050595","N"
"EFECTY HOYO CHIQUITO","ACB190614","Cl 5 # 8-79 Lc 2","Santander","6.989991,-73.050182","N"
"EFECTY ZAFIRO","ACB302068","Cr 1e Cl 12 Torre 1 L-4 Brr Vellavista","Santander","6.981228,-73.053468","N"
"EFECTY CAMELOT","ACB302640","Cl 8 # 3-188 Lc 1","Santander","6.985767,-73.053603","N"
"EFECTY JUNNIN II","ACB161070","Cl 6n # 4-154 Junnin Ii","Santander","6.987652,-73.053487","N"
"EFECTY NAVARRA REAL","ACB150960","Dg 6 # 1a-92 Lc 15 Conjunto Navarra Real","Santander","6.99156,-73.052753","N"
"CONEXRED","ACB303784","Carrera 4  6n  31","Santander","6.987465,-73.05383","N"
"EFECTY","ACB352700","Carrera 10 14 117","Boyaca","5.717737,-72.925781","N"
"EFECTY PIEDECUESTA BARRIO LA CANTERA","ACB300341","Cr 3 # 6-17 Barrio La Cantera","Santander","6.987015,-73.054972","N"
"EFECTY CENTRO CRA 10","ACB173037","Cr 10 # 14-02 Lc 1","Boyaca","5.716715,-72.926094","N"
"EFECTY SERVIENTREGA SAN CARLOS","ACB302079","Cr 15 # 1 A-15 Norte","Santander","6.9993,-73.052494","N"
"EFECTY DROG FARMAHOGAR LA MESA","ACB277559","Mesa De Los Santos Guayabal Lc 9","Santander","6.993982,-73.054224","N"
"EFECTY CENTRO COMERCIAL DE LA CUESTA.","ACB277692","C.c. De La Cuesta","Santander","6.993982,-73.054224","N"
"EFECTY CHACARITAS BARILOCHE","ACB165074","Cr 2 # 2a Dg 5 Mz F Lote 1 Local 2","Santander","6.993982,-73.054224","N"
"EFECTY RUITOQUE VEREDA 3 ESQUINAS","ACB324167","Correg Mesa De Ruitoque Alto Casa 2 Lt 4","Santander","6.993982,-73.054224","N"
"EFECTY PS REFUGIO","ACB150849","Cl 3an # 3b-10 Piso Refugio","Santander","6.989158,-73.055344","N"
"EFECTY CC ECOPARK II","ACB304521","Km 7 Via Piedecuesta","Santander","6.995609,-73.054308","N"
"EFECTY PASEO CATALUÑA","ACB123131","Cl 1 # 5-126 Mz O Cs 241","Santander","6.993765,-73.054721","N"
"EFECTY MULTI SERVICIOS 15 CON15","ACB190636","Cl 15 # 15 -46","Boyaca","5.720277,-72.928922","N"
"EFECTY","ACB355440","Carrera 4  1n 33","Santander","6.990885,-73.055469","N"
"EFECTY CAMARA DE COMERCIO PARQUE","ACB110326","Cr 10 # 12-14","Boyaca","5.714983,-72.926947","N"
"CONEXRED","ACB275393","Carrera 11  11 101 Barrio Centro","Boyaca","5.715541,-72.928025","N"
"CONEXRED","ACB197996","Cl 12   10 48 Brr Centro Sogamoso","Boyaca","5.715742,-72.928402","N"
"CONEXRED","ACB322307","Calle 3an  6 Piedecuesta Santander","Santander","6.998042,-73.055462","N"
"EFECTY CARRERA 11 ESQUINA","ACB194311","Cr 11 # 10 -90","Boyaca","5.714281,-72.928577","N"
"EFECTY CALLE 12 EXITO.","ACB173048","Cl 12 # 12-84 Loc 12","Boyaca","5.716438,-72.929532","N"
"EFECTY SAN TELMO","ACB111635","Tv 1e Norte # 6 C-08","Santander","6.996406,-73.056496","N"
"MULTIPAGAS","ACB197149","Cra 9 #11- 46","Boyaca","5.715146,-72.929319","N"
"BANCAMIA SOGAMOSO","ACB062904","Cl 11 No 12  03 La Esquina","Boyaca","5.715056,-72.929461","N"
"EFECTY CENTRO CALLE 11","ACB177240","Cl 11 # 12 -49","Boyaca","5.715309,-72.929825","N"
"CONEXRED","ACB303113","Calle 3  5  69","Norte De Santander","7.878287,-72.626033","N"
"EFECTY BOSQUES DE ARANJUEZ PIEDECUESTA","ACB324529","Cr 4 # 1n-33","Santander","6.994255,-73.05789","N"
"EFECTY CENTRO COMERCIAL METRO","ACB164589","Cl 8 # 11 -43 Loc 1018","Boyaca","5.71227,-72.930993","N"
"EFECTY CALLE 11 TERMINAL","ACB120303","Cl 11 # 18-43","Boyaca","5.718124,-72.935095","N"
"CONEXRED","ACB322693","Carrera 10  12 84","Boyaca","5.708314,-72.931838","N"
"EFECTY BARRIO CATALUÑA","ACB175590","Cr 8 # 2a -24","Boyaca","5.706125,-72.931635","N"
"CONEXRED","ACB309504","Calle  6a Norte 10 34","Santander","6.995687,-73.063856","N"
"EFECTY SOGAMOSO UPTC","ACB136122","Cr 14 # 2 C-06 Sur","Boyaca","5.703598,-72.940536","N"
"CONEXRED","ACB303487","Avenida 1  8 80 Barrio El Triunfo","Norte De Santander","7.93045,-72.60085","N"
"CONEXRED","ACB309427","Carrera 5  3c  28","Santander","6.555051,-73.124592","N"
"EFECTY","ACB359390","Carrera 12a  2b 02 Barrio Bella Isla","Santander","6.544527,-73.125016","N"
"EFECTY UNISANGIL","ACB304905","Cl 3 Sur # 12-05 L-103 Urb La Floresta","Santander","6.53958,-73.127394","N"
"MOVISTAR","ACB071209","Carrera 9 10 02","Santander","6.553971,-73.131329","N"
"EFECTY SAN GIL CC EL PUENTE","ACB323506","Cl 10 # 12-184 Brr Sagrada Familia","Santander","6.552366,-73.131901","N"
"MULTIPAGAS","ACB197150","Carrera 9 # 12-54","Santander","6.555154,-73.133295","N"
"EFECTY","ACB302255","Calle 10 12 163 Local 163","Santander","6.551691,-73.133746","N"
"EFECTY PARQUE PRINCIPAL","ACB110250","Cl 13 # 9-58 Local 16","Santander","6.555011,-73.134014","N"
"EFECTY AVENIDA SANTANDER","ACB120062","Av Santander # 19-85","Santander","6.555893,-73.135377","N"
"EFECTY TERMINAL DE SAN GIL","ACB302266","Terminal De Transportes De San Gil","Santander","6.554232,-73.136004","N"
"EFECTY EXPRESS PAPELE LA MODERNA SAN GIL","ACB279694","Cr 13b # 29-17 Barrio Villa Del Rosario","Santander","6.556329,-73.136645","N"
"EFECTY SAN GIL VILLA OLIMPICA","ACB150157","Cr 17 # 15-65","Santander","6.552066,-73.138757","N"
"EFECTY","ACB301573","Cl 6  17   19 Lc 2","Santander","7.06461,-73.078041","N"
"CONEXRED","ACB322549","Callr 13  15 60","La Guajira","5.812292,-73.010801","N"
"EFECTY ALTAMIRA CRA 15","ACB306787","Cl 5 # 14-126","Santander","7.064727,-73.081146","N"
"EFECTY EXPRESS DIMONEX BARRIO SAN MARTIN","ACB323869","Cr 14a # 24-05","Santander","6.55633,-73.144516","N"
"EFECTY SERVIENTREGA BODEGA CALLE 11","ACB077382","Cl 11 # 8-08","Santander","7.058087,-73.084151","N"
"EFECTY","ACB352876","Calle 11  8 08 Favuis","Santander","7.058076,-73.084185","N"
"CONEXRED","ACB303498","Calle 4  8 09 Barrio Valle De San Jose","Santander","6.447603,-73.143723","N"
"EFECTY SERVIENTREGA VALLE DE SAN JOSE","ACB125441","Cr 9 6-33","Santander","6.448089,-73.143786","N"
"EFECTY SURATA CRA5","ACB191660","Cr 5 # 5 Impar","Santander","7.366864,-72.983983","N"
"EFECTY FLORIDA FRENTE AL MERCANTIL","ACB277252","Cl 7 # 8-21 Barrio Casco Antiguo","Santander","7.061503,-73.085766","N"
"EFECTY DIMONEX PARAGUITAS","ACB304642","C.c. Paraguitas L-c -20 Br Paraguitas","Santander","7.065156,-73.085012","N"
"EFECTY TIGER MARKET VIJAGUAL","ACB326532","Km 8 Via Al Mar Barrio Colorados","Santander","7.057719,-73.087645","N"
"MULTIPAGAS","ACB196764","Calle 5 # 7 - 48","Santander","7.06269,-73.08673","N"
"EFECTY","ACB358498","Calle 3 Norte  6 47 Barrio Bolivar","Santander","6.565441,-73.149697","N"
"EFECTY CENTRO CARRERA 8","ACB116685","Cr 8 8-19","Boyaca","5.519698,-72.883738","N"
"CONEXRED","ACB307304","Diagonal 26 10d Este 21","Santander","7.078571,-73.085162","N"
"CONEXRED","ACB303728","Calle 6  8  18","Boyaca","5.518564,-72.884461","N"
"EFECTY RECODO DE LA COLINA","ACB156009","Av 60 # 139-40","Santander","7.083919,-73.085602","N"
"CONEXRED","ACB300385","Carrera 34  19  112 Barrio Duitama","Boyaca","5.815553,-73.022541","N"
"EFECTY LA CUMBRE CARRERA 9","ACB168714","Cr 9e # 31-12","Santander","7.078476,-73.087902","N"
"EFECTY LA CUMBRE CALLE 30","ACB077612","Cl 30 # 6ae-80 Via Ppal Barrio La Cumbre","Santander","7.076883,-73.088315","N"
"EFECTY","ACB171145","Calle 22 16b 36 11","Boyaca","5.821925,-73.025697","N"
"EFECTY EXPRESS LA CUMBRE EL TANQUE","ACB272268","Cr 6 E # 32-18 Barrio La Cumbre","Santander","7.076821,-73.089699","N"
"EFECTY BAVIERA","ACB190593","Cr 25 # 200a-15","Santander","7.060449,-73.094257","N"
"EFECTY TRANSITO DUITAMA CRA 20.","ACB168912","Cr 20 # 19 -04","Boyaca","5.825899,-73.029109","N"
"EFECTY LAGOS VICENTE AZUERO","ACB175611","Cr 3 # 47-26","Santander","7.068924,-73.092784","N"
"EFECTY EL CARMEN","ACB112043","Cr 10a # 47-04","Santander","7.085925,-73.088871","N"
"EFECTY LAGOS DOS ESTACION DEL METROLINEA","ACB308514","Cr 8 # 49-11","Santander","7.087735,-73.088868","N"
"EFECTY BARRIO VILLALUZ","ACB150674","Cr 10 A # 50-20 Villaluz","Santander","7.087716,-73.090244","N"
"EFECTY CENTRO CALLE 17","ACB118896","Cl 17 # 15-17","Boyaca","5.828472,-73.032851","N"
"EFECTY DUITAMA LA PERLA","ACB136584","Tv 29 # 14-35","Boyaca","5.818003,-73.029443","N"
"EFECTY BARR LA ESMERALDA","ACB274435","Cr 58 # 120-62 Barrio La Esmeralda","Santander","7.089715,-73.090592","N"
"EFECTY DIAGONAL PARQUE LOS LIBERTADORES","ACB156373","Cl 16 # 16-11","Boyaca","5.827379,-73.033157","N"
"CONEXRED","ACB309362","Cale 16  16  37","Boyaca","5.827454,-73.033248","N"
"EFECTY CENTRO CRA 19","ACB321108","Cr 19 # 15-43","Boyaca","5.825273,-73.032758","N"
"EFECTY LOS ROBLES","ACB277087","Cl 55b # 12b-22","Santander","7.091927,-73.090741","N"
"EFECTY RESPALDO CATEDRAL","ACB127971","Cr 14 # 15-41","Boyaca","5.828829,-73.034587","N"
"EFECTY","ACB356210","Dg 16  6   138 Cs 13","Boyaca","5.835874,-73.037144","N"
"EFECTY","ACB351150","Dg 16  6   138 Cs 13","Boyaca","5.835874,-73.037144","N"
"BANCAMIA DUITAMA","ACB062124","Carrera 14 15 06","Boyaca","5.828582,-73.034759","N"
"MULTIPAGAS","ACB197358","Carrera 16 # 14- 65","Boyaca","5.827229,-73.034292","N"
"EFECTY LAGOS II CRA 6","ACB151291","Cr 6 # 40-07 Lc 1 Lagos Ii","Santander","7.068866,-73.097487","N"
"CONEXRED","ACB322527","Carrera 5  3  7 Local 2","Santander","5.82444,-73.034561","N"
"EFECTY PRADOS DEL SUR","ACB127388","Cr 45 # 144c Local 2 Prados Del Sur","Santander","7.080022,-73.0959","N"
"EFECTY LA ESPERANZA HOSPITAL","ACB114605","Cl 9 # 34-31 Lc 203","Boyaca","5.811448,-73.029978","N"
"EFECTY CENTRO CALLE 4","ACB114177","Cl 4 # 10-73","Boyaca","5.745356,-73.004392","N"
"EFECTY CHARALA PARQUE TERMINAL","ACB121227","Cr 14 # 24-16","Santander","6.287243,-73.146251","N"
"EFECTY EXPRESS DIMONEX CHARALA CRA 14","ACB304884","Cr 14 # 21-36 Barrio Helena Santos","Santander","6.284628,-73.146285","N"
"EFECTY SANTA ANA CRA 4","ACB176953","Cr 4 # 15-48 Piso 1 Barrio Santa Ana","Santander","7.077922,-73.097389","N"
"EFECTY BARRIO ASOVILAGOS","ACB276987","Cr 31 # 155-34","Santander","7.070741,-73.099264","N"
"EFECTY LAGOS III","ACB150971","Cl 29 # 7-08","Santander","7.071875,-73.099139","N"
"CONEXRED","ACB309395","Carrera  45 145 113","Santander","7.081301,-73.09714","N"
"EFECTY BARRIO HELENA SANTOS II","ACB301407","Cl 23 # 15-32 Charala","Santander","6.286445,-73.147313","N"
"EFECTY BELLAVISTA CARRETERA ANTIGUA","ACB306754","Altos De Bellavista Sector 7 Local 16","Santander","7.077286,-73.09915","N"
"EFECTY BELLAVISTA FLORIDABLANCA","ACB125649","Sector B T-10 Apto 101 A","Santander","7.077286,-73.09915","N"
"EFECTY EQUILIBRIO VILLA FIRENZE","ACB077591","Br Florida Cs 144156 Autopis F Autopis F","Santander","7.07746,-73.099122","N"
"EFECTY LA TRINIDAD","ACB152193","Cr 18 # 59-24 Local 203","Santander","7.094003,-73.095487","N"
"EFECTY ZAPAMANGA PATINODROMO","ACB308536","Cr 48 # 126-70","Santander","7.086957,-73.097542","N"
"EFECTY CALLE 18 PARQUE","ACB126398","Cr 4 # 17-53","Casanare","4.81696,-72.283928","N"
"CONEXRED","ACB303311","Carrera 25  3 67","Boyaca","5.816126,-73.035961","N"
"EFECTY PARQUE PRINCIPAL CENTRO","ACB128730","Cr 9 # 4-75 Parque Principal","Santander","7.082326,-73.099748","N"
"EFECTY","ACB358465","Calle 33  21 02 10","Santander","6.541398,-73.167267","N"
"EFECTY SANTA ANA CALLE 4","ACB305302","Cr 10 # 2-65 Barrio Santa Ana","Santander","7.08346,-73.100712","N"
"EFECTY LAGOS 1","ACB127443","Cl 29 # 11-10 Local 2 Barrio Lagos 1","Santander","7.072487,-73.103601","N"
"EFECTY VILLABEL","ACB277681","Cr 12 # 5-16 Lc 1 Br. Villabel","Santander","7.082057,-73.10205","N"
"EFECTY BARRIO CIUDAD VALENCIA","ACB152137","Cr 12 # 14-11 Local 1","Santander","7.078091,-73.103182","N"
"CONEXRED","ACB300253","Carrera 12  14  19 Barrio Rosales","Santander","7.078271,-73.103256","N"
"MULTIPAGAS","ACB302936","Carrera 27 29 145  Local Sca3e","Santander","7.071821,-73.104977","N"
"EFECTY MANI CRA 2","ACB171925","Cr 2 # 13-50","Casanare","4.812071,-72.282658","N"
"EFECTY BARRIO ROSALES","ACB304707","Cr 12 N #23-11 Br Rosales","Santander","7.074433,-73.104461","N"
"EFECTY ZAPAMANGA 1 ETAPA","ACB273852","Cr 40 # 110a-05 Zapamanga 1 Etapa","Santander","7.092123,-73.100375","N"
"EFECTY BARRIO BOYACA","ACB115925","Cl 4 # 10-36 Barrio Boyaca","Boyaca","5.825476,-73.043857","N"
"GIROS Y FINANZAS CANAVERAL","ACB020599","C.c. Cañaveral L-158","Santander","7.070362,-73.107095","N"
"CONEXRED","ACB303872","Calle 102 A  41   03","Santander","7.095902,-73.100599","N"
"EFECTY","ACB309229","Cra 25  29 57 Local 13","Santander","7.071164,-73.106999","N"
"CONEXRED","ACB322626","Carera 12 247","Boyaca","5.824705,-73.044068","N"
"ACCIONES Y VALORES OFICINA CANAVERAL","ACB065392","Cl 30 No 25 71 Oficina Canaveral Lc 110","Santander","7.070817,-73.107301","N"
"EFECTY","ACB352711","Km 188 Via Bogota Duitama","Boyaca","5.80949,-73.039748","N"
"EFECTY MULTISERVICIOS PAYADOR","ACB172124","Cl 123 # 31a-05","Santander","7.084624,-73.106128","N"
"CONEXRED","ACB322604","Carrera 34  32c 03","Santander","7.091975,-73.104263","N"
"EFECTY SERVIENTREGA EL PARAMO","ACB123119","Cr 3 3-26","Santander","6.416984,-73.170467","N"
"EFECTY ASTURIAS","ACB155943","Dg 105 # 29b-43 Local 2 Barrio Asturias","Santander","7.090894,-73.106721","N"
"CONEXRED","ACB302958","Carrera 22  153  2 Barrio Palomitas","Santander","7.074644,-73.111896","N"
"EFECTY VILLANUEVA CENTRO CALLE 14","ACB122152","Cl 14 # 14-06","Santander","6.669528,-73.173988","N"
"COOPENESSA CACIQUE","ACB322714","Transversal 90 182 Local 405 Cc  Cacique","Santander","7.098592,-73.10746","N"
"GIROS Y FINANZAS C.C. EL CACIQUE","ACB025516","Trans. 93 # 34  99 L-256","Santander","7.099867,-73.107593","N"
"EFECTY PROVENZA 105 CON 24","ACB304994","Cl 105 # 24-99 Lc 5 Provenza","Santander","7.085925,-73.111347","N"
"EFECTY TERRAZAS LA FLORESTA","ACB131446","Cr 45 # 57-40 L-2 Barrio La Floresta","Santander","7.108169,-73.106398","N"
"EFECTY BARRIO DIAMANTE","ACB326488","Cr 24 # 88-15 Barrio Diamante Ii","Santander","7.091146,-73.112559","N"
"EFECTY BUCARAMANGA PROVENZA COOMULTRASAN","ACB122471","Cr 21 B # 115-23","Santander","7.079882,-73.115935","N"
"EFECTY PROVENZA","ACB117565","Cl 105 # 22-52 Barrio Provenza","Santander","7.085218,-73.114874","N"
"EFECTY EXPRESS EFECTY BARRIO MIRAFLORES","ACB276932","Cr 55 # 18-14 Brr Miraflores","Santander","7.131622,-73.10244","N"
"CONEXRED","ACB303795","Carrera  21b 111 50","Santander","7.081839,-73.116121","N"
"EFECTY SAN LORENZO","ACB151389","Cl 110 # 21b-17 Local 101","Santander","7.082684,-73.116128","N"
"EFECTY EL CRISTAL","ACB151356","Cl 122 # 19-08 Barrio Cristal Alto","Santander","7.076647,-73.11802","N"
"EFECTY CABECERA DEL LLANO CALLE 52","ACB305016","Cl 52 # 35a 17 Cabecera Del Llano","Santander","7.113537,-73.108699","N"
"MULTIPAGAS","ACB197347","Carrera 35a 51-82","Santander","7.114093,-73.108941","N"
"CC CABECERA ETAPA IV","ACB065831","Cra 35a No 49 55 Lc 114 C C Cuarta Etapa","Santander","7.115118,-73.108904","N"
"EFECTY","ACB352898","Carrera 34  52 37","Santander","7.112915,-73.109728","N"
"EFECTY CARRERA 30 CONUCOS","ACB308581","Cr 30 # 62-11 Barrio Conucos","Santander","7.107581,-73.111977","N"
"ACCIONES Y VALORES COSMOCENTRO","ACB061518","Kr 33 No 51 119 Lc 207","Santander","7.113285,-73.110506","N"
"EFECTY CRA 36 CON 44 SAN PIO","ACB277197","Cr 36 # 44 02 Barrio Cabecera Del Llano","Santander","7.120234,-73.109517","N"
"EFECTY CLINICA METROPOLITANA.","ACB151334","Av Gonzalez Valencia # 55-58","Santander","7.110886,-73.112478","N"
"EFECTY","ACB351644","Calle 41 No  34 37","Santander","7.12613,-73.10834","N"
"EFECTY CARRERA 38","ACB166240","Cr 37 # 38-38","Santander","7.122689,-73.109319","N"
"CONEXRED","ACB192155","Cl 52  31 20 Br Cabecera","Santander","7.11286,-73.112016","N"
"EFECTY EXPRESS DIMONEX COSMETI OLGA CR33","ACB308569","Cr 33 # 47-65 Cabecera","Santander","7.117033,-73.111041","N"
"EFECTY","ACB306864","Km 1  1 93 Local 6","Santander","7.129934,-73.107555","N"
"EFECTY ALVAREZ","ACB153600","Cr 40 # 34-08","Santander","7.126049,-73.108821","N"
"EFECTY LA VICTORIA CALLE 65","ACB077557","Cl 65 # 22 36 Barrio La Victoria","Santander","7.102243,-73.115339","N"
"AYV PF OFICINA CENTRO DE PAGOS CABECERA","ACB064742","Cl 51 A No 31  07","Santander","7.113937,-73.112339","N"
"EFECTY","ACB358377","Calle 57  15a 46","Santander","7.130124,-73.107974","N"
"PF LAS PALMAS 2","ACB067855","Calle 48 No 32  19 Lc 3 Edificio Tempo","Santander","7.116563,-73.111921","N"
"A Y V PF OFICINA PROFESIONALES","ACB064719","Cr 34 42 88 Br Cabecera Del Llano","Santander","7.12051,-73.111001","N"
"EFECTY","ACB352887","Km 3981 Anillo Vial Rio Frio","Santander","7.061006,-73.127147","N"
"ACCIONES Y VALORES PF OFICINA LAS PALMAS","ACB064720","Cl 47 N 28 54 Barrio Soto","Santander","7.117434,-73.112793","N"
"EFECTY","ACB306918","Cl 104 B  42 A   22","Santander","7.084566,-73.121659","N"
"EFECTY VILLA SARA","ACB151004","Cl 105 15b-40 Villa Sara","Santander","7.081926,-73.122852","N"
"EFECTY EXPRESS DIMONEX BRR LAS DELICIAS","ACB195806","Cl 104b # 15-16 Barrio Las Delicias","Santander","7.083753,-73.122489","N"
"EFECTY COLORADOS PARTE ALTA","ACB326510","Cl 54 # 25 A-37","Santander","7.110988,-73.115418","N"
"EFECTY EL PRADO CRA 33","ACB308592","Cr 33 # 37-17 Lc 2","Santander","7.123237,-73.112141","N"
"EFECTY LA CEIBA BUCARAMANGA","ACB326499","Cr 17a # 63-31 Lc 9","Santander","7.103512,-73.117484","N"
"EFECTY NUEVO PUNTA PARAISO","ACB152566","Cr 15 # 109-65 L-3 Barrio Punta Paraiso","Santander","7.077669,-73.124493","N"
"EFECTY CALLE 45 PAPELERIA AZ","ACB308570","Cl 45 # 27a 33 Barrio Sotomayor","Santander","7.117846,-73.114132","N"
"MULTIPAGAS","ACB358607","Dg  15 56 22 P2 Cc San Jose Plaza","Santander","7.108019,-73.116804","N"
"EFECTY NUEVO COAVICONSA CRA 15","ACB320701","Cr 15 # 103-24 Local 7","Santander","7.087104,-73.122543","N"
"EFECTY SERVIRECAUDOS BUCARAMANGA","ACB077546","Cr 33 # 34-03","Santander","7.125349,-73.112497","N"
"EFECTY PLAZA GUARIN BUCARAMANGA","ACB277537","Cr 33 # 33 A-25 Barrio El Prado","Santander","7.125876,-73.112606","N"
"EFECTY ISLA DEL SOL","ACB077360","Cr 17 C # 56-15","Santander","7.107907,-73.117675","N"
"EFECTY CALLE 61 POLICLINICA","ACB326509","Cl 61 # 16-31 Barrio Ricaurte","Santander","7.104376,-73.11863","N"
"EFECTY CONCORDIA CARRERA 21 CON CALLE 53","ACB116773","Cr 21 # 53-45","Santander","7.110491,-73.117029","N"
"EFECTY VEREDA MOTOSO GIRON","ACB272543","Vda San Jose De Motoso Finca Napoles","Santander","7.078829,-73.125313","N"
"EFECTY ACAPULCO","ACB151620","Ve Acapulco Ltoe 2 Manzan 13 Cs 2","Santander","7.078829,-73.125313","N"
"MULTIPAGAS","ACB356342","Dg  15 55 56 Local 806","Santander","7.108571,-73.117617","N"
"EFECTY CENTRO COMERCIAL MEGAMALL","ACB118171","Cl 30 A # 33 A-83 Megamall","Santander","7.129261,-73.112032","N"
"EFECTY","ACB351590","Calle 48  26 19","Santander","7.116829,-73.115815","N"
"EFECTY","ACB355923","Calle 48  26 19","Santander","7.116829,-73.115815","N"
"MULTIPAGAS","ACB196775","Cra. 33a # 28-15","Santander","7.13074,-73.112067","N"
"EFECTY MANUELA BELTRAN CRA 12","ACB323429","Cr 12 # 104a-32","Santander","7.083209,-73.124819","N"
"EFECTY FRENTE AL HOSPITAL UNIVERSITARIO","ACB173103","Cr 33 #30a-101","Santander","7.127997,-73.113236","N"
"EFECTY SOTOMAYOR AV GONZALEZ VALENCIA","ACB077470","Cr 25 # 50- 38 Esquina","Santander","7.116098,-73.11705","N"
"EFECTY MANUELA BELTRAN.","ACB153819","Cr 11c # 103d-15","Santander","7.083935,-73.12561","N"
"EFECTY CALLE 36 CON 28 COOTRACOLTA","ACB077634","Cl 36 # 27-109","Santander","7.121842,-73.115753","N"
"EFECTY QUINTA BRIGADA","ACB077568","Cr 33 # 17-86","Santander","7.133016,-73.11321","N"
"EFECTY LA VICTORIA CALLE 68","ACB077458","Cr 11 # 67 # 103","Santander","7.095183,-73.12376","N"
"EFECTY CENTRO COMERCIAL ACROPOLIS","ACB159606","Cl 56-9 # 140-00 Pi 2 Lc 204","Santander","7.10496,-73.121861","N"
"MULTIPAGAS","ACB199372","Calle 56 9140 Local 129","Santander","7.104579,-73.122103","N"
"EFECTY AV LA ROSITA CON 23","ACB278879","Cr 23 # 40-31","Santander","7.118144,-73.11853","N"
"GIROS Y FINANZAS BUCARAMANG CC ACROPOLIS","ACB026287","Av Samanes # 9-140 Local 1-26 Piso 1","Santander","7.104803,-73.122341","N"
"EFECTY CALLE 36","ACB077623","Cl 36 N. 25-23","Santander","7.12099,-73.118081","N"
"EFECTY ANTONIA SANTOS CALLE 34","ACB326521","Cl 34 # 26-12","Santander","7.122498,-73.118095","N"
"EFECTY BARRIO BUCARAMANGA CL 66 CON 7","ACB151301","Cl 68 # 6-116","Santander","7.093188,-73.126035","N"
"EFECTY PORVENIR BUCARAMANGA","ACB320691","Cl 104 F # 8 B 49","Santander","7.081499,-73.129473","N"
"A Y V HOMECENTER BUCARAMANGA","ACB061794","Barrio La Concordia Kr 21 No 45 02","Santander","7.115865,-73.120674","N"
"EFECTY BUCARAMANGA PARQUE BOLIVAR","ACB276877","Cl 39 # 21-57 Barrio Centro","Santander","7.118149,-73.120354","N"
"EFECTY REAL DE MINAS","ACB077535","Plaza Mayor Entrada 5 Lc 101","Santander","7.10365,-73.124377","N"
"EFECTY BARRIO CIUDAD BOLIVAR","ACB308547","Cl 64c Casa 48","Santander","7.097562,-73.126328","N"
"EFECTY SAN MIGUEL.","ACB135297","Cl 51 #15-58","Santander","7.109936,-73.123338","N"
"EFECTY EXPRESS EFECTY SAN ALONSO CRA 30","ACB277988","Cr 30 # 18-62 Local 1 Barrio San Alonso","Santander","7.131516,-73.11751","N"
"EFECTY P.A. LOS SAUCES","ACB150982","Cr 3 # 63-54-60 Loc 7","Santander","7.100367,-73.126469","N"
"ACCIONES Y VALORES EXITO LA RO","ACB061475","Carrera 17 45 56","Santander","7.113612,-73.12368","N"
"EFECTY CENTRO CRA 17","ACB161948","Cr 17 # 42 04","Santander","7.115562,-73.123272","N"
"EFECTY EXITO DIAGONAL 15 A","ACB077436","Cr 16 45-138 Cc Super Islas L-1-11 1-12","Santander","7.113414,-73.123884","N"
"EFECTY PRINCIPAL EFECTY","ACB077667","Cr 19 # 36-83","Santander","7.118452,-73.122795","N"
"EFECTY KRA 27 CON 18 SAN ALONSO","ACB194069","Cr 27 # 18-67","Santander","7.13074,-73.119596","N"
"MULTIPAGAS","ACB270596","Calle 35 #19-41 Local 121","Santander","7.119917,-73.123051","N"
"EFECTY NUEVO DIAGONAL SENA","ACB169540","Cl 14 # 28-45","Santander","7.134678,-73.119061","N"
"MULTIPAGAS","ACB196588","Cra. 35 # 18-65","Santander","7.119622,-73.123767","N"
"EFECTY MARSELLA REAL","ACB119743","Av Bucaros Oeste # 3-141 L-13","Santander","7.104968,-73.128106","N"
"EFECTY CENTRO CALLE 37 PANAMA","ACB120743","Cr 16 # 37-100","Santander","7.116614,-73.125056","N"
"MULTIPAGAS","ACB197336","Cra 21 # 30-60","Santander","7.123573,-73.123168","N"
"EFECTY MUTIS IGLESIA LA CONSOLATA","ACB301210","Cr 2 W #59-19 Barrio Mutis","Santander","7.100476,-73.129626","N"
"EFECTY CALLE 45 CON 14","ACB301209","Cl 45 # 14-67 Brr Chorreras De San Juan","Santander","7.114233,-73.125991","N"
"EFECTY CRA 24 BULEVAR BOLIVAR","ACB305984","Cr 24 # 19-69 Barrio San Francisco","Santander","7.129737,-73.122029","N"
"EFECTY CENTRO COMERCIAL LOS ANDES","ACB190560","Cl 35 # 17-67 Local 105","Santander","7.119336,-73.125097","N"
"EFECTY MONTERREDONDO","ACB168044","Cl 65 # 6w-255","Santander","7.094777,-73.131953","N"
"EFECTY SAN FRANCISCO CALLE 15 CON 25","ACB309285","Cl 15 # 25-40 Local 3","Santander","7.133575,-73.121551","N"
"EFECTY SAN FRANCISCO BOSS CRA 22","ACB116740","Cr 22 # 21-75","Santander","7.127264,-73.123309","N"
"EFECTY","ACB358388","Km 1 Via Pamplona 1 89 Local 5","Santander","7.135102,-73.121477","N"
"EFECTY PARQUE CENTENARIO","ACB153271","Cr 18 # 30-77 Centro","Santander","7.122487,-73.125201","N"
"EFECTY MUTIS SECTOR FUNDADORES","ACB175644","Cl 60 # 7w-22","Santander","7.098714,-73.131673","N"
"CONEXRED","ACB309582","Carrera  23 18 38","Santander","7.130509,-73.123188","N"
"EFECTY UNIVERSIDAD","ACB077492","Cr 26a # 9-36","Santander","7.138223,-73.121241","N"
"EFECTY","ACB305874","Carrera 15  34   64 Barrio Centro","Santander","7.119134,-73.126664","N"
"EFECTY PLAZA DE MERCADO CENTRO","ACB137024","Cr 16 # 33-44","Santander","7.120357,-73.126654","N"
"CONEXRED","ACB303861","Calle 17  22a 16","Santander","7.131371,-73.124023","N"
"A Y V PF OFICINA PASEO DEL COMERCIO","ACB064731","Cl 35 No 13  51 Lc 2","Santander","7.118123,-73.127847","N"
"EFECTY CARRERA 13 PASEO DEL COMERCIO","ACB077481","Cl 35 # 13-47","Santander","7.118179,-73.127857","N"
"EFECTY PARQUE DE LOS NIÑOS","ACB077645","Cl 32 # 27-71","Santander","7.120577,-73.127529","N"
"EFECTY CARRERA 9 CON 43","ACB161629","Cr 9 # 43-59 Local 2 Edificio Omaga","Santander","7.113297,-73.129928","N"
"MULTIPAGAS","ACB196599","Carrera 25 # 29-87","Santander","7.139048,-73.12305","N"
"CONEXRED","ACB309494","Carre 9  43  68","Santander","7.113504,-73.130094","N"
"EFECTY UDI","ACB307041","Cr 24 N # 9 A-14","Santander","7.137617,-73.123754","N"
"GIROS Y FINANZAS JUMBO MEGAMALL","ACB024669","Cl. 14 Cr 9 Esq Int. Almacén Olímpica","Santander","7.122569,-73.127929","N"
"EFECTY QUEBRADASECA CON CRA15","ACB123692","Av Quebrada Seca # 15-22","Santander","7.122912,-73.127975","N"
"EFECTY REGADEROS NORTE CLUB","ACB301199","Cl 1 # 26-590","Santander","7.146161,-73.122946","N"
"EFECTY CAFE MADRID","ACB150993","Cr 8 # 35an-01 Cafe Madri","Santander","7.116628,-73.131741","N"
"EFECTY CAFE MADRID SECTOR LA Y","ACB305852","Cr 10 Sec E Pj 2 Ca 84 Brr Betania Et 11","Santander","7.116577,-73.132113","N"
"EFECTY BULEVAR BOLIVAR CON 18","ACB278000","Bulevar Bolivar # 18-20","Santander","7.132851,-73.127754","N"
"EFECTY EXPRESS CAMPOHERMOSO CR 1 CON 45","ACB305665","Cr 1 # 45-93 Barrio Campo Hermoso","Santander","7.108682,-73.134348","N"
"EFECTY CARRERA 15 CON 19 MUTUALIDAD","ACB121140","Cr 15 # 19-67","Santander","7.127833,-73.129487","N"
"EFECTY BARRIO MANZANARES","ACB191417","Cr 27w # 59-74","Santander","7.094789,-73.139351","N"
"EFECTY UNIVERSIDAD SANTO TOMAS","ACB130731","Cr 19 # 8-45 To 2","Santander","7.137772,-73.127823","N"
"EFECTY KENNEDY CENTRO","ACB190559","Cr 12 # 21-15","Santander","7.126005,-73.131727","N"
"EFECTY","ACB352908","Carrera 15 16 06 Local 102","Santander","7.131318,-73.130387","N"
"EFECTY BARRIO GIRARDOT CALLE 27","ACB173125","Cl 27 # 7-54 Barrio Girardot","Santander","7.122003,-73.133393","N"
"EFECTY PLAZA SAN FRANCISCO CLL 11","ACB308602","Cl 11 # 22-04 Local 2 Barrrio Mutualidad","Santander","7.147239,-73.126957","N"
"CONEXRED","ACB322495","Conjunto Residencial Torres De Caledonia","Santander","7.136211,-73.130144","N"
"CONEXRED","ACB196072","Kr 16 D # 20- 22","Cundinamarca","7.130325,-73.132018","N"
"EFECTY BARRIO SANTANDER 2","ACB276790","Cl 31 # 04-07","Santander","7.118819,-73.135412","N"
"CONEXRED","ACB303092","Carrera 5  28  11","Santander","7.121091,-73.135317","N"
"EFECTY CAMPOHERMOSO","ACB117345","Cl 45 # 6-02 Oeste","Santander","7.105027,-73.13963","N"
"EFECTY BARRIO SANTANDER CALLE 32","ACB304774","Cl 32 # 5 Occidente-25 Barrio Santander","Santander","7.116219,-73.137773","N"
"EFECTY","ACB308613","Calle 6 No  15b 02","Santander","7.13934,-73.131542","N"
"EFECTY BARRIO EL GAITAN","ACB173136","Cr 11# 15-60","Santander","7.131294,-73.13379","N"
"EFECTY CAMPOHERMOSO QUINTAESTRELLA","ACB305610","Cl 45 # 10 Occidente 32 Brr Campohermoso","Santander","7.101564,-73.142452","N"
"CONEXRED","ACB271322","Calle 6  13 15 Brr Altico","Huila","7.138559,-73.133166","N"
"EFECTY BUCARAMANGA LA VIRGEN","ACB308624","Cr 15 # 3-17","Santander","7.140975,-73.1332","N"
"EFECTY BRISAS DEL CAMPO GIRON","ACB308503","Cl 13b # 10c-09","Santander","7.05707,-73.155984","N"
"EFECTY BARRIO BETANIA","ACB190746","Cr 10 Peatonal 3 Ca 79 Et 11","Santander","7.140056,-73.135492","N"
"EFECTY LA FERIA CALLE 26","ACB153138","Cl 26 # 1-83","Santander","7.121993,-73.14046","N"
"EFECTY","ACB351633","Calle 12an 11a 10 Carlos Pizarro","Norte De Santander","7.14839,-73.13383","N"
"EFECTY KENNEDY","ACB173114","Cr 12 # 13-69 Norte","Santander","7.150614,-73.13387","N"
"EFECTY PUERTO MADERO","ACB151817","Cr 14 # 14 A-09 Puerto Madero","Santander","7.059068,-73.160469","N"
"EFECTY BUCARAMANGA BARRIO MARIA PAZ","ACB277603","Cr 4c # 15n-51 Barrio Maria Paz","Santander","7.148456,-73.13829","N"
"EFECTY","ACB351732","Calle 32a No  8 80","Santander","7.07083,-73.15892","N"
"EFECTY VILLA DE LOS CABALLEROS","ACB152687","Cl 2 Sur N 22b-05","Santander","7.050527,-73.16645","N"
"EFECTY GIRON MIRADOR DE ARENALES","ACB278857","Tv 20c # 8a 10","Santander","7.05338,-73.166833","N"
"EFECTY PARQUE PRINCIPAL","ACB113527","Cr 6 # 5-50","Santander","6.6338,-73.223624","N"
"EFECTY","ACB351600","Carrera 22 No  13a 10","Santander","7.05854,-73.16594","N"
"EFECTY CALLE 56","ACB191495","Cl 56 # 22-62","Santander","7.178417,-73.134415","N"
"EFECTY RINCON DE GIRON ZONA ALTA","ACB164062","Cr 18 # 31b-27 Bodega 2","Santander","7.068578,-73.164463","N"
"EFECTY RINCON DE GIRON","ACB123933","Cl 39 # 18-03 L-1 Brr Rincon De Giron","Santander","7.071484,-73.164237","N"
"EFECTY SERVIENTREGA C.C. METRO GIRON","ACB132656","Cl 25 Av Los Caneyes 21b-23 Cc Carrefour","Santander","7.063961,-73.168181","N"
"EFECTY POBLADO COMANDO DE POLICIA","ACB306886","Cr 23 # 31- 60","Santander","7.068109,-73.167482","N"
"AYV METRO GIRON","ACB066524","Av Los Caneyes No 21 B   33 Lc","Santander","7.063925,-73.169279","N"
"AYV METRO GIRON","ACB066492","Av Los Caneyes No 21 B 33 Lc 1021","Santander","7.063925,-73.169279","N"
"EFECTY GIRON BARRIO SANTA CRUZ","ACB326477","Cr 26 # 20-25","Santander","7.061798,-73.169846","N"
"EFECTY RIO DE ORO GIRON","ACB304862","Cl 21 # 26-136","Santander","7.062137,-73.170941","N"
"CONEXRED","ACB199756","Cl 60e  16f 25 Casa 5","Santander","7.086285,-73.165123","N"
"MULTIPAGAS","ACB196609","Calle 40 # 26-13","Santander","7.072677,-73.169535","N"
"EFECTY TORRES DE SAN REMO","ACB276712","Cl 60 # 9-143 Torres De San Remo Kiosko1","Santander","7.180695,-73.142761","N"
"PF ABASTOS BUCARAMANGA","ACB067910","Via Palenque Cafe Mad No 44   96 Lc 2102","Santander","7.103146,-73.165859","N"
"EFECTY EL PALENQUE DIAGONAL A LA CANCHA","ACB175666","Cr 17b # 56-48 Barrio Palenque","Santander","7.083652,-73.170948","N"
"EFECTY CHIMITA","ACB112339","Cl 2 # 2 4","Santander","7.09474,-73.16935","N"
"CONEXRED","ACB300077","Diagonal 54 22 C 06 Barrio San Antonio D","Santander","7.081055,-73.172855","N"
"EFECTY MORRO RICO VIA PAMPLONA","ACB175655","Via Pamplona 50-30 Barrio La Flora","Santander","7.183108,-73.146247","N"
"EFECTY CHIMITA LA INMACULADA","ACB309153","Cr 57w # 44-40 Torre 2 Apto 1011","Santander","7.183108,-73.146247","N"
"EFECTY DIAGONAL DIAN","ACB150168","Cl 36 # 14-38","Santander","7.183108,-73.146247","N"
"EFECTY CABECERA CALLE 48 FOTO JAPON","ACB128653","Cl 48 N 32-68","Santander","7.183108,-73.146247","N"
"EFECTY LOS MOTILONES BUCARAMANGA","ACB124363","Central Metropolitana Modulo 1 Of 637","Santander","7.183108,-73.146247","N"
"EFECTY CALLE 34","ACB139422","Cl 34 # 22-36 Local 7","Santander","7.183108,-73.146247","N"
"EFECTY LOS MOTILONES BUCARAMANGA","ACB124363","Central Metropolitana Modulo 1 Of 637","Santander","7.183108,-73.146247","N"
"EFECTY COLORADOS AVENIDA 52","ACB128543","Av 52 # 21-124","Santander","7.183108,-73.146247","N"
"EFECTY LOS MOTILONES QUEBRADASECA","ACB124341","Av Quebradaseca # 25-21 Barrio Alarcon","Santander","7.183108,-73.146247","N"
"EFECTY DIAMANTE 2","ACB162961","Av 89 # 23-107 Barrio Diamante Ii","Santander","7.183108,-73.146247","N"
"EFECTY BELLAVISTA PARTE ALTA GIRON","ACB321229","Cl 47 # 29bis-16","Santander","7.076023,-73.1759","N"
"EFECTY CARRIZAL CAMPESTRE","ACB321230","Cl 57 # 22c-12 Barrio Carrizal Campestre","Santander","7.084176,-73.174478","N"
"CONEXRED","ACB279793","Trasvelsal 23 55b 39","Santander","7.083915,-73.174783","N"
"CONEXRED","ACB300176","Avenida Libertadores 26  44","Boyaca","5.783093,-73.115712","N"
"EFECTY EL BOSQUE CALLE 28","ACB167494","Cl 28 # 15 A 02","Boyaca","5.776357,-73.113873","N"
"EFECTY CENTRO AVENIDA PRINCIPAL","ACB115651","Av Los Libertadores # 25-17","Boyaca","5.783443,-73.11717","N"
"CONEXRED","ACB300374","Calle 10 4 30 Soat Boyac Colombia","Boyaca","5.7718,-73.114259","N"
"EFECTY PAIPA CENTRO CRA 21","ACB135659","Cr 21 # 23-79","Boyaca","5.78099,-73.118137","N"
"CONEXRED","ACB322648","Calle 19  22 26","Boyaca","5.781595,-73.122215","N"
"EFECTY SOCORRO BARRIO SANTA CLARA","ACB324552","Cl 8 A # 7-46","Santander","6.464227,-73.257803","N"
"EFECTY","ACB355473","Calle 8 A  7 46","Santander","6.46374,-73.258504","N"
"EFECTY PRINCIPAL","ACB079427","Cl 14 14-49","Santander","6.467947,-73.261699","N"
"EFECTY PARQUE CHIQUINQUIRA","ACB079438","Cl 10 N. 15-19","Santander","6.464797,-73.263038","N"
"EFECTY VEREDA PORTACHUELO","ACB308635","Km 24 Vereda Portachuelo Via Al Mar","Santander","7.263626,-73.148686","N"
"EFECTY SANTANDER JUNTO CENTRO DE ACOPIO","ACB304334","Cr 9 # 9-14 Barrio La Esperanza","Santander","7.263906,-73.148839","N"
"EFECTY SOCORRO BATALLON","ACB322022","Cr 16 # 8-22","Santander","6.464034,-73.264178","N"
"CONEXRED","ACB273632","Carrera 11  11 11 Barrio Alamos","Santander","7.265182,-73.149253","N"
"EFECTY CATEDRAL","ACB113077","Cl 5 # 5-33","Boyaca","5.558737,-73.051776","N"
"EFECTY CARRERA 9","ACB111228","Cr 21 # 8 72","Santander","6.813952,-73.272124","N"
"EFECTY PARQUE PRINCIPAL LEBRIJA","ACB194058","Cr 8 N. 11-84","Santander","7.114055,-73.217006","N"
"EFECTY","ACB351798","Calle 13 No  8 43 47 Centro","Santander","7.115,-73.21735","N"
"EFECTY","ACB351655","Carrera 9 8 14","Santander","7.11171,-73.21824","N"
"CONEXRED","ACB303191","Calle 12  9  32","Santander","7.114664,-73.218031","N"
"EFECTY LEBRIJA CENTRO","ACB165151","Cl 12 # 9-59 Barrio Centro","Santander","7.114369,-73.218362","N"
"EFECTY PARADOR BUENOS AIRES","ACB168682","Km 1 Via Socorro -iba","Santander","6.406254,-73.287779","N"
"EFECTY SAN VICTORINO","ACB161816","Cl 13 # 14-71","Santander","6.406254,-73.287779","N"
"EFECTY PUERTO SANTANDER CARRERA 2","ACB133932","Cr 2 # 2-07 Barrio Centro","Norte De Santander","8.36482,-72.406363","N"
"EFECTY CL 3 CENTRO PUERTO SANTANDER","ACB139718","Cl 3 0-46","Norte De Santander","8.365488,-72.407518","N"
"EFECTY SOLUCIONES DIVINO NIÑO","ACB172081","Cr 6 # 5-26 Local 2","Santander","6.900791,-73.283952","N"
"EFECTY CARRERA 6","ACB111668","Cr 6 # 10-72","Santander","6.264676,-73.29834","N"
"CONEXRED","ACB307481","Carrera 9  8   44","Santander","6.264036,-73.30159","N"
"EFECTY","ACB304048","Calle 6 No  12 75","Casanare","5.017163,-72.7503","N"
"EFECTY GUAPOTA","ACB307007","Cr 2 3-50 Centro","Santander","6.308837,-73.321052","N"
"EFECTY TAURAMENA CRA 15","ACB171947","Cr 15 # 6 -81","Casanare","5.018419,-72.75197","N"
"EFECTY CENTRO","ACB110942","Cr 14 # 5-53","Casanare","5.017054,-72.75225","N"
"EFECTY TERMINAL CRA 12","ACB322770","Cl 4 # 12-26","Casanare","5.015412,-72.752234","N"
"EFECTY MULTISERVICES DAVINCI","ACB302365","Cl 8g # 6a 46","Casanare","5.010639,-72.750494","N"
"EFECTY SIMACOTA CENTRO","ACB121678","Cr 4 # 4-30","Santander","6.442059,-73.336066","N"
"EFECTY PASO CUSIANA","ACB270101","Cl 2 # 4a-48 Correg Paso Cusiana","Casanare","5.007694,-72.750212","N"
"EFECTY LA CARRERA CACHIRA","ACB128170","Kdx-250-4-2 La Carrera","Norte De Santander","7.741986,-73.048545","N"
"EFECTY FAVESO","ACB113770","Cr 8 # 4-72","Norte De Santander","7.742902,-73.048027","N"
"CONEXRED","ACB278990","Carrera 6  8 30 Barrio Roberto Ortega","Santander","7.469554,-73.202372","N"
"EFECTY EL PLAYON VIA NACIONAL","ACB162169","Cr 8 # 9-54","Santander","7.469445,-73.203575","N"
"EFECTY CALLE 14 EL PLAYON","ACB177262","Cl 14 # 1-63","Santander","7.472292,-73.204127","N"
"EFECTY CENTRO CARRERA 4","ACB113693","Cr # 1-52","Norte De Santander","7.913593,-72.973216","N"
"EFECTY CARRERA 10","ACB111239","Cr 10 # 10-29","Santander","6.87995,-73.409618","N"
"EFECTY","ACB351491","Cl 15 A 17   20","Santander","6.88049,-73.41055","N"
"EFECTY SAN VICENTE YARIGUIES","ACB323726","Cr 19 # 7-04","Santander","6.884158,-73.413959","N"
"EFECTY SANTA BARBARA","ACB113637","Cr 4 # 3 73","Santander","6.245521,-73.419992","N"
"EFECTY PARQUE PRINCIPAL","ACB112241","Parque Principal Cl 4 # 8-35","Santander","6.102523,-73.441377","N"
"EFECTY SERVIENTREGA CARMEN DE CHUCURI","ACB123054","Cl 5 # 3-48 Barrio Centro","Santander","6.698935,-73.510897","N"
"EFECTY CENTRO CRA.2","ACB117839","Cr 2 # 4-36","Boyaca","5.102021,-73.051481","N"
"EFECTY BOYACA","ACB111646","Cl 1 # 3-47 Cr Central","Boyaca","6.056445,-73.480485","N"
"EFECTY SANTANA LA REI PAPELERIA","ACB173202","Cl 3 # 3-10","Boyaca","6.057938,-73.481332","N"
"ACCIONES Y VALORES","ACB066557","Av Universitaria No 50 21 Lc 228","Boyaca","5.569469,-73.331182","N"
"CONEXRED","ACB322561","Calle 73  2 10","Boyaca","5.571633,-73.335556","N"
"EFECTY MONTERREY CALLE 16","ACB321450","Cl 16 # 8-20","Casanare","4.877905,-72.895919","N"
"EFECTY CALLE 17 CENTRO","ACB111152","Cl 17 6-79","Casanare","4.877905,-72.895919","N"
"EFECTY","ACB128916","Carrera 2 Este Na 69 27 Local 02","Boyaca","5.569996,-73.33646","N"
"EFECTY","ACB351149","Kr 8  6   05","Boyaca","5.198719,-73.143794","N"
"EFECTY","ACB356209","Kr 8  6   05","Boyaca","5.198719,-73.143794","N"
"EFECTY","ACB114375","Transversal 1 67 03","Boyaca","5.570536,-73.33993","N"
"EFECTY SANTA CATALINA.","ACB153930","Cr 6 # 66 -93","Boyaca","5.572163,-73.342176","N"
"EFECTY EL CENTRO CALLE 3","ACB118203","Cl 3 # 7-53","Boyaca","5.194922,-73.143447","N"
"EFECTY VILLA LUZ","ACB127092","Cr 9 # 60-67","Boyaca","5.567829,-73.346867","N"
"EFECTY TUNJA SANTA ANA","ACB169683","Cr 6 # 57-46 A 103","Boyaca","5.564058,-73.34679","N"
"EFECTY SANTA RITA","ACB194531","Cl 56a # 10-50","Boyaca","5.56594,-73.350123","N"
"EFECTY DIMONEX LA GRANJA","ACB191671","Cr 10 # 54-03","Boyaca","5.56304,-73.350856","N"
"EFECTY J.J. CAMACHO","ACB167571","Cl 49 # 9 -57","Boyaca","5.558269,-73.352682","N"
"EFECTY C.R MARIA FERNANDA","ACB191891","Cl 45 # 4 -79 Local 1","Boyaca","5.552001,-73.350208","N"
"CONEXRED","ACB309944","Calle 45  4  79","Boyaca","5.552284,-73.350591","N"
"CONEXRED","ACB303827","Calle 46  7a  31","Boyaca","5.555852,-73.352228","N"
"EFECTY SANTA INES CRA 5","ACB326411","Cr 5 # 41-54","Boyaca","5.550173,-73.351388","N"
"EFECTY CENTRO COMERCIAL CENTRO NORTE","ACB300637","Av Norte 40-67","Boyaca","5.551019,-73.352286","N"
"EFECTY","ACB351116","Calle 39  6 32 Local 108","Boyaca","5.548376,-73.355407","N"
"EFECTY","ACB356177","Calle 39  6 32 Local 108","Boyaca","5.548376,-73.355407","N"
"CONEXRED","ACB303081","Calle 5  4  75","Boyaca","5.755248,-73.435624","N"
"CONEXRED","ACB303816","Calle 37  4  04 Brr Me","Boyaca","5.548426,-73.357093","N"
"EFECTY NUEVO JORDAN","ACB191758","Cl 10 5a-68 Ed L-1 Terrazas De San Angel","Boyaca","5.541111,-73.354534","N"
"EFECTY CENTRO CALLE 4","ACB113099","Cl 4 6-36","Boyaca","5.755324,-73.436778","N"
"EFECTY ESTADIO","ACB171123","Cl 32 # 8-15","Boyaca","5.54445,-73.356423","N"
"EFECTY SAN AGUSTIN TUNJA","ACB191769","Cl 24 # 6 -118","Boyaca","5.535318,-73.355782","N"
"CONEXRED","ACB303014","Calle 25 6b  51 Barrio Nieves","Boyaca","5.536671,-73.356692","N"
"BANCAMIA TUNJA","ACB062960","Kr 10 No 26  56","Boyaca","5.539261,-73.360014","N"
"EFECTY PARQUE PINZON.","ACB194740","Cl 23 # 8 -75","Boyaca","5.535505,-73.359038","N"
"CONEXRED","ACB309340","Calle 15e 2 32","Boyaca","5.521777,-73.353661","N"
"EFECTY BARRIO LA FUENTE","ACB167351","Cl 34 # 17 -29","Boyaca","5.54763,-73.365517","N"
"CONEXRED","ACB275414","Calle 22  9 96 Barrio Centro","Boyaca","5.535119,-73.36107","N"
"EFECTY CENTRO PILA DEL MONO","ACB190845","Cl 20 # 8-81","Boyaca","5.532489,-73.359982","N"
"EFECTY PLAZA DE BOLIVAR","ACB122503","Cr 9 # 19-98","Boyaca","5.532699,-73.360918","N"
"EFECTY TERMINAL DE TRANSPORTE","ACB123021","Cr 7 # 17-40 L2","Boyaca","5.52955,-73.35964","N"
"EFECTY TUNJA SANANTONIO","ACB308910","Cl 8 # 2b-22","Boyaca","5.519625,-73.357524","N"
"CONEXRED","ACB309933","Carrera  12 20 25","Boyaca","5.534255,-73.363997","N"
"EFECTY CENTRO COMERCIAL PLAZA REAL TUNJA","ACB191396","Cr 14 # 20 -05 Cc Plaza Real","Boyaca","5.534808,-73.365886","N"
"EFECTY TUNJA SANTABARBARA","ACB176667","Cr 11 # 16 -16","Boyaca","5.529301,-73.363733","N"
"EFECTY EL MILAGRO CR 19","ACB308909","Cr 19 # 20-63","Boyaca","5.53772,-73.367554","N"
"EFECTY","ACB351127","Calle 3a  4c 18 Mz 1 Casa 18","Boyaca","5.515856,-73.359185","N"
"EFECTY","ACB356188","Calle 3a  4c 18 Mz 1 Casa 18","Boyaca","5.515856,-73.359185","N"
"EFECTY TUNJA AQUIMIN","ACB308921","Cl 12 # 10-55","Boyaca","5.525718,-73.364901","N"
"EFECTY AV MALDONADO","ACB306929","Av Maldonado Con Cr 010","Boyaca","5.523584,-73.364671","N"
"CONEXRED","ACB198140","Kr 4 Bis   4 12 Brr Sol De Oriente","Boyaca","5.514898,-73.360881","N"
"EFECTY TUNJA JUAN DE CASTELLANOS","ACB129896","Cr 11 # 9-88","Boyaca","5.523848,-73.366243","N"
"EFECTY FRENTE AL INEM","ACB307063","Cr 15 # 9 A-113","Boyaca","5.525568,-73.369753","N"
"CONEXRED","ACB300396","Carrera 15  9a  109 Barrio Paraiso","Boyaca","5.525603,-73.369797","N"
"EFECTY EL LIBERTADOR CR 7","ACB306215","Cl 7 # 15-05","Boyaca","5.521414,-73.370272","N"
"EFECTY SECTOR LA BOMBA","ACB194047","Urb Los Naranjos Sector La Bomba","Boyaca","6.019893,-73.547771","N"
"EFECTY CENTRO CALLE 2","ACB114353","Cl 2 # 2-40","Boyaca","6.01746,-73.547402","N"
"EFECTY CALLE 8","ACB111471","Cl 8 # 6-18-22","Boyaca","5.400698,-73.335591","N"
"EFECTY LA PAZ CRA 4","ACB134461","Cr 4 4-03","Santander","6.178186,-73.589973","N"
"EFECTY STA HELENA DEL OPON SANTANDER","ACB132425","Cl 4 3-21","Santander","6.339009,-73.6158","N"
"EFECTY GUEPSA CALLE 4","ACB113011","Cl 4 # 4-70","Santander","6.025812,-73.572668","N"
"EFECTY SERVIENTREGA","ACB112494","Cr 11 # 14 87","Santander","7.395114,-73.49558","N"
"EFECTY FRENTE A LA ALCALDIA","ACB155877","Cr 11 # 11-53 Frente A La Alcaldia","Santander","7.396827,-73.496384","N"
"EFECTY CENTRO CARRERA 11","ACB116960","Cl 13 # 12-46","Santander","7.395896,-73.496913","N"
"EFECTY","ACB352689","Cl 8  2   30","Boyaca","5.385288,-73.363353","N"
"EFECTY CORREGIMIENTO PROVINCIA","ACB191626","Cl 1 # 1-167 Via Principal","Santander","7.393687,-73.500567","N"
"EFECTY CENTRO AVENIDA LIBERTADORES","ACB301683","Cr 2 # 3-41","Boyaca","5.381,-73.364751","N"
"BANCAMIA MONIQUIRA","ACB062498","Kr 3 No 16 163 Barrio La Aurora","Boyaca","5.877791,-73.56955","N"
"EFECTY MONIQUIRA CALLE 18","ACB326433","Cl 18 # 3 24","Boyaca","5.878188,-73.570295","N"
"EFECTY CALLE 19","ACB111437","Cl 19 # 4-70","Boyaca","5.87809,-73.571506","N"
"EFECTY","ACB358410","Vereda Bella Vista Kdx 620","Boyaca","5.878448,-73.572225","N"
"EFECTY","ACB323221","Calle 5  9   48 Local 1 Lado M","Casanare","4.855409,-73.041727","N"
"EFECTY MONIQUIRA CL 19 PARQUE PRINCIPAL","ACB132304","Cl 19 # 811-00","Boyaca","5.875923,-73.5736","N"
"CONEXRED","ACB322637","Carrera 9 1752","Boyaca","5.875324,-73.574268","N"
"EFECTY EXPRESS FRENTE HOSPITAL MONIQUIRA","ACB273995","Cl 4 # 9-34","Boyaca","5.866959,-73.575484","N"
"EFECTY SAN ALBERTO CARRERA 3","ACB279144","Cr 3 # 4- 50 Lc 3","Cesar","7.761034,-73.390931","N"
"EFECTY BODEGA PRINCIPAL BARBOSA","ACB279265","Tv 8 # 5-86","Santander","5.937253,-73.610504","N"
"EFECTY CRA 13 VIA ARCABUCO","ACB169166","Cr 13 # 12-48","Boyaca","5.640629,-73.525771","N"
"EFECTY DIMONEX CIGARRERIA ESQUINA","ACB322132","Cr 9 # 13-01","Boyaca","5.636608,-73.524461","N"
"EFECTY CENTRO COMERCIAL LA LUISITA","ACB190999","Cr 9 # 14-09 Local 102","Santander","5.93439,-73.615001","N"
"EFECTY BARBOSA VIA NACIONAL","ACB191363","Dg 18 # 20-110","Santander","5.934363,-73.615679","N"
"PAGAFACIL BARBOSA SANTANDER","ACB066447","Carrera 9  11 07","Santander","5.932353,-73.6161","N"
"CONEXRED","ACB309351","Transversal 10  8 124","Boyaca","5.631993,-73.524912","N"
"EFECTY SANTANDER CARRERA 9","ACB077294","Cr 9 # 10-65","Santander","5.931918,-73.616749","N"
"EFECTY CALLE 8 CON 8","ACB305708","Cl 8 # 8-21","Boyaca","5.634422,-73.528979","N"
"EFECTY BARBOSA BARRIO GAITAN","ACB195235","Cr 9 # 4-55 Barrio Gaitan","Santander","5.927796,-73.621203","N"
"EFECTY CENTRO CALLE 6","ACB113473","Cl 6 5-13","Boyaca","5.316241,-73.397342","N"
"EFECTY ABREGO CRA 6","ACB173170","Cr 6 # 13-27","Norte De Santander","8.080432,-73.220525","N"
"EFECTY TIBANA CRA 37","ACB322066","Cr 37020608c-72 A 16","Boyaca","5.316721,-73.397943","N"
"EFECTY ABREGO CALLE CENTRAL","ACB164765","Cr 5 # 15-25","Norte De Santander","8.08252,-73.221324","N"
"CONEXRED","ACB303322","Carrera 5  7 04  Local 02 Barrio Centro","Boyaca","5.494193,-73.486418","N"
"CONEXRED","ACB309977","Carrera 6  5  44","Boyaca","5.492981,-73.486109","N"
"EFECTY CRA 6 CON 6TA","ACB127773","Cr 6 6-56","Boyaca","5.492558,-73.486357","N"
"CONEXRED","ACB300747","Carrera 8  5 19 Barrio Samaca","Boyaca","5.491486,-73.48712","N"
"EFECTY CORREGIMIENTO PANAMA-ARAUQUITA","ACB172102","Panama De Arauca","Arauca","7.02928,-71.429478","N"
"EFECTY BARRIO OBRERO ARAUQUITA","ACB306150","Cl 5 Cr 6 Esquina Barrio Obrero","Arauca","7.029618,-71.428864","N"
"EFECTY SERVIRECAUDOS LA ESMERALDA","ACB172937","Cl 2 # 3-18 Barrio El Centro","Arauca","7.029633,-71.432004","N"
"EFECTY BARRIO LAS PALMERAS - SARAVENA.","ACB175523","Cr 13 # 11-30 Barrio Las Palmeras","Arauca","6.945142,-71.867144","N"
"EFECTY DROGUERIA PAISASOS","ACB278143","Dg 30 # 14 80 Barrio Centro","Arauca","6.956053,-71.87266","N"
"EFECTY MULTISERVICIOS FONTECHAT","ACB274127","Cr 14 # 25 45","Arauca","6.956053,-71.87266","N"
"EFECTY DROGUERIA FARMASANTI","ACB277593","Cr 20 # 28-47","Arauca","6.956053,-71.87266","N"
"CONEXRED","ACB279528","Calle 22  13 37 Barrio Alfonso Lopez","Arauca","6.954117,-71.87267","N"
"EFECTY CORREGIMIENTO PUERTO NARIÑO","ACB195631","Correg Puerto Naiño Cr 2 # 2-1","Arauca","6.953041,-71.87764","N"
"EFECTY TAME CRA 19","ACB170616","Cl 15 # 19-57 Tame","Arauca","6.459617,-71.735551","N"
"EFECTY CORREGIMIENTO PUERTO JORDAN","ACB190724","Puerto Jordan Barrio Centro","Arauca","6.45704,-71.745516","N"
"CONEXRED","ACB307382","Calle 24 29 18","Arauca","7.087607,-70.766107","N"
"EFECTY CABAÑAS CALLE 24","ACB304686","Cl 24 # 25-03","Arauca","7.087668,-70.761813","N"
"MULTIPAGAS","ACB197325","Carrera 22 # 19-43","Arauca","7.084365,-70.758875","N"
"EFECTY PUNTO DE ACOPIO SERVIRECAUDOS","ACB119655","Cr 21 # 19-06","Arauca","7.084311,-70.757985","N"
"CONEXRED","ACB276075","Carrera 21  22  40 Barrio Siete De Agost","Arauca","7.086691,-70.758152","N"
"CONEXRED","ACB276053","Calle 21  20  42 Barrio Siete De Agosto","Arauca","7.085628,-70.75774","N"
"AyV ARAUCA","ACB067174","Carrera 20 Con Calle 16","Arauca","7.081883,-70.756993","N"
"EFECTY SERVIRECAUDOS ARAUCA S.A.S","ACB077238","Cl 21 # 19-50","Arauca","7.085653,-70.757146","N"
"EFECTY COPY LLANOS CRA 20","ACB305357","Cr 20 # 27-65","Arauca","7.092101,-70.757398","N"
"EFECTY CRISTO REY CALLE 17","ACB302585","Cr 19 # 17- 05","Arauca","7.082708,-70.756398","N"
"EFECTY SERVIRECAUDOS GIROS Y ENVIOS","ACB125430","Cl 15 # 16-59 Local 1","Arauca","7.081117,-70.754253","N"
"EFECTY SAN LUIS CALLE 27","ACB191583","Cl 27# 16-20 San Luis","Arauca","7.091256,-70.754683","N"
"EFECTY CENTRO CALLE 2","ACB113594","Av Principal Drogueria Nacional","Boyaca","7.00393,-72.107856","N"
"EFECTY","ACB308525","Cl 15  21   66","Arauca","7.08658,-70.752775","N"
"EFECTY CUBARA CENTRO","ACB177295","Cl 6 # 5-76","Boyaca","7.003549,-72.110066","N"
"EFECTY AVENIDA LEON Y VALENCIA","ACB323814","Cl 23 # 11-65","Arauca","7.087887,-70.749864","N"
"EFECTY NET CR 12","ACB308383","Cl 12 N. 11-59","Casanare","6.154892,-71.76236","N"
"EFECTY TOLEDO CRA 4","ACB162950","Cr 4 # 11-60 Barrio Napoleon","Norte De Santander","7.309218,-72.48172","N"
"GIROS Y FINANZAS CÚCUTA METRO VENTURA","ACB024593","Diag. Santander Cl. 10 Y 11 Int. Metro","Norte De Santander","7.888106,-72.496538","Y"
"COOPERATIVA FINANCIERA DE ANTIOQUIA","ACB172838","Kr 31 Cl Boyaca   29 18","Antioquia","6.647778,-72.461389","N"
"EFECTY CRA 4","ACB113022","Cr 4 # 5-32","Boyaca","6.463001,-72.412192","N"
"CONEXRED","ACB320129","Avenida 4  4  51","Norte De Santander","7.578147,-72.475826","N"
"EFECTY EL CENTRO AVENIDA 3","ACB113923","Av 3 5-02","Norte De Santander","7.578173,-72.476521","N"
"EFECTY EL ESPINO CRA 5","ACB113033","Cr 5 5-01","Boyaca","6.482388,-72.496373","N"
"EFECTY PAZ DE ARIPORO PARQUE","ACB159640","Cr 8 # 11-02","Casanare","5.881805,-71.892209","N"
"EFECTY DIMONEX JESSICA SPORT","ACB305939","Cl 8 # 9-40","Casanare","5.880584,-71.892912","N"
"CONEXRED","ACB192870","Kr 10 N 4 67 Barrio Las Villas","Casanare","5.877933,-71.896564","N"
"EFECTY PLAZUELA BOLIVAR","ACB169144","Cr 8 # 2-40","Norte De Santander","7.377806,-72.644397","N"
"CONEXRED","ACB322385","Calle 7 7 23","Norte De Santander","7.374399,-72.647464","N"
"CONEXRED","ACB322396","Carrera  6 3 95","Norte De Santander","7.378798,-72.646307","N"
"AyV PF PAMPLONA","ACB067679","Calle 7 No 5   46 Barrio Centro","Norte De Santander","7.375028,-72.651304","N"
"EFECTY LA SALINA","ACB301737","Cl 3 5-29","Casanare","6.127924,-72.334162","N"
"EFECTY CENTRO","ACB112010","Cl 6 # 3-30","Santander","6.767204,-72.694598","N"
"EFECTY LA PARADA CALLE 6","ACB302408","Cl 6 # 7 22 Correg La Parada","Norte De Santander","7.819037,-72.455245","N"
"AYV LA PARADA","ACB066591","Autopista 70 Villa Del Rosario","Norte De Santander","7.819899,-72.454962","N"
"CONEXRED","ACB322374","Manzana Z Lote 35   1   6","Norte De Santander","7.820878,-72.456899","N"
"EFECTY AVENIDA 4","ACB111240","Av 4 # 1-36","Norte De Santander","7.600183,-72.60215","N"
"CONEXRED","ACB307469","Carrera  8 20 20","Norte De Santander","7.820476,-72.473389","N"
"EFECTY SAN JUDAS CALLE 18","ACB308646","Cl 18 # 10- 75 San Judas","Norte De Santander","7.822191,-72.475116","N"
"EFECTY BARRIO LOMITAS","ACB172982","Cl 5 # 5-04 Barrio Lomitas","Norte De Santander","7.832526,-72.4696","N"
"EFECTY CENTRO LA CASONA","ACB323980","Cl 6 # 6-57","Norte De Santander","7.831659,-72.470749","N"
"CONEXRED","ACB309713","Calle 13  11  20","Norte De Santander","7.826901,-72.475354","N"
"CONEXRED","ACB199691","Kr 12 11 49","Norte De Santander","7.828064,-72.475836","N"
"EFECTY","ACB358520","Carrera 3 Calle 6","Norte De Santander","7.834193,-72.471135","N"
"AYV PF VALKOR VILLA DEL ROSARIO","ACB067284","Calle 5 No 8   89 Villa Del Rosario","Norte De Santander","7.832835,-72.472752","N"
"EFECTY 20 DE JULIO.","ACB194124","Aut Internacional San Antonio 14n 61 L-3","Norte De Santander","7.850164,-72.469102","N"
"EFECTY LA PALMITA VILLA DEL ROSARIO","ACB324057","Cr 7 # 9-48 Barrio La Palmita","Norte De Santander","7.850543,-72.4705","N"
"EFECTY TIERRA LINDA CALLE 16","ACB321395","Cl 16 # 7-19 4 Etapa Tierra Linda","Norte De Santander","7.813941,-72.513562","N"
"CONEXRED","ACB320020","Carrera 6  5  32","Boyaca","6.316483,-72.561023","N"
"CONEXRED","ACB302992","Calle 16  7b  03 Local 2 Barrio Tierra L","Norte De Santander","7.813763,-72.514241","N"
"CONEXRED","ACB300088","Calle 16 7 B 03 Local 2 Barrio Tierra Li","Norte De Santander","7.813763,-72.514241","N"
"CONEXRED","ACB309560","Carrera 7b 1a 39","Norte De Santander","7.814403,-72.51417","N"
"CONEXRED","ACB279782","Calle 32 3 40","Norte De Santander","7.837897,-72.496982","N"
"CONEXRED","ACB196193","Kr 6 # 22 19 Brr Bonanza","Cundinamarca","7.834644,-72.500295","N"
"CONEXRED","ACB307272","Avenida 10  18 26","Norte De Santander","7.833878,-72.50096","N"
"EFECTY LA CORDIALIDAD AV 1","ACB321384","Av 1e # 31-31 La Cordialidad","Norte De Santander","7.837303,-72.498819","N"
"CONEXRED","ACB307403","Avenida 10a  1s  07","Norte De Santander","7.814799,-72.51638","N"
"CONEXRED","ACB279496","Carrera 10a  114 Barrio Los Patios","Norte De Santander","7.814217,-72.516891","N"
"AYV PF MALAGA","ACB066337","Carrera 7a No 12   45 Cc Andino Lc 16","Santander","6.699183,-72.731696","N"
"EFECTY","ACB354757","Carrera 9  14 12","Santander","6.701078,-72.732304","N"
"EFECTY MALAGA TERMINAL","ACB326455","Cr 9 # 14-12","Santander","6.701301,-72.732472","N"
"EFECTY CENTRO CALLE 6","ACB115310","Cl 6 # 5-32","Boyaca","6.187904,-72.472664","N"
"BANCAMIA MALAGA","ACB063653","Carrera 9 13 50","Santander","6.70067,-72.732814","N"
"EFECTY SERPATIOS","ACB122350","Av 10 # 14-69 Loc. H9 Pensilvania","Norte De Santander","7.831698,-72.506634","N"
"EFECTY SERPATIOS","ACB122350","Av 10 # 14-69 Loc. H9 Pensilvania","Norte De Santander","7.831698,-72.506634","N"
"CONEXRED","ACB309449","Calle 8 27 89","Norte De Santander","7.888287,-72.462552","N"
"GIROS Y FINANZAS PALMAS EDIF TRAFALGAR","ACB020148","Calle 44 29a 45 Edificio","Santander","7.119863,-73.111832","Y"
"EFECTY SABANA","ACB116344","Av 4 # 31-55","Norte De Santander","7.839155,-72.503447","N"
"CONEXRED","ACB274172","Avenida 17 # 24 -50 Barrio Aguas","Norte De Santander","7.881264,-72.474089","N"
"CONEXRED","ACB274512","Callel 12  13 19  Local 105 Barrio Centr","Norte De Santander","7.881264,-72.474089","N"
"ACCIONES Y VALORES","ACB066919","Pf Los Patios","Norte De Santander","7.838587,-72.508473","N"
"EFECTY AGUAS CALIENTES CALLE 19","ACB190713","Cl 19 # 17-04 Aguas Calientes","Norte De Santander","7.884178,-72.472881","N"
"EFECTY SABANA CALLE 33","ACB273940","Av 10 # 33-32","Norte De Santander","7.84207,-72.507123","N"
"EFECTY BARRIO LA UNION AV 6","ACB162927","Av 6 # 3-106 Barrio La Union","Norte De Santander","7.893593,-72.467331","N"
"EFECTY BELLAVISTA AV 11","ACB279210","Av 11 # 27-24","Norte De Santander","7.880269,-72.479017","N"
"CONEXRED","ACB271586","Calle 12 # 17 03 Barrio Aniversario Ii","Norte De Santander","7.888311,-72.47237","N"
"EFECTY EDIFICIO PRINCIPAL","ACB112911","Edificio Municipal Local 103","Boyaca","6.329773,-72.585416","N"
"CONEXRED","ACB199657","Cl 17 15   16","Norte De Santander","7.886513,-72.474183","N"
"EFECTY SERVIENTREGA BODEGA CUCUTA","ACB122536","Cl 22n # 11-85","Norte De Santander","7.883904,-72.478353","N"
"EFECTY CAMILO DAZA CALLE 44","ACB301429","Cl 44 # 8-15 Camilo Daza","Norte De Santander","7.875065,-72.486625","N"
"CONEXRED","ACB192430","Av 12 17 13","Norte De Santander","7.887029,-72.476901","N"
"EFECTY ALTO PAMPLONITA AV 10","ACB132645","Av 10 # 6-80","Norte De Santander","7.896317,-72.47524","N"
"OFICINA VIVERO","ACB066106","Diagonal Santander Con Av Deme","Norte De Santander","7.883566,-72.485984","N"
"AYV EXITO SAN MATEO","ACB067196","Dg Stander Av Demetrio Exito Mate0 L108a","Norte De Santander","7.882854,-72.488498","N"
"EFECTY","ACB277658","Calle 0 Num 11 03 Local 4","Norte De Santander","7.905766,-72.469911","N"
"EFECTY GUAIMARAL","ACB078372","Cl 6n # 11e-16 Local 5","Norte De Santander","7.89742,-72.477435","N"
"CONEXRED","ACB322660","Carrera 4  1  123","Santander","6.528544,-72.696514","N"
"EFECTY NUEVO ESCOBAL","ACB165656","Cl 7a # 4 -167 Barrio Nuevo Escobal","Norte De Santander","7.914529,-72.465266","N"
"MULTIPAGAS","ACB197886","Av Dimetrius Dg Santander","Norte De Santander","7.894515,-72.48266","N"
"MULTIPAGAS","ACB197534","Av. 3 # 10-53","Norte De Santander","7.894993,-72.482541","N"
"CONEXRED","ACB276031","Calle 9  4  87 Barrio Centro","Norte De Santander","7.911325,-72.469399","N"
"EFECTY SAN LUIS AV. 3","ACB173004","Av 3 # 7-03 Loc 3 San Luis","Norte De Santander","7.897404,-72.4817","N"
"EFECTY NUEVA REDOMA DAS","ACB274644","Av 1 # 21-29","Norte De Santander","7.876376,-72.499187","N"
"EFECTY PRADOS DEL ESTE","ACB127344","Av 4 B # 4-131","Norte De Santander","7.907718,-72.473338","N"
"CONEXRED","ACB309636","Calle 23a 1b 40","Norte De Santander","7.8748,-72.50089","N"
"CONEXRED","ACB320217","Calle 18  25  10","Norte De Santander","7.879493,-72.499368","N"
"ACCIONES Y VALORES PARQUE SANTANDER","ACB060715","Av 5 No 10 37 Lc 14","Norte De Santander","7.88625,-72.494225","N"
"EFECTY C.C. LA ALEJANDRIA CL 8","ACB156559","Cl 8 # 6-06 Lc 24-145 Cc La Presentacion","Norte De Santander","7.912999,-72.471921","N"
"EFECTY LA RIVERA CALLE 9","ACB191792","Cl 9 # 6e-36","Norte De Santander","7.889902,-72.491933","N"
"EFECTY","ACB172135","Av Gran Colombia No 3e 96 Local","Norte De Santander","7.895729,-72.487458","N"
"OFICINA AVENIDA CERO PF","ACB064643","Avenida Cero No 13 153","Norte De Santander","7.883497,-72.497748","N"
"EFECTY LA CABRERA AV 4","ACB324222","Av 4 # 17-94 Local 4 La Cabrera","Norte De Santander","7.879295,-72.501399","N"
"EFECTY URB.PRADOS DEL ESTE AV 7B","ACB163258","Av 7b # 6-06 Apto 102","Norte De Santander","7.911962,-72.47503","N"
"EFECTY LOS PATIOS PRINCIPAL","ACB078415","Av 10 # 25-46","Norte De Santander","7.872546,-72.507958","N"
"CONEXRED","ACB199680","Av  10  25   32 Lc 1","Norte De Santander","7.873698,-72.507522","N"
"PF VENTURA PLAZA II","ACB065952","Cl 10 11 Diag Santander Cc Ventura Lc L3","Norte De Santander","7.887543,-72.496482","N"
"EFECTY TORRES DEL PAR AV. LIBERTADORES","ACB321021","Cl 2n # 15e-20 Loc -4c","Norte De Santander","7.901521,-72.485296","N"
"PAGAFACIL METRO VENTURA","ACB066414","Calle 10e 2e 90 Local 1005 Metro","Norte De Santander","7.8881,-72.49654","N"
"EFECTY AV GRANCOLOMBIA","ACB323375","Av Grancolombia # 3e-80","Norte De Santander","7.891356,-72.494201","N"
"OFICINA GRAN BULEVAR","ACB066096","Avenida 0 Calle 11","Norte De Santander","7.886571,-72.498463","N"
"OFICINA PAGAFACIL AVENIDA CERO II","ACB066261","Av 0 N 11167 Local 2 Edificio Negomon","Norte De Santander","7.886817,-72.498275","N"
"EFECTY CENTRO CALLE 10 PARQUE SANTANDER","ACB118962","Cl 10 # 5-84 Edificio Sead Int. 1","Norte De Santander","7.889123,-72.496799","N"
"CONEXRED","ACB199712","Cl 7  7   46","Norte De Santander","7.893526,-72.493707","N"
"CONEXRED","ACB309438","Calle 13 3 2","Norte De Santander","7.884538,-72.50133","N"
"CONEXRED","ACB307371","Kdx29 Local 2 Via Puerto Santander","Norte De Santander","7.888046,-72.498663","N"
"EFECTY QUINTA ORIENTAL AV 11","ACB326565","Av 11e # 1-40 Quinta Oriental","Norte De Santander","7.898302,-72.490604","N"
"EFECTY CALLE 9 DIAGONAL A COMFANORTE","ACB129050","Cl 9 # 0-20 Barrio Latino","Norte De Santander","7.889077,-72.49885","N"
"CONEXRED","ACB276020","Avenida 5  12  90 Barrio Centro","Norte De Santander","7.884108,-72.50349","N"
"CONEXRED","ACB309526","Avenida 3  10  83","Norte De Santander","7.886709,-72.50157","N"
"CONEXRED","ACB271300","Avenida 0  9  50 Brr Comuneros","Norte De Santander","7.890608,-72.498614","N"
"CONEXRED","ACB307513","Avenida 10  16  48","Norte De Santander","7.879632,-72.508072","N"
"GIROS Y FINANZAS CÚCUTA","ACB020214","Cl. 10 3-48 L-01 Edif.  Santander","Norte De Santander","7.88733,-72.502384","N"
"CONEXRED","ACB199602","Cl 11a  6   37","Norte De Santander","7.884655,-72.504861","N"
"ACCIONES Y VALORES PF OFICINA CUCUTA","ACB065260","Av 5 No 10  37 Lc 14","Norte De Santander","7.885094,-72.504619","N"
"GIROS Y FINANZAS AVENIDA SEXTA","ACB026122","Av. 6 # 11-53 Y 11-55 Centro","Norte De Santander","7.885546,-72.504656","N"
"EFECTY LLERAS DIAGONAL SANTANDER","ACB308657","Cl 6 # 0a-32 Lleras Restrepo","Norte De Santander","7.891908,-72.499973","N"
"CONEXRED","ACB199581","Av 5  8   85 Cc River Plaza Lc 247","Norte De Santander","7.888124,-72.503417","N"
"AYV PF DIAGONAL SANTANDER","ACB066690","Diagonal Santander 3 No 02  88","Norte De Santander","7.891791,-72.500664","N"
"A Y V PF OFICINA FRAN  PAULA SANTANDER","ACB064632","Cl 5 N 11 E  04 Barrio Colsag","Norte De Santander","7.902757,-72.491683","N"
"CONEXRED","ACB275986","Calle 10  6  14 Barrio Centro","Norte De Santander","7.886798,-72.505088","N"
"CONEXRED","ACB193804","Av 9  12 02 Brr Panamericano","Norte De Santander","7.884074,-72.507634","N"
"CONEXRED","ACB307360","Avenida 6 9 59","Norte De Santander","7.887498,-72.504913","N"
"CONEXRED","ACB276008","Calle 9  5  86 Barrio Centro","Norte De Santander","7.887798,-72.504966","N"
"CONEXRED","ACB274820","Avenida 6 9 72 Centro Comercial Maracay","Norte De Santander","7.887403,-72.505319","N"
"EFECTY CIUDAD JARDIN MZ 25","ACB163193","Mz 25 Lote 13 Lc. 1 Ciudad Jardin","Norte De Santander","7.90926,-72.487259","N"
"EFECTY","ACB306963","Av 3 Este  6 A   06","Norte De Santander","7.898051,-72.49686","N"
"EFECTY NUEVO ALEJANDRIA","ACB270112","Cl 8 # 6-06 Lc 2-3 68 Piso 2","Norte De Santander","7.888765,-72.505358","N"
"EFECTY AV.0 AL LADO DE MERKGUSTO","ACB078305","Av 0 # 0-50 B Lleras Restrepo","Norte De Santander","7.896246,-72.500193","N"
"AyV PF JARDIN PLAZA","ACB067020","Anillo Vial Ori  13 70 Mz A Lote 1 S01","Norte De Santander","7.920743,-72.479828","N"
"GIROS Y FINANZAS C.C. JARDIN PLAZA","ACB026254","Avial Oriental # 13-70 Mz A Lt 1 Urb San","Norte De Santander","7.920914,-72.479828","N"
"CONEXRED","ACB309537","Avenida 5  4a  09","Norte De Santander","7.892726,-72.504847","N"
"CONEXRED","ACB303047","Calle  9  10 44","Norte De Santander","7.887291,-72.509623","N"
"AYV SAO CUCUTA","ACB067086","Anillo Vial No 13 70 Local A1","Norte De Santander","7.92294,-72.479949","N"
"EFECTY BARRIO EL CONTENTO CLL 11","ACB190670","Cl 11 # 13-57 Barrio El Contento","Norte De Santander","7.883889,-72.512453","N"
"CONEXRED","ACB320107","Calle 3  5 1","Norte De Santander","7.894081,-72.505405","N"
"CONEXRED","ACB199646","Cl 10n  11e   09","Norte De Santander","7.909753,-72.492649","N"
"OFICINA PAGAFACIL VILLA DEL ROSARIO","ACB066304","Calle 5 N 883 Centro De Villa Dl Rosario","Norte De Santander","7.891264,-72.508608","N"
"EFECTY MINI ESTADIO GUAIMARAL","ACB126662","Av 11e #11 N -16 Barrio Guaimaral","Norte De Santander","7.910689,-72.493083","N"
"CONEXRED","ACB307359","Calle 14a Norte 16 Este 61","Norte De Santander","7.913889,-72.490705","N"
"CONEXRED","ACB309614","Avenida 13 Este 15 Norte 130","Norte De Santander","7.915005,-72.490122","N"
"CONEXRED","ACB322538","Carrera 48  29 26","Bolivar","7.904671,-72.498916","N"
"EFECTY LA MERCED CLL.1","ACB307151","Cl 1 # 5-39 Lc-2 La Merced","Norte De Santander","7.896736,-72.505484","N"
"CONEXRED","ACB324288","Calle 8n  11e 91","Norte De Santander","7.906944,-72.497143","N"
"EFECTY CARORA AV 9","ACB305379","Cl 4 # 9 99 Local 102","Norte De Santander","7.891996,-72.51","N"
"CONEXRED","ACB309791","Calle 1c  2b  24","Norte De Santander","7.900136,-72.504755","N"
"CONEXRED","ACB309801","Manzana 30 Lote 6","Norte De Santander","7.897267,-72.507319","N"
"EFECTY GUAIMARAL CLL 15","ACB301430","Cl 15n # 10e-19 Guaimaral","Norte De Santander","7.913595,-72.493852","N"
"EFECTY SAN MIGUEL AV 17","ACB195532","Av 17 # 8-51 Local 2","Norte De Santander","7.886142,-72.516445","N"
"CONEXRED","ACB309966","Calle 5a Norte  4 113","Norte De Santander","7.903875,-72.502449","N"
"EFECTY CUCUTA BARRIO CUNDINAMARCA CLL 11","ACB167296","Cl 11 # 20-53 Barrio Cundinamarca","Norte De Santander","7.882777,-72.51957","N"
"GIROS Y FINANZAS UNICENTRO","ACB024515","Av. Libertadores Con Canal Bogotá L-129","Norte De Santander","7.917239,-72.491744","N"
"CONEXRED","ACB198678","Cl 11 8 25 Brr Centro","Norte De Santander","7.921316,-72.488403","N"
"EFECTY SAN MARTIN CALLE 2","ACB321054","Cl 2 # 11a-88 Local 1 Urb San Martin","Norte De Santander","7.893803,-72.512179","N"
"A Y V PF OFICINA UNICENTRO CUCUTA","ACB065006","Av Libertadores, Av 1 Calle 20n - 173","Norte De Santander","7.91682,-72.493697","N"
"EFECTY BARRIO SEVILLA AV 7A","ACB164017","Av 7a # 2b Norte -02","Norte De Santander","7.901772,-72.50692","N"
"CONEXRED","ACB196335","Dg 25 Cl 61 - 41","Cesar","7.898668,-72.509918","N"
"EFECTY AVENIDA CERO","ACB078426","Cl 13 # 0 32 Local 101","Norte De Santander","7.91328,-72.498714","N"
"CONEXRED","ACB198667","Mz F 3 L 1 Brr La Concordia","Norte De Santander","7.905451,-72.505591","N"
"EFECTY AGUA CLARA SANTA MARIA","ACB194739","Kdx 29-c L-2 Via Puerto Santander","Norte De Santander","7.905451,-72.505591","N"
"EFECTY BARRIO PRADOS DEL NORTE AV 14","ACB172146","Av 4 Cl 18an # 21-74 Prados Del Norte","Norte De Santander","7.915977,-72.497949","N"
"AyV PAGAFACIL TERMINAL CUCUTA","ACB368518","Av 7  0   51 Lc 1","Norte De Santander","7.909709,-72.503997","N"
"CONEXRED","ACB193815","Cl 9 A  3 A  94 El Bosque","Norte De Santander","7.909173,-72.504615","N"
"AYV CENABASTOS","ACB066700","Av 2 N 31 N 38 Lc B97 Pab 4 Cenabastos","Norte De Santander","7.924118,-72.492616","N"
"CONEXRED","ACB199635","Av  Kennedy  1   34","Norte De Santander","7.904947,-72.513785","N"
"EFECTY GARCIA HERREROS CLL14A","ACB162828","Cl 14a # 2-06 Local1 Garcia Herreros","Norte De Santander","7.930759,-72.493318","N"
"EFECTY LA INSULA AVENIDA 7","ACB191088","Av 7 # 0-70 Local 9 La Insula","Norte De Santander","7.923932,-72.500939","N"
"EFECTY BRR LATINO CENTRO CL 8 CON 2","ACB321032","Cl 8 # 2-25","Norte De Santander","7.891647,-72.527972","N"
"EFECTY CALLE 9","ACB078316","Cl 9 # 9-21","Norte De Santander","7.889269,-72.531334","N"
"EFECTY OSPINA PEREZ CALLE 20","ACB321043","Cl 20 # 0-104 Ospina Perez","Norte De Santander","7.932271,-72.495968","N"
"EFECTY LA VITORIA MZ F5","ACB271399","Mz F5 Lote 1 Lc 2 Ayalaya 1 Etapa","Norte De Santander","7.905618,-72.518436","N"
"EFECTY","ACB351622","Av 5  9 30","Norte De Santander","7.93157,-72.49671","N"
"EFECTY ANIVERSARIO II","ACB161838","Cl 4a Norte # 17 B-49 Brr Aniversario Ii","Norte De Santander","7.906618,-72.51812","N"
"CONEXRED","ACB275997","Avenida 5  10  13 Local 01 Barrio Centro","Norte De Santander","7.933385,-72.496015","N"
"CONEXRED","ACB275964","Avenida 5  11  89 Barrio Centro","Norte De Santander","7.933469,-72.495978","N"
"CONEXRED","ACB279892","Avenida 7 3 21","Norte De Santander","7.929168,-72.500742","N"
"EFECTY PANAMERICANO AV. 7","ACB156603","Av 7 # 6-23 Barrio Panamericano","Norte De Santander","7.930269,-72.500892","N"
"EFECTY EDIFICIO PASEO COMERCIAL","ACB277108","Av 5 # 7 29 Lc 10 Edf Paseo Comercial","Norte De Santander","7.912991,-72.51622","N"
"EFECTY AEROPUERTO AV 2","ACB308668","Av 2 # 1-86 Lc 2 Aeropuerto","Norte De Santander","7.928515,-72.505069","N"
"CONEXRED","ACB309834","Avenida 11  8  03","Norte De Santander","7.93235,-72.503028","N"
"CONEXRED","ACB274556","Manzana 4 Lt 19 Et 3 Barrio Juan Atalaya","Norte De Santander","7.905672,-72.525569","N"
"EFECTY DURANIA AV. 2 BARRIO LA TROJA","ACB150014","Av 2 # 5-26 Lote 1 Barrio La Troja","Norte De Santander","7.714812,-72.657589","N"
"CONEXRED","ACB199668","Cl 12  2   82","Norte De Santander","7.934683,-72.504256","N"
"EFECTY BARRIO AEROPUERTO","ACB161773","Cl 15 Norte # 1-27 Barrio","Norte De Santander","7.918827,-72.517961","N"
"CONEXRED","ACB199592","Cl 10  0   29","Norte De Santander","7.897883,-72.535599","N"
"EFECTY BARRIO VIRGILIO BARCO CLL 21","ACB170045","Av 2 # 21-46 Apto 1 Brr Virgilio Barco","Norte De Santander","7.940975,-72.502103","N"
"CONEXRED","ACB300703","Avenida 12 16 45 Barrio La Libertad","Norte De Santander","7.902059,-72.536766","N"
"EFECTY CENTRO CLLE 9","ACB171156","Cl 9 # 7-29","Casanare","5.830254,-72.163015","N"
"CONEXRED","ACB199679","Cl 11  5   83","Norte De Santander","7.921385,-72.524017","N"
"CONEXRED","ACB199613","Cl 13  5   48","Norte De Santander","7.922179,-72.523648","N"
"EFECTY MOTILONES AV 5","ACB326598","Av 5 # 2-40 Local 1 Motilones","Norte De Santander","7.918362,-72.527376","N"
"EFECTY TRIGAL DEL NORTE CALLE 3","ACB326619","Cl 3 # 0-38 Local 4 Trigal Del Norte","Norte De Santander","7.945946,-72.504613","N"
"EFECTY EL CONTENTO CALLE 14","ACB326554","Cl 14 Av 12 # 12-13","Norte De Santander","7.938877,-72.511082","N"
"EFECTY","ACB354911","Calle 3  0 38 Local 4 Trigal Del Norte","Norte De Santander","7.946125,-72.505514","N"
"CONEXRED","ACB304004","Calle 34  5 2","Cundinamarca","7.932826,-72.516941","N"
"CONEXRED","ACB199701","Cl 7  29 117","Norte De Santander","7.915463,-72.531567","N"
"EFECTY LA HERMITA","ACB194904","Av 7 # 32-54 La Hermita","Norte De Santander","7.932026,-72.519358","N"
"CONEXRED","ACB303476","Calle 14b 1593","Norte De Santander","7.942712,-72.51634","N"
"EFECTY CLLE 7 SIMON BOLIVAR","ACB191220","Cl 7 # 12-06","Casanare","5.727775,-71.99019","N"
"EFECTY EDS LA ESPERANZA","ACB308349","Cr 20 # 7-41","Casanare","5.730826,-71.997742","N"
"EFECTY PORE CRA 14**","ACB271388","Cl 6 # 14-25","Casanare","5.728033,-71.992432","N"
"EFECTY LA LIBERTAD CLL 4","ACB302178","Cl 4 # 17-39","Casanare","5.728345,-71.996105","N"
"EFECTY GUACA PARQUE","ACB326466","Cl 4 # 4-22","Santander","6.876301,-72.856218","N"
"EFECTY BOCHALEMA","ACB113516","Cr 5 # 8-53","Santander","6.811956,-72.848241","N"
"EFECTY CENTRO CRA.4","ACB113604","Cr 4 # 3-06","Norte De Santander","7.539222,-72.772648","N"
"EFECTY DATIL CRA.5","ACB118698","Cr 5 # 5-85","Boyaca","6.331399,-72.683889","N"
"CONEXRED","ACB303113","Calle 3  5  69","Norte De Santander","7.878287,-72.626033","N"
"CONEXRED","ACB303487","Avenida 1  8 80 Barrio El Triunfo","Norte De Santander","7.93045,-72.60085","N"
"EFECTY CENTRO CALLE 4","ACB112702","Cl 4 # 3-34","Santander","6.344215,-72.811495","N"
"EFECTY BERLIN CORREGIMIENTO DE TONA","ACB128828","Cl 8 # 7-08","Santander","7.203678,-72.966218","N"
"EFECTY SURATA CRA5","ACB191660","Cr 5 # 5 Impar","Santander","7.366864,-72.983983","N"
"EFECTY CENTRO CALLE 5 NUNCHIA","ACB165063","Cl 5 # 3-11","Casanare","5.638101,-72.195527","N"
"EFECTY","ACB358586","Calle 51  54  08","Santander","6.9879,-73.044087","N"
"EFECTY BARRIO SAN RAFAEL","ACB111624","Cl 7 13-61 Local 2","Santander","6.989942,-73.04602","N"
"CONEXRED","ACB302981","Transversal 11  13  12 Barrio La Nueva C","Santander","6.985119,-73.046663","N"
"EFECTY PASEO DEL PUENTE.","ACB151312","Cr 6 # 21-40 L-007 Cc Paseo Del Puente 2","Santander","6.975853,-73.046986","N"
"EFECTY","ACB302080","Kr 18  7   11","Santander","6.99687,-73.047625","N"
"EFECTY NUEVA CANDELARIA","ACB175600","Cr 9a # 13-32","Santander","6.984424,-73.047415","N"
"AYV EXITO PASEO DE PUENTE","ACB066942","Carrera 6 Calle 22 Local 104","Santander","6.975562,-73.047129","N"
"MULTIPAGAS","ACB278901","Carrera 15  3an 10","Santander","6.986466,-73.049769","N"
"EFECTY HOYO CHIQUITO","ACB190614","Cl 5 # 8-79 Lc 2","Santander","6.989991,-73.050182","N"
"EFECTY LOS CISNES","ACB277702","Cr 2 N. 22-24 Barrio Paseo Del Puente 2","Santander","6.973788,-73.049871","N"
"CONEXRED","ACB322505","Calle 12  6 36","Santander","6.983764,-73.05021","N"
"MULTIPAGAS","ACB196940","Carrera 7 # 8 - 39","Santander","6.986791,-73.050498","N"
"EFECTY HOYO GRANDE PIEDECUESTA","ACB306710","Cl 17 # 4-25","Santander","6.979038,-73.050295","N"
"EFECTY PIEDECUESTA CENTRO CRA 7 CON 8.","ACB279276","Cr 7 # 8-20","Santander","6.986732,-73.050595","N"
"EFECTY CENTRO PARQUE PRINCIPAL","ACB111613","Cl 10 # 6-44 L-106","Santander","6.985148,-73.050661","N"
"EFECTY SERVIENTREGA SAN CARLOS","ACB302079","Cr 15 # 1 A-15 Norte","Santander","6.9993,-73.052494","N"
"EFECTY PIEDECUESTA PORTAL DEL VALLE","ACB304828","Cl 23 # 1w -81 Portal Del Valle","Santander","6.972412,-73.052007","N"
"EFECTY NAVARRA REAL","ACB150960","Dg 6 # 1a-92 Lc 15 Conjunto Navarra Real","Santander","6.99156,-73.052753","N"
"EFECTY JUNNIN II","ACB161070","Cl 6n # 4-154 Junnin Ii","Santander","6.987652,-73.053487","N"
"EFECTY CAMELOT","ACB302640","Cl 8 # 3-188 Lc 1","Santander","6.985767,-73.053603","N"
"EFECTY ZAFIRO","ACB302068","Cr 1e Cl 12 Torre 1 L-4 Brr Vellavista","Santander","6.981228,-73.053468","N"
"CONEXRED","ACB303784","Carrera 4  6n  31","Santander","6.987465,-73.05383","N"
"EFECTY DROG FARMAHOGAR LA MESA","ACB277559","Mesa De Los Santos Guayabal Lc 9","Santander","6.993982,-73.054224","N"
"EFECTY CENTRO COMERCIAL DE LA CUESTA.","ACB277692","C.c. De La Cuesta","Santander","6.993982,-73.054224","N"
"EFECTY CHACARITAS BARILOCHE","ACB165074","Cr 2 # 2a Dg 5 Mz F Lote 1 Local 2","Santander","6.993982,-73.054224","N"
"EFECTY RUITOQUE VEREDA 3 ESQUINAS","ACB324167","Correg Mesa De Ruitoque Alto Casa 2 Lt 4","Santander","6.993982,-73.054224","N"
"EFECTY CC ECOPARK II","ACB304521","Km 7 Via Piedecuesta","Santander","6.995609,-73.054308","N"
"EFECTY PASEO CATALUÑA","ACB123131","Cl 1 # 5-126 Mz O Cs 241","Santander","6.993765,-73.054721","N"
"EFECTY CRA 5","ACB112966","Cr 5 # 4-07","Santander","6.694401,-73.019312","N"
"EFECTY PIEDECUESTA BARRIO LA CANTERA","ACB300341","Cr 3 # 6-17 Barrio La Cantera","Santander","6.987015,-73.054972","N"
"CONEXRED","ACB322307","Calle 3an  6 Piedecuesta Santander","Santander","6.998042,-73.055462","N"
"EFECTY PS REFUGIO","ACB150849","Cl 3an # 3b-10 Piso Refugio","Santander","6.989158,-73.055344","N"
"EFECTY","ACB355440","Carrera 4  1n 33","Santander","6.990885,-73.055469","N"
"EFECTY SAN TELMO","ACB111635","Tv 1e Norte # 6 C-08","Santander","6.996406,-73.056496","N"
"EFECTY BOSQUES DE ARANJUEZ PIEDECUESTA","ACB324529","Cr 4 # 1n-33","Santander","6.994255,-73.05789","N"
"EFECTY LA FLORIDA","ACB113484","Cl 7 # 7-29","Boyaca","5.997888,-72.690066","N"
"CONEXRED","ACB309504","Calle  6a Norte 10 34","Santander","6.995687,-73.063856","N"
"EFECTY CENTRO CRA 7","ACB112746","Cr 7 Cl 5 Esquina","Santander","6.47639,-72.97053","N"
"EFECTY","ACB351051","Km 12 Via Curos Los Santos","Santander","6.883232,-73.066639","N"
"EFECTY","ACB356111","Km 12 Via Curos Los Santos","Santander","6.883232,-73.066639","N"
"EFECTY TRINIDAD CRA 5","ACB170133","Cr 5 # 9 -65","Casanare","5.41042,-71.662754","N"
"EFECTY CENTRO CRA 6.","ACB190735","Cr 6 # 3-35","Casanare","5.421496,-71.730792","N"
"CONEXRED","ACB300758","Carrera 7  13  6 Barrio Centro","Casanare","5.420817,-71.731076","N"
"EFECTY","ACB301573","Cl 6  17   19 Lc 2","Santander","7.06461,-73.078041","N"
"EFECTY DISTRISERVI","ACB302903","Cl 2 # 8 30","Casanare","5.420229,-71.730862","N"
"CONEXRED","ACB300264","Carrera 4  6  26 Barrio Centro","Casanare","5.407445,-71.662389","N"
"EFECTY TRINIDAD CENTRO CRR 4","ACB161849","Cr 4 5-10","Casanare","5.40677,-71.661944","N"
"EFECTY ALTAMIRA CRA 15","ACB306787","Cl 5 # 14-126","Santander","7.064727,-73.081146","N"
"EFECTY SERVIENTREGA BODEGA CALLE 11","ACB077382","Cl 11 # 8-08","Santander","7.058087,-73.084151","N"
"EFECTY","ACB352876","Calle 11  8 08 Favuis","Santander","7.058076,-73.084185","N"
"EFECTY DIMONEX PARAGUITAS","ACB304642","C.c. Paraguitas L-c -20 Br Paraguitas","Santander","7.065156,-73.085012","N"
"CONEXRED","ACB307304","Diagonal 26 10d Este 21","Santander","7.078571,-73.085162","N"
"EFECTY FLORIDA FRENTE AL MERCANTIL","ACB277252","Cl 7 # 8-21 Barrio Casco Antiguo","Santander","7.061503,-73.085766","N"
"EFECTY RECODO DE LA COLINA","ACB156009","Av 60 # 139-40","Santander","7.083919,-73.085602","N"
"MULTIPAGAS","ACB196764","Calle 5 # 7 - 48","Santander","7.06269,-73.08673","N"
"EFECTY TIGER MARKET VIJAGUAL","ACB326532","Km 8 Via Al Mar Barrio Colorados","Santander","7.057719,-73.087645","N"
"EFECTY LA CUMBRE CARRERA 9","ACB168714","Cr 9e # 31-12","Santander","7.078476,-73.087902","N"
"EFECTY LA CUMBRE CALLE 30","ACB077612","Cl 30 # 6ae-80 Via Ppal Barrio La Cumbre","Santander","7.076883,-73.088315","N"
"EFECTY EL CARMEN","ACB112043","Cr 10a # 47-04","Santander","7.085925,-73.088871","N"
"EFECTY LAGOS DOS ESTACION DEL METROLINEA","ACB308514","Cr 8 # 49-11","Santander","7.087735,-73.088868","N"
"EFECTY EXPRESS LA CUMBRE EL TANQUE","ACB272268","Cr 6 E # 32-18 Barrio La Cumbre","Santander","7.076821,-73.089699","N"
"EFECTY BARRIO VILLALUZ","ACB150674","Cr 10 A # 50-20 Villaluz","Santander","7.087716,-73.090244","N"
"EFECTY PUERTO SANTANDER CARRERA 2","ACB133932","Cr 2 # 2-07 Barrio Centro","Norte De Santander","8.36482,-72.406363","N"
"EFECTY BARR LA ESMERALDA","ACB274435","Cr 58 # 120-62 Barrio La Esmeralda","Santander","7.089715,-73.090592","N"
"EFECTY LOS ROBLES","ACB277087","Cl 55b # 12b-22","Santander","7.091927,-73.090741","N"
"EFECTY CL 3 CENTRO PUERTO SANTANDER","ACB139718","Cl 3 0-46","Norte De Santander","8.365488,-72.407518","N"
"EFECTY LAGOS VICENTE AZUERO","ACB175611","Cr 3 # 47-26","Santander","7.068924,-73.092784","N"
"EFECTY BAVIERA","ACB190593","Cr 25 # 200a-15","Santander","7.060449,-73.094257","N"
"EFECTY PRADOS DEL SUR","ACB127388","Cr 45 # 144c Local 2 Prados Del Sur","Santander","7.080022,-73.0959","N"
"EFECTY LA TRINIDAD","ACB152193","Cr 18 # 59-24 Local 203","Santander","7.094003,-73.095487","N"
"CONEXRED","ACB309395","Carrera  45 145 113","Santander","7.081301,-73.09714","N"
"EFECTY LAGOS II CRA 6","ACB151291","Cr 6 # 40-07 Lc 1 Lagos Ii","Santander","7.068866,-73.097487","N"
"EFECTY SANTA ANA CRA 4","ACB176953","Cr 4 # 15-48 Piso 1 Barrio Santa Ana","Santander","7.077922,-73.097389","N"
"EFECTY ZAPAMANGA PATINODROMO","ACB308536","Cr 48 # 126-70","Santander","7.086957,-73.097542","N"
"EFECTY LAGOS III","ACB150971","Cl 29 # 7-08","Santander","7.071875,-73.099139","N"
"EFECTY BARRIO ASOVILAGOS","ACB276987","Cr 31 # 155-34","Santander","7.070741,-73.099264","N"
"EFECTY EQUILIBRIO VILLA FIRENZE","ACB077591","Br Florida Cs 144156 Autopis F Autopis F","Santander","7.07746,-73.099122","N"
"EFECTY BELLAVISTA CARRETERA ANTIGUA","ACB306754","Altos De Bellavista Sector 7 Local 16","Santander","7.077286,-73.09915","N"
"EFECTY BELLAVISTA FLORIDABLANCA","ACB125649","Sector B T-10 Apto 101 A","Santander","7.077286,-73.09915","N"
"EFECTY PARQUE PRINCIPAL CENTRO","ACB128730","Cr 9 # 4-75 Parque Principal","Santander","7.082326,-73.099748","N"
"EFECTY ZAPAMANGA 1 ETAPA","ACB273852","Cr 40 # 110a-05 Zapamanga 1 Etapa","Santander","7.092123,-73.100375","N"
"EFECTY SANTA ANA CALLE 4","ACB305302","Cr 10 # 2-65 Barrio Santa Ana","Santander","7.08346,-73.100712","N"
"CONEXRED","ACB303872","Calle 102 A  41   03","Santander","7.095902,-73.100599","N"
"EFECTY VILLABEL","ACB277681","Cr 12 # 5-16 Lc 1 Br. Villabel","Santander","7.082057,-73.10205","N"
"EFECTY BARRIO CIUDAD VALENCIA","ACB152137","Cr 12 # 14-11 Local 1","Santander","7.078091,-73.103182","N"
"CONEXRED","ACB300253","Carrera 12  14  19 Barrio Rosales","Santander","7.078271,-73.103256","N"
"EFECTY LAGOS 1","ACB127443","Cl 29 # 11-10 Local 2 Barrio Lagos 1","Santander","7.072487,-73.103601","N"
"EFECTY BARRIO ROSALES","ACB304707","Cr 12 N #23-11 Br Rosales","Santander","7.074433,-73.104461","N"
"CONEXRED","ACB322604","Carrera 34  32c 03","Santander","7.091975,-73.104263","N"
"EFECTY EXPRESS EFECTY BARRIO MIRAFLORES","ACB276932","Cr 55 # 18-14 Brr Miraflores","Santander","7.131622,-73.10244","N"
"MULTIPAGAS","ACB302936","Carrera 27 29 145  Local Sca3e","Santander","7.071821,-73.104977","N"
"EFECTY MULTISERVICIOS PAYADOR","ACB172124","Cl 123 # 31a-05","Santander","7.084624,-73.106128","N"
"EFECTY","ACB309229","Cra 25  29 57 Local 13","Santander","7.071164,-73.106999","N"
"GIROS Y FINANZAS CANAVERAL","ACB020599","C.c. Cañaveral L-158","Santander","7.070362,-73.107095","N"
"ACCIONES Y VALORES OFICINA CANAVERAL","ACB065392","Cl 30 No 25 71 Oficina Canaveral Lc 110","Santander","7.070817,-73.107301","N"
"EFECTY ASTURIAS","ACB155943","Dg 105 # 29b-43 Local 2 Barrio Asturias","Santander","7.090894,-73.106721","N"
"EFECTY TERRAZAS LA FLORESTA","ACB131446","Cr 45 # 57-40 L-2 Barrio La Floresta","Santander","7.108169,-73.106398","N"
"COOPENESSA CACIQUE","ACB322714","Transversal 90 182 Local 405 Cc  Cacique","Santander","7.098592,-73.10746","N"
"GIROS Y FINANZAS C.C. EL CACIQUE","ACB025516","Trans. 93 # 34  99 L-256","Santander","7.099867,-73.107593","N"
"EFECTY","ACB306864","Km 1  1 93 Local 6","Santander","7.129934,-73.107555","N"
"EFECTY CABECERA DEL LLANO CALLE 52","ACB305016","Cl 52 # 35a 17 Cabecera Del Llano","Santander","7.113537,-73.108699","N"
"EFECTY","ACB358377","Calle 57  15a 46","Santander","7.130124,-73.107974","N"
"MULTIPAGAS","ACB197347","Carrera 35a 51-82","Santander","7.114093,-73.108941","N"
"CC CABECERA ETAPA IV","ACB065831","Cra 35a No 49 55 Lc 114 C C Cuarta Etapa","Santander","7.115118,-73.108904","N"
"EFECTY","ACB351644","Calle 41 No  34 37","Santander","7.12613,-73.10834","N"
"EFECTY ALVAREZ","ACB153600","Cr 40 # 34-08","Santander","7.126049,-73.108821","N"
"EFECTY","ACB352898","Carrera 34  52 37","Santander","7.112915,-73.109728","N"
"EFECTY CARRERA 38","ACB166240","Cr 37 # 38-38","Santander","7.122689,-73.109319","N"
"EFECTY CRA 36 CON 44 SAN PIO","ACB277197","Cr 36 # 44 02 Barrio Cabecera Del Llano","Santander","7.120234,-73.109517","N"
"EFECTY PROVENZA 105 CON 24","ACB304994","Cl 105 # 24-99 Lc 5 Provenza","Santander","7.085925,-73.111347","N"
"CONEXRED","ACB302958","Carrera 22  153  2 Barrio Palomitas","Santander","7.074644,-73.111896","N"
"ACCIONES Y VALORES COSMOCENTRO","ACB061518","Kr 33 No 51 119 Lc 207","Santander","7.113285,-73.110506","N"
"EFECTY EXPRESS DIMONEX COSMETI OLGA CR33","ACB308569","Cr 33 # 47-65 Cabecera","Santander","7.117033,-73.111041","N"
"A Y V PF OFICINA PROFESIONALES","ACB064719","Cr 34 42 88 Br Cabecera Del Llano","Santander","7.12051,-73.111001","N"
"EFECTY BARRIO DIAMANTE","ACB326488","Cr 24 # 88-15 Barrio Diamante Ii","Santander","7.091146,-73.112559","N"
"EFECTY CARRERA 30 CONUCOS","ACB308581","Cr 30 # 62-11 Barrio Conucos","Santander","7.107581,-73.111977","N"
"CONEXRED","ACB192155","Cl 52  31 20 Br Cabecera","Santander","7.11286,-73.112016","N"
"PF LAS PALMAS 2","ACB067855","Calle 48 No 32  19 Lc 3 Edificio Tempo","Santander","7.116563,-73.111921","N"
"EFECTY CLINICA METROPOLITANA.","ACB151334","Av Gonzalez Valencia # 55-58","Santander","7.110886,-73.112478","N"
"AYV PF OFICINA CENTRO DE PAGOS CABECERA","ACB064742","Cl 51 A No 31  07","Santander","7.113937,-73.112339","N"
"EFECTY EL PRADO CRA 33","ACB308592","Cr 33 # 37-17 Lc 2","Santander","7.123237,-73.112141","N"
"EFECTY CENTRO COMERCIAL MEGAMALL","ACB118171","Cl 30 A # 33 A-83 Megamall","Santander","7.129261,-73.112032","N"
"ACCIONES Y VALORES PF OFICINA LAS PALMAS","ACB064720","Cl 47 N 28 54 Barrio Soto","Santander","7.117434,-73.112793","N"
"MULTIPAGAS","ACB196775","Cra. 33a # 28-15","Santander","7.13074,-73.112067","N"
"EFECTY SERVIRECAUDOS BUCARAMANGA","ACB077546","Cr 33 # 34-03","Santander","7.125349,-73.112497","N"
"EFECTY PLAZA GUARIN BUCARAMANGA","ACB277537","Cr 33 # 33 A-25 Barrio El Prado","Santander","7.125876,-73.112606","N"
"EFECTY PROVENZA","ACB117565","Cl 105 # 22-52 Barrio Provenza","Santander","7.085218,-73.114874","N"
"EFECTY FRENTE AL HOSPITAL UNIVERSITARIO","ACB173103","Cr 33 #30a-101","Santander","7.127997,-73.113236","N"
"EFECTY QUINTA BRIGADA","ACB077568","Cr 33 # 17-86","Santander","7.133016,-73.11321","N"
"EFECTY CALLE 45 PAPELERIA AZ","ACB308570","Cl 45 # 27a 33 Barrio Sotomayor","Santander","7.117846,-73.114132","N"
"EFECTY BUCARAMANGA PROVENZA COOMULTRASAN","ACB122471","Cr 21 B # 115-23","Santander","7.079882,-73.115935","N"
"EFECTY LA VICTORIA CALLE 65","ACB077557","Cl 65 # 22 36 Barrio La Victoria","Santander","7.102243,-73.115339","N"
"CONEXRED","ACB303795","Carrera  21b 111 50","Santander","7.081839,-73.116121","N"
"EFECTY SAN LORENZO","ACB151389","Cl 110 # 21b-17 Local 101","Santander","7.082684,-73.116128","N"
"EFECTY COLORADOS PARTE ALTA","ACB326510","Cl 54 # 25 A-37","Santander","7.110988,-73.115418","N"
"EFECTY","ACB351590","Calle 48  26 19","Santander","7.116829,-73.115815","N"
"EFECTY","ACB355923","Calle 48  26 19","Santander","7.116829,-73.115815","N"
"EFECTY CALLE 36 CON 28 COOTRACOLTA","ACB077634","Cl 36 # 27-109","Santander","7.121842,-73.115753","N"
"MULTIPAGAS","ACB358607","Dg  15 56 22 P2 Cc San Jose Plaza","Santander","7.108019,-73.116804","N"
"EFECTY EL CRISTAL","ACB151356","Cl 122 # 19-08 Barrio Cristal Alto","Santander","7.076647,-73.11802","N"
"EFECTY CONCORDIA CARRERA 21 CON CALLE 53","ACB116773","Cr 21 # 53-45","Santander","7.110491,-73.117029","N"
"EFECTY LA CEIBA BUCARAMANGA","ACB326499","Cr 17a # 63-31 Lc 9","Santander","7.103512,-73.117484","N"
"EFECTY SOTOMAYOR AV GONZALEZ VALENCIA","ACB077470","Cr 25 # 50- 38 Esquina","Santander","7.116098,-73.11705","N"
"MULTIPAGAS","ACB356342","Dg  15 55 56 Local 806","Santander","7.108571,-73.117617","N"
"EFECTY ISLA DEL SOL","ACB077360","Cr 17 C # 56-15","Santander","7.107907,-73.117675","N"
"EFECTY CALLE 61 POLICLINICA","ACB326509","Cl 61 # 16-31 Barrio Ricaurte","Santander","7.104376,-73.11863","N"
"EFECTY CALLE 36","ACB077623","Cl 36 N. 25-23","Santander","7.12099,-73.118081","N"
"EFECTY EXPRESS EFECTY SAN ALONSO CRA 30","ACB277988","Cr 30 # 18-62 Local 1 Barrio San Alonso","Santander","7.131516,-73.11751","N"
"EFECTY ANTONIA SANTOS CALLE 34","ACB326521","Cl 34 # 26-12","Santander","7.122498,-73.118095","N"
"EFECTY AV LA ROSITA CON 23","ACB278879","Cr 23 # 40-31","Santander","7.118144,-73.11853","N"
"EFECTY NUEVO DIAGONAL SENA","ACB169540","Cl 14 # 28-45","Santander","7.134678,-73.119061","N"
"EFECTY","ACB306918","Cl 104 B  42 A   22","Santander","7.084566,-73.121659","N"
"EFECTY KRA 27 CON 18 SAN ALONSO","ACB194069","Cr 27 # 18-67","Santander","7.13074,-73.119596","N"
"EFECTY BUCARAMANGA PARQUE BOLIVAR","ACB276877","Cl 39 # 21-57 Barrio Centro","Santander","7.118149,-73.120354","N"
"A Y V HOMECENTER BUCARAMANGA","ACB061794","Barrio La Concordia Kr 21 No 45 02","Santander","7.115865,-73.120674","N"
"EFECTY EXPRESS DIMONEX BRR LAS DELICIAS","ACB195806","Cl 104b # 15-16 Barrio Las Delicias","Santander","7.083753,-73.122489","N"
"EFECTY CENTRO COMERCIAL ACROPOLIS","ACB159606","Cl 56-9 # 140-00 Pi 2 Lc 204","Santander","7.10496,-73.121861","N"
"EFECTY NUEVO COAVICONSA CRA 15","ACB320701","Cr 15 # 103-24 Local 7","Santander","7.087104,-73.122543","N"
"EFECTY VILLA SARA","ACB151004","Cl 105 15b-40 Villa Sara","Santander","7.081926,-73.122852","N"
"EFECTY SECTOR PLAZA MERCADO","ACB304356","Cr 7 # 6-32","Santander","6.605067,-73.068081","N"
"MULTIPAGAS","ACB199372","Calle 56 9140 Local 129","Santander","7.104579,-73.122103","N"
"EFECTY CENTRO PRINCIPAL","ACB172070","Cr 8 # 9-04","Santander","6.607088,-73.068681","N"
"GIROS Y FINANZAS BUCARAMANG CC ACROPOLIS","ACB026287","Av Samanes # 9-140 Local 1-26 Piso 1","Santander","7.104803,-73.122341","N"
"EFECTY UNIVERSIDAD","ACB077492","Cr 26a # 9-36","Santander","7.138223,-73.121241","N"
"EFECTY SAN FRANCISCO CALLE 15 CON 25","ACB309285","Cl 15 # 25-40 Local 3","Santander","7.133575,-73.121551","N"
"EFECTY","ACB358388","Km 1 Via Pamplona 1 89 Local 5","Santander","7.135102,-73.121477","N"
"EFECTY VEREDA UVO VIA NACIONAL","ACB305676","Vereda Uvo Km 16 Via San Gil","Santander","6.604539,-73.069139","N"
"EFECTY CRA 24 BULEVAR BOLIVAR","ACB305984","Cr 24 # 19-69 Barrio San Francisco","Santander","7.129737,-73.122029","N"
"EFECTY LA VICTORIA CALLE 68","ACB077458","Cr 11 # 67 # 103","Santander","7.095183,-73.12376","N"
"EFECTY PRINCIPAL EFECTY","ACB077667","Cr 19 # 36-83","Santander","7.118452,-73.122795","N"
"EFECTY NUEVO PUNTA PARAISO","ACB152566","Cr 15 # 109-65 L-3 Barrio Punta Paraiso","Santander","7.077669,-73.124493","N"
"EFECTY SAN MIGUEL.","ACB135297","Cl 51 #15-58","Santander","7.109936,-73.123338","N"
"EFECTY CENTRO CRA 17","ACB161948","Cr 17 # 42 04","Santander","7.115562,-73.123272","N"
"MULTIPAGAS","ACB270596","Calle 35 #19-41 Local 121","Santander","7.119917,-73.123051","N"
"EFECTY CURITI","ACB122206","Cl 8 #10-54","Santander","6.606493,-73.070322","N"
"EFECTY MANUELA BELTRAN CRA 12","ACB323429","Cr 12 # 104a-32","Santander","7.083209,-73.124819","N"
"ACCIONES Y VALORES EXITO LA RO","ACB061475","Carrera 17 45 56","Santander","7.113612,-73.12368","N"
"MULTIPAGAS","ACB197336","Cra 21 # 30-60","Santander","7.123573,-73.123168","N"
"EFECTY EXITO DIAGONAL 15 A","ACB077436","Cr 16 45-138 Cc Super Islas L-1-11 1-12","Santander","7.113414,-73.123884","N"
"EFECTY REAL DE MINAS","ACB077535","Plaza Mayor Entrada 5 Lc 101","Santander","7.10365,-73.124377","N"
"EFECTY VEREDA MOTOSO GIRON","ACB272543","Vda San Jose De Motoso Finca Napoles","Santander","7.078829,-73.125313","N"
"EFECTY ACAPULCO","ACB151620","Ve Acapulco Ltoe 2 Manzan 13 Cs 2","Santander","7.078829,-73.125313","N"
"EFECTY SAN FRANCISCO BOSS CRA 22","ACB116740","Cr 22 # 21-75","Santander","7.127264,-73.123309","N"
"MULTIPAGAS","ACB196588","Cra. 35 # 18-65","Santander","7.119622,-73.123767","N"
"CONEXRED","ACB309582","Carrera  23 18 38","Santander","7.130509,-73.123188","N"
"EFECTY MANUELA BELTRAN.","ACB153819","Cr 11c # 103d-15","Santander","7.083935,-73.12561","N"
"MULTIPAGAS","ACB196599","Carrera 25 # 29-87","Santander","7.139048,-73.12305","N"
"EFECTY REGADEROS NORTE CLUB","ACB301199","Cl 1 # 26-590","Santander","7.146161,-73.122946","N"
"CONEXRED","ACB303861","Calle 17  22a 16","Santander","7.131371,-73.124023","N"
"EFECTY UDI","ACB307041","Cr 24 N # 9 A-14","Santander","7.137617,-73.123754","N"
"EFECTY BARRIO BUCARAMANGA CL 66 CON 7","ACB151301","Cl 68 # 6-116","Santander","7.093188,-73.126035","N"
"EFECTY CENTRO CALLE 37 PANAMA","ACB120743","Cr 16 # 37-100","Santander","7.116614,-73.125056","N"
"EFECTY CENTRO COMERCIAL LOS ANDES","ACB190560","Cl 35 # 17-67 Local 105","Santander","7.119336,-73.125097","N"
"EFECTY","ACB352887","Km 3981 Anillo Vial Rio Frio","Santander","7.061006,-73.127147","N"
"EFECTY BARRIO CIUDAD BOLIVAR","ACB308547","Cl 64c Casa 48","Santander","7.097562,-73.126328","N"
"EFECTY PARQUE CENTENARIO","ACB153271","Cr 18 # 30-77 Centro","Santander","7.122487,-73.125201","N"
"EFECTY P.A. LOS SAUCES","ACB150982","Cr 3 # 63-54-60 Loc 7","Santander","7.100367,-73.126469","N"
"EFECTY CALLE 45 CON 14","ACB301209","Cl 45 # 14-67 Brr Chorreras De San Juan","Santander","7.114233,-73.125991","N"
"EFECTY","ACB305874","Carrera 15  34   64 Barrio Centro","Santander","7.119134,-73.126664","N"
"EFECTY PLAZA DE MERCADO CENTRO","ACB137024","Cr 16 # 33-44","Santander","7.120357,-73.126654","N"
"EFECTY MARSELLA REAL","ACB119743","Av Bucaros Oeste # 3-141 L-13","Santander","7.104968,-73.128106","N"
"EFECTY PARQUE DE LOS NIÑOS","ACB077645","Cl 32 # 27-71","Santander","7.120577,-73.127529","N"
"A Y V PF OFICINA PASEO DEL COMERCIO","ACB064731","Cl 35 No 13  51 Lc 2","Santander","7.118123,-73.127847","N"
"EFECTY CARRERA 13 PASEO DEL COMERCIO","ACB077481","Cl 35 # 13-47","Santander","7.118179,-73.127857","N"
"EFECTY PORVENIR BUCARAMANGA","ACB320691","Cl 104 F # 8 B 49","Santander","7.081499,-73.129473","N"
"GIROS Y FINANZAS JUMBO MEGAMALL","ACB024669","Cl. 14 Cr 9 Esq Int. Almacén Olímpica","Santander","7.122569,-73.127929","N"
"EFECTY QUEBRADASECA CON CRA15","ACB123692","Av Quebrada Seca # 15-22","Santander","7.122912,-73.127975","N"
"EFECTY BULEVAR BOLIVAR CON 18","ACB278000","Bulevar Bolivar # 18-20","Santander","7.132851,-73.127754","N"
"EFECTY PLAZA SAN FRANCISCO CLL 11","ACB308602","Cl 11 # 22-04 Local 2 Barrrio Mutualidad","Santander","7.147239,-73.126957","N"
"EFECTY MUTIS IGLESIA LA CONSOLATA","ACB301210","Cr 2 W #59-19 Barrio Mutis","Santander","7.100476,-73.129626","N"
"EFECTY UNIVERSIDAD SANTO TOMAS","ACB130731","Cr 19 # 8-45 To 2","Santander","7.137772,-73.127823","N"
"EFECTY CARRERA 9 CON 43","ACB161629","Cr 9 # 43-59 Local 2 Edificio Omaga","Santander","7.113297,-73.129928","N"
"CONEXRED","ACB309494","Carre 9  43  68","Santander","7.113504,-73.130094","N"
"EFECTY CARRERA 15 CON 19 MUTUALIDAD","ACB121140","Cr 15 # 19-67","Santander","7.127833,-73.129487","N"
"EFECTY MUTIS SECTOR FUNDADORES","ACB175644","Cl 60 # 7w-22","Santander","7.098714,-73.131673","N"
"EFECTY MONTERREDONDO","ACB168044","Cl 65 # 6w-255","Santander","7.094777,-73.131953","N"
"EFECTY","ACB352908","Carrera 15 16 06 Local 102","Santander","7.131318,-73.130387","N"
"CONEXRED","ACB322495","Conjunto Residencial Torres De Caledonia","Santander","7.136211,-73.130144","N"
"EFECTY CAFE MADRID","ACB150993","Cr 8 # 35an-01 Cafe Madri","Santander","7.116628,-73.131741","N"
"EFECTY CAFE MADRID SECTOR LA Y","ACB305852","Cr 10 Sec E Pj 2 Ca 84 Brr Betania Et 11","Santander","7.116577,-73.132113","N"
"EFECTY KENNEDY CENTRO","ACB190559","Cr 12 # 21-15","Santander","7.126005,-73.131727","N"
"CONEXRED","ACB196072","Kr 16 D # 20- 22","Cundinamarca","7.130325,-73.132018","N"
"EFECTY","ACB308613","Calle 6 No  15b 02","Santander","7.13934,-73.131542","N"
"EFECTY BARRIO GIRARDOT CALLE 27","ACB173125","Cl 27 # 7-54 Barrio Girardot","Santander","7.122003,-73.133393","N"
"EFECTY EXPRESS CAMPOHERMOSO CR 1 CON 45","ACB305665","Cr 1 # 45-93 Barrio Campo Hermoso","Santander","7.108682,-73.134348","N"
"CONEXRED","ACB271322","Calle 6  13 15 Brr Altico","Huila","7.138559,-73.133166","N"
"EFECTY BARRIO EL GAITAN","ACB173136","Cr 11# 15-60","Santander","7.131294,-73.13379","N"
"EFECTY BUCARAMANGA LA VIRGEN","ACB308624","Cr 15 # 3-17","Santander","7.140975,-73.1332","N"
"EFECTY BARRIO SANTANDER 2","ACB276790","Cl 31 # 04-07","Santander","7.118819,-73.135412","N"
"CONEXRED","ACB303092","Carrera 5  28  11","Santander","7.121091,-73.135317","N"
"EFECTY","ACB351633","Calle 12an 11a 10 Carlos Pizarro","Norte De Santander","7.14839,-73.13383","N"
"EFECTY KENNEDY","ACB173114","Cr 12 # 13-69 Norte","Santander","7.150614,-73.13387","N"
"EFECTY BARRIO BETANIA","ACB190746","Cr 10 Peatonal 3 Ca 79 Et 11","Santander","7.140056,-73.135492","N"
"EFECTY BARRIO SANTANDER CALLE 32","ACB304774","Cl 32 # 5 Occidente-25 Barrio Santander","Santander","7.116219,-73.137773","N"
"EFECTY BARRIO MANZANARES","ACB191417","Cr 27w # 59-74","Santander","7.094789,-73.139351","N"
"EFECTY CALLE 56","ACB191495","Cl 56 # 22-62","Santander","7.178417,-73.134415","N"
"EFECTY CAMPOHERMOSO","ACB117345","Cl 45 # 6-02 Oeste","Santander","7.105027,-73.13963","N"
"EFECTY BUCARAMANGA BARRIO MARIA PAZ","ACB277603","Cr 4c # 15n-51 Barrio Maria Paz","Santander","7.148456,-73.13829","N"
"EFECTY LA FERIA CALLE 26","ACB153138","Cl 26 # 1-83","Santander","7.121993,-73.14046","N"
"EFECTY CAMPOHERMOSO QUINTAESTRELLA","ACB305610","Cl 45 # 10 Occidente 32 Brr Campohermoso","Santander","7.101564,-73.142452","N"
"EFECTY TORRES DE SAN REMO","ACB276712","Cl 60 # 9-143 Torres De San Remo Kiosko1","Santander","7.180695,-73.142761","N"
"EFECTY DIAGONAL DIAN","ACB150168","Cl 36 # 14-38","Santander","7.183108,-73.146247","N"
"EFECTY CHIMITA LA INMACULADA","ACB309153","Cr 57w # 44-40 Torre 2 Apto 1011","Santander","7.183108,-73.146247","N"
"EFECTY MORRO RICO VIA PAMPLONA","ACB175655","Via Pamplona 50-30 Barrio La Flora","Santander","7.183108,-73.146247","N"
"EFECTY CABECERA CALLE 48 FOTO JAPON","ACB128653","Cl 48 N 32-68","Santander","7.183108,-73.146247","N"
"EFECTY PARQUE CONUCOS","ACB308558","Cr 32 N. 58-31 Local 3","Santander","7.183108,-73.146247","N"
"EFECTY CALLE 34","ACB139422","Cl 34 # 22-36 Local 7","Santander","7.183108,-73.146247","N"
"EFECTY LOS MOTILONES BUCARAMANGA","ACB124363","Central Metropolitana Modulo 1 Of 637","Santander","7.183108,-73.146247","N"
"EFECTY COLORADOS AVENIDA 52","ACB128543","Av 52 # 21-124","Santander","7.183108,-73.146247","N"
"EFECTY LOS MOTILONES QUEBRADASECA","ACB124341","Av Quebradaseca # 25-21 Barrio Alarcon","Santander","7.183108,-73.146247","N"
"EFECTY DIAMANTE 2","ACB162961","Av 89 # 23-107 Barrio Diamante Ii","Santander","7.183108,-73.146247","N"
"EFECTY BRISAS DEL CAMPO GIRON","ACB308503","Cl 13b # 10c-09","Santander","7.05707,-73.155984","N"
"EFECTY","ACB351732","Calle 32a No  8 80","Santander","7.07083,-73.15892","N"
"EFECTY PUERTO MADERO","ACB151817","Cr 14 # 14 A-09 Puerto Madero","Santander","7.059068,-73.160469","N"
"EFECTY VEREDA PORTACHUELO","ACB308635","Km 24 Vereda Portachuelo Via Al Mar","Santander","7.263626,-73.148686","N"
"EFECTY SANTANDER JUNTO CENTRO DE ACOPIO","ACB304334","Cr 9 # 9-14 Barrio La Esperanza","Santander","7.263906,-73.148839","N"
"EFECTY RINCON DE GIRON","ACB123933","Cl 39 # 18-03 L-1 Brr Rincon De Giron","Santander","7.071484,-73.164237","N"
"EFECTY RINCON DE GIRON ZONA ALTA","ACB164062","Cr 18 # 31b-27 Bodega 2","Santander","7.068578,-73.164463","N"
"CONEXRED","ACB273632","Carrera 11  11 11 Barrio Alamos","Santander","7.265182,-73.149253","N"
"CONEXRED","ACB199756","Cl 60e  16f 25 Casa 5","Santander","7.086285,-73.165123","N"
"EFECTY","ACB351600","Carrera 22 No  13a 10","Santander","7.05854,-73.16594","N"
"EFECTY VILLA DE LOS CABALLEROS","ACB152687","Cl 2 Sur N 22b-05","Santander","7.050527,-73.16645","N"
"EFECTY GIRON MIRADOR DE ARENALES","ACB278857","Tv 20c # 8a 10","Santander","7.05338,-73.166833","N"
"PF ABASTOS BUCARAMANGA","ACB067910","Via Palenque Cafe Mad No 44   96 Lc 2102","Santander","7.103146,-73.165859","N"
"EFECTY POBLADO COMANDO DE POLICIA","ACB306886","Cr 23 # 31- 60","Santander","7.068109,-73.167482","N"
"EFECTY SERVIENTREGA C.C. METRO GIRON","ACB132656","Cl 25 Av Los Caneyes 21b-23 Cc Carrefour","Santander","7.063961,-73.168181","N"
"AYV METRO GIRON","ACB066524","Av Los Caneyes No 21 B   33 Lc","Santander","7.063925,-73.169279","N"
"AYV METRO GIRON","ACB066492","Av Los Caneyes No 21 B 33 Lc 1021","Santander","7.063925,-73.169279","N"
"MULTIPAGAS","ACB196609","Calle 40 # 26-13","Santander","7.072677,-73.169535","N"
"EFECTY GIRON BARRIO SANTA CRUZ","ACB326477","Cr 26 # 20-25","Santander","7.061798,-73.169846","N"
"EFECTY CHIMITA","ACB112339","Cl 2 # 2 4","Santander","7.09474,-73.16935","N"
"EFECTY RIO DE ORO GIRON","ACB304862","Cl 21 # 26-136","Santander","7.062137,-73.170941","N"
"EFECTY EL PALENQUE DIAGONAL A LA CANCHA","ACB175666","Cr 17b # 56-48 Barrio Palenque","Santander","7.083652,-73.170948","N"
"CONEXRED","ACB300077","Diagonal 54 22 C 06 Barrio San Antonio D","Santander","7.081055,-73.172855","N"
"EFECTY CARRIZAL CAMPESTRE","ACB321230","Cl 57 # 22c-12 Barrio Carrizal Campestre","Santander","7.084176,-73.174478","N"
"CONEXRED","ACB279793","Trasvelsal 23 55b 39","Santander","7.083915,-73.174783","N"
"EFECTY BELLAVISTA PARTE ALTA GIRON","ACB321229","Cl 47 # 29bis-16","Santander","7.076023,-73.1759","N"
"CONEXRED","ACB309768","Carrera 6  7  42","Boyaca","5.910144,-72.781561","N"
"CONEXRED","ACB309427","Carrera 5  3c  28","Santander","6.555051,-73.124592","N"
"EFECTY","ACB359390","Carrera 12a  2b 02 Barrio Bella Isla","Santander","6.544527,-73.125016","N"
"MOVISTAR","ACB071209","Carrera 9 10 02","Santander","6.553971,-73.131329","N"
"EFECTY UNISANGIL","ACB304905","Cl 3 Sur # 12-05 L-103 Urb La Floresta","Santander","6.53958,-73.127394","N"
"EFECTY SAN GIL CC EL PUENTE","ACB323506","Cl 10 # 12-184 Brr Sagrada Familia","Santander","6.552366,-73.131901","N"
"EFECTY FAVESO","ACB113770","Cr 8 # 4-72","Norte De Santander","7.742902,-73.048027","N"
"EFECTY LA CARRERA CACHIRA","ACB128170","Kdx-250-4-2 La Carrera","Norte De Santander","7.741986,-73.048545","N"
"MULTIPAGAS","ACB197150","Carrera 9 # 12-54","Santander","6.555154,-73.133295","N"
"EFECTY PARQUE PRINCIPAL","ACB110250","Cl 13 # 9-58 Local 16","Santander","6.555011,-73.134014","N"
"EFECTY","ACB302255","Calle 10 12 163 Local 163","Santander","6.551691,-73.133746","N"
"EFECTY AVENIDA SANTANDER","ACB120062","Av Santander # 19-85","Santander","6.555893,-73.135377","N"
"EFECTY TERMINAL DE SAN GIL","ACB302266","Terminal De Transportes De San Gil","Santander","6.554232,-73.136004","N"
"EFECTY EXPRESS PAPELE LA MODERNA SAN GIL","ACB279694","Cr 13b # 29-17 Barrio Villa Del Rosario","Santander","6.556329,-73.136645","N"
"EFECTY SAN GIL VILLA OLIMPICA","ACB150157","Cr 17 # 15-65","Santander","6.552066,-73.138757","N"
"EFECTY EXPRESS DIMONEX BARRIO SAN MARTIN","ACB323869","Cr 14a # 24-05","Santander","6.55633,-73.144516","N"
"EFECTY CENTRO CARRERA 4","ACB113693","Cr # 1-52","Norte De Santander","7.913593,-72.973216","N"
"EFECTY VILLANUEVA CENTRO CALLE 14","ACB122152","Cl 14 # 14-06","Santander","6.669528,-73.173988","N"
"EFECTY","ACB358498","Calle 3 Norte  6 47 Barrio Bolivar","Santander","6.565441,-73.149697","N"
"EFECTY PARQUE PRINCIPAL LEBRIJA","ACB194058","Cr 8 N. 11-84","Santander","7.114055,-73.217006","N"
"EFECTY","ACB351798","Calle 13 No  8 43 47 Centro","Santander","7.115,-73.21735","N"
"CONEXRED","ACB303191","Calle 12  9  32","Santander","7.114664,-73.218031","N"
"EFECTY","ACB351655","Carrera 9 8 14","Santander","7.11171,-73.21824","N"
"EFECTY LEBRIJA CENTRO","ACB165151","Cl 12 # 9-59 Barrio Centro","Santander","7.114369,-73.218362","N"
"EFECTY","ACB358465","Calle 33  21 02 10","Santander","6.541398,-73.167267","N"
"EFECTY SERVIENTREGA VALLE DE SAN JOSE","ACB125441","Cr 9 6-33","Santander","6.448089,-73.143786","N"
"CONEXRED","ACB303498","Calle 4  8 09 Barrio Valle De San Jose","Santander","6.447603,-73.143723","N"
"CONEXRED","ACB278990","Carrera 6  8 30 Barrio Roberto Ortega","Santander","7.469554,-73.202372","N"
"EFECTY EL PLAYON VIA NACIONAL","ACB162169","Cr 8 # 9-54","Santander","7.469445,-73.203575","N"
"EFECTY CALLE 14 EL PLAYON","ACB177262","Cl 14 # 1-63","Santander","7.472292,-73.204127","N"
"EFECTY PARQUE PRINCIPAL","ACB113527","Cr 6 # 5-50","Santander","6.6338,-73.223624","N"
"EFECTY SERVIENTREGA EL PARAMO","ACB123119","Cr 3 3-26","Santander","6.416984,-73.170467","N"
"EFECTY LA PRIMAVERA CENTRO","ACB123087","Cr 8 5-18","Vichada","5.492591,-70.4145","N"
"EFECTY CARRERA 9","ACB111228","Cr 21 # 8 72","Santander","6.813952,-73.272124","N"
"EFECTY SOLUCIONES DIVINO NIÑO","ACB172081","Cr 6 # 5-26 Local 2","Santander","6.900791,-73.283952","N"
"EFECTY CHARALA PARQUE TERMINAL","ACB121227","Cr 14 # 24-16","Santander","6.287243,-73.146251","N"
"EFECTY EXPRESS DIMONEX CHARALA CRA 14","ACB304884","Cr 14 # 21-36 Barrio Helena Santos","Santander","6.284628,-73.146285","N"
"EFECTY BARRIO HELENA SANTOS II","ACB301407","Cl 23 # 15-32 Charala","Santander","6.286445,-73.147313","N"
"EFECTY PARQUE BUSBANZA","ACB326422","Mcp Busbanza","Boyaca","5.830454,-72.883812","N"
"EFECTY SOCORRO BARRIO SANTA CLARA","ACB324552","Cl 8 A # 7-46","Santander","6.464227,-73.257803","N"
"EFECTY","ACB355473","Calle 8 A  7 46","Santander","6.46374,-73.258504","N"
"EFECTY PRINCIPAL","ACB079427","Cl 14 14-49","Santander","6.467947,-73.261699","N"
"EFECTY PARQUE CHIQUINQUIRA","ACB079438","Cl 10 N. 15-19","Santander","6.464797,-73.263038","N"
"EFECTY SOCORRO BATALLON","ACB322022","Cr 16 # 8-22","Santander","6.464034,-73.264178","N"
"EFECTY SANTA ROSA DE VITERBO CENTRO","ACB274116","Cr 4 # 9-10","Boyaca","5.875058,-72.981738","N"
"CONEXRED","ACB309878","Carrera 4  7  45","Boyaca","5.875234,-72.982874","N"
"EFECTY DIMONEX SANTA ROSA","ACB191604","Cl 8 # 5 -11","Boyaca","5.874243,-72.98301","N"
"EFECTY EXPRESS DIMONEX VILLA LUCIA","ACB270057","Cl 33 # 46-39","Casanare","5.34179,-72.368481","N"
"EFECTY CTRO COMERCIAL ALCARAVAN","ACB322198","Cr 29 # 18-03 Local 109","Casanare","5.344861,-72.38876","N"
"EFECTY","ACB175534","Cra 29  18  03 Local 109 Cc El Hobo","Casanare","5.344685,-72.388679","N"
"EFECTY VILLA MARIA CRA 29","ACB304246","Cr 29 # 20-66","Casanare","5.342796,-72.38745","N"
"EFECTY YOPAL PARQUE PRINCIPAL.","ACB276547","Cr 21 # 7-15","Casanare","5.349942,-72.400507","N"
"CONEXRED","ACB307470","Calle 21  27  35","Casanare","5.342032,-72.388961","N"
"MULTIPAGAS","ACB197161","Calle 12 # 9 - 116","Casanare","5.346393,-72.396849","N"
"EFECTY CLL 9 CENTRO","ACB326390","Cl 9 # 20-32 Barrio Centro","Casanare","5.347925,-72.399978","N"
"EFECTY CLLE 13","ACB156076","Cl 13 # 22-44","Casanare","5.34571,-72.396136","N"
"EFECTY LOS HEROES","ACB110689","Cl 25 A # 29-05","Casanare","5.339103,-72.384817","N"
"EFECTY PAPELERIA KASH","ACB308965","Cr 26 # 19-76","Casanare","5.342305,-72.390652","N"
"EFECTY CLL 10 CENTRO EFECTY","ACB119556","Cl 10 # 20-66","Casanare","5.347106,-72.399196","N"
"EFECTY YOPAL CENTRO CARRERA 19","ACB123681","Cr 19 # 7-56","Casanare","5.348575,-72.401867","N"
"MULTIPAGAS","ACB197589","Calle 24 # 28-72","Casanare","5.339837,-72.386481","N"
"CONEXRED","ACB276471","Carrera 20  10  18 Barrio Centro","Casanare","5.346449,-72.399701","N"
"EFECTY SIGLO XXI CRA 29","ACB306907","Cr 29 # 28-02","Casanare","5.337042,-72.383843","N"
"EFECTY VILLA BENILDA CLL 30","ACB305193","Cl 30 # 30 A-07","Casanare","5.335545,-72.381414","N"
"EFECTY CENTRO CRA 20.","ACB171101","Cr 20 # 11-52","Casanare","5.345441,-72.399155","N"
"EFECTY BEAUTY CENTER 3","ACB277636","Cl 9 # 18-16","Casanare","5.346783,-72.402079","N"
"CONEXRED","ACB192276","Cl 13  19   70","Casanare","5.344367,-72.39873","N"
"EFECTY MANARE","ACB302563","Cl 33 28 12","Casanare","5.333525,-72.381512","N"
"BANCAMIA YOPAL","ACB063048","Cl 13 No 18 04","Casanare","5.343577,-72.400159","N"
"EFECTY YOPAL CRA 20 - 16","ACB271519","Cr 20 # 16-34","Casanare","5.341881,-72.397346","N"
"EFECTY EXPRESS CR  29 LOS LAURELES","ACB323308","Cr 29 # 36-03","Casanare","5.33152,-72.380253","N"
"EFECTY","ACB358531","Carrera 7  3 12 Local 2 Barrio Fatima","Casanare","5.333825,-72.386062","N"
"EFECTY TERMINAL CRA 23","ACB307184","Cr 23 # 26-07","Casanare","5.335536,-72.389895","N"
"EFECTY DIMONEX CR 18","ACB302486","Cl 16 # 17-10","Casanare","5.340855,-72.399691","N"
"MULTIPAGAS","ACB197765","Cra 20 22-44","Casanare","5.336943,-72.394635","N"
"EFECTY YOPAL CALLE 24","ACB120941","Cl 24 # 20 A-32","Casanare","5.336048,-72.393243","N"
"EFECTY EL OASIS CALLE 35","ACB279748","Cl 35 # 25 A 108","Casanare","5.330276,-72.382988","N"
"EFECTY CRA 30 LAS AMERICAS","ACB322208","Cr 30 # 50-57","Casanare","5.323665,-72.371789","N"
"EFECTY CAFE INTERNET CRA 14","ACB323122","Cr 14 # 17-09 Piso 1 Local 102","Casanare","5.338943,-72.401533","N"
"EFECTY PARADOR BUENOS AIRES","ACB168682","Km 1 Via Socorro -iba","Santander","6.406254,-73.287779","N"
"EFECTY SAN VICTORINO","ACB161816","Cl 13 # 14-71","Santander","6.406254,-73.287779","N"
"EFECTY LA ESPERANZA CR 16","ACB309218","Cr 16 # 21-83","Casanare","5.33607,-72.398317","N"
"EFECTY YOPAL PROVIVIENDA","ACB175545","Cr 20 # 28 -17","Casanare","5.332431,-72.392048","N"
"EFECTY ARAGUANEY CLL. 24","ACB304367","Cl 24 # 12-90","Casanare","5.3335,-72.400585","N"
"EFECTY","ACB308954","Calle 24 No 10   53","Casanare","5.333123,-72.403209","N"
"EFECTY PAPELERIA JULIMAR","ACB326389","Cr 14 # 29 20","Casanare","5.329226,-72.398349","N"
"EFECTY AEROPUERTO YOPAL","ACB306699","Cl 40 # 19-20","Casanare","5.321567,-72.387258","N"
"EFECTY CLL 20 BICENTENARIO.","ACB304312","Cr 9 N- 25-45","Casanare","5.330965,-72.404279","N"
"EFECTY","ACB352964","Carrera 13  30 04","Casanare","5.327968,-72.399046","N"
"EFECTY CC UNICENTRO LOC S000","ACB194498","C.c. Unicentro Loc S000","Casanare","5.327025,-72.397446","N"
"EFECTY MORICHAL","ACB199976","Cl 5 # 5-14","Casanare","5.327025,-72.397446","N"
"EFECTY LA CHAPARRERA CRA 4.","ACB270091","Cr 4 # 4-67 La Chaparrera","Casanare","5.328087,-72.402774","N"
"CONEXRED","ACB198919","Carrera 10  6  68","Boyaca","5.768808,-72.939737","N"
"EFECTY YOPAL LA 40","ACB121249","Cr 15 Bis # 39-51","Casanare","5.319615,-72.394333","N"
"EFECTY TV 7","ACB305281","Tv 7 # 37-33","Casanare","5.320166,-72.400616","N"
"EFECTY","ACB302507","Cl 40  11   68","Casanare","5.31823,-72.398416","N"
"EFECTY BOSQUES DE MANARE","ACB302497","Cl 42 # 01-99","Casanare","5.316504,-72.404302","N"
"EFECTY CALLE 46 EL PROGRESO II","ACB125287","Cl 46 # 7 A-27","Casanare","5.313107,-72.401261","N"
"EFECTY CARRERA 10","ACB111239","Cr 10 # 10-29","Santander","6.87995,-73.409618","N"
"EFECTY","ACB351491","Cl 15 A 17   20","Santander","6.88049,-73.41055","N"
"EFECTY SAN VICENTE YARIGUIES","ACB323726","Cr 19 # 7-04","Santander","6.884158,-73.413959","N"
"CONEXRED","ACB320064","Carrera 11  21  90 Local 112 C","Boyaca","5.724351,-72.922583","N"
"EFECTY","ACB356199","Cra 11  22   57","Boyaca","5.724633,-72.922841","N"
"EFECTY","ACB351138","Cra 11  22   57","Boyaca","5.724633,-72.922841","N"
"CONEXRED","ACB320053","Calle 74d Bis  78i  15","Cundinamarca","5.724373,-72.922658","N"
"EFECTY SIMACOTA CENTRO","ACB121678","Cr 4 # 4-30","Santander","6.442059,-73.336066","N"
"EFECTY","ACB352700","Carrera 10 14 117","Boyaca","5.717737,-72.925781","N"
"EFECTY MULTI SERVICIOS 15 CON15","ACB190636","Cl 15 # 15 -46","Boyaca","5.720277,-72.928922","N"
"EFECTY CENTRO CRA 10","ACB173037","Cr 10 # 14-02 Lc 1","Boyaca","5.716715,-72.926094","N"
"EFECTY CAMARA DE COMERCIO PARQUE","ACB110326","Cr 10 # 12-14","Boyaca","5.714983,-72.926947","N"
"CONEXRED","ACB275393","Carrera 11  11 101 Barrio Centro","Boyaca","5.715541,-72.928025","N"
"CONEXRED","ACB197996","Cl 12   10 48 Brr Centro Sogamoso","Boyaca","5.715742,-72.928402","N"
"EFECTY CALLE 12 EXITO.","ACB173048","Cl 12 # 12-84 Loc 12","Boyaca","5.716438,-72.929532","N"
"MULTIPAGAS","ACB197149","Cra 9 #11- 46","Boyaca","5.715146,-72.929319","N"
"EFECTY CARRERA 11 ESQUINA","ACB194311","Cr 11 # 10 -90","Boyaca","5.714281,-72.928577","N"
"BANCAMIA SOGAMOSO","ACB062904","Cl 11 No 12  03 La Esquina","Boyaca","5.715056,-72.929461","N"
"EFECTY CENTRO CALLE 11","ACB177240","Cl 11 # 12 -49","Boyaca","5.715309,-72.929825","N"
"CONEXRED","ACB322549","Callr 13  15 60","La Guajira","5.812292,-73.010801","N"
"EFECTY CALLE 11 TERMINAL","ACB120303","Cl 11 # 18-43","Boyaca","5.718124,-72.935095","N"
"EFECTY CENTRO COMERCIAL METRO","ACB164589","Cl 8 # 11 -43 Loc 1018","Boyaca","5.71227,-72.930993","N"
"EFECTY","ACB171145","Calle 22 16b 36 11","Boyaca","5.821925,-73.025697","N"
"CONEXRED","ACB322693","Carrera 10  12 84","Boyaca","5.708314,-72.931838","N"
"EFECTY TRANSITO DUITAMA CRA 20.","ACB168912","Cr 20 # 19 -04","Boyaca","5.825899,-73.029109","N"
"EFECTY","ACB356210","Dg 16  6   138 Cs 13","Boyaca","5.835874,-73.037144","N"
"EFECTY","ACB351150","Dg 16  6   138 Cs 13","Boyaca","5.835874,-73.037144","N"
"CONEXRED","ACB300385","Carrera 34  19  112 Barrio Duitama","Boyaca","5.815553,-73.022541","N"
"EFECTY BARRIO CATALUÑA","ACB175590","Cr 8 # 2a -24","Boyaca","5.706125,-72.931635","N"
"EFECTY CENTRO CALLE 17","ACB118896","Cl 17 # 15-17","Boyaca","5.828472,-73.032851","N"
"EFECTY DIAGONAL PARQUE LOS LIBERTADORES","ACB156373","Cl 16 # 16-11","Boyaca","5.827379,-73.033157","N"
"CONEXRED","ACB309362","Cale 16  16  37","Boyaca","5.827454,-73.033248","N"
"EFECTY RESPALDO CATEDRAL","ACB127971","Cr 14 # 15-41","Boyaca","5.828829,-73.034587","N"
"BANCAMIA DUITAMA","ACB062124","Carrera 14 15 06","Boyaca","5.828582,-73.034759","N"
"EFECTY CENTRO CRA 19","ACB321108","Cr 19 # 15-43","Boyaca","5.825273,-73.032758","N"
"MULTIPAGAS","ACB197358","Carrera 16 # 14- 65","Boyaca","5.827229,-73.034292","N"
"EFECTY DUITAMA LA PERLA","ACB136584","Tv 29 # 14-35","Boyaca","5.818003,-73.029443","N"
"CONEXRED","ACB322527","Carrera 5  3  7 Local 2","Santander","5.82444,-73.034561","N"
"EFECTY SOGAMOSO UPTC","ACB136122","Cr 14 # 2 C-06 Sur","Boyaca","5.703598,-72.940536","N"
"EFECTY LA ESPERANZA HOSPITAL","ACB114605","Cl 9 # 34-31 Lc 203","Boyaca","5.811448,-73.029978","N"
"CONEXRED","ACB303311","Carrera 25  3 67","Boyaca","5.816126,-73.035961","N"
"EFECTY BARRIO BOYACA","ACB115925","Cl 4 # 10-36 Barrio Boyaca","Boyaca","5.825476,-73.043857","N"
"CONEXRED","ACB322626","Carera 12 247","Boyaca","5.824705,-73.044068","N"
"EFECTY CARRERA 6","ACB111668","Cr 6 # 10-72","Santander","6.264676,-73.29834","N"
"CONEXRED","ACB307481","Carrera 9  8   44","Santander","6.264036,-73.30159","N"
"EFECTY","ACB352711","Km 188 Via Bogota Duitama","Boyaca","5.80949,-73.039748","N"
"EFECTY GUAPOTA","ACB307007","Cr 2 3-50 Centro","Santander","6.308837,-73.321052","N"
"EFECTY CENTRO CALLE 4","ACB114177","Cl 4 # 10-73","Boyaca","5.745356,-73.004392","N"
"EFECTY ABREGO CRA 6","ACB173170","Cr 6 # 13-27","Norte De Santander","8.080432,-73.220525","N"
"EFECTY ABREGO CALLE CENTRAL","ACB164765","Cr 5 # 15-25","Norte De Santander","8.08252,-73.221324","N"
"EFECTY SAN ALBERTO CARRERA 3","ACB279144","Cr 3 # 4- 50 Lc 3","Cesar","7.761034,-73.390931","N"
"EFECTY SERVIENTREGA","ACB112494","Cr 11 # 14 87","Santander","7.395114,-73.49558","N"
"EFECTY FRENTE A LA ALCALDIA","ACB155877","Cr 11 # 11-53 Frente A La Alcaldia","Santander","7.396827,-73.496384","N"
"EFECTY CENTRO CARRERA 11","ACB116960","Cl 13 # 12-46","Santander","7.395896,-73.496913","N"
"EFECTY CORREGIMIENTO PROVINCIA","ACB191626","Cl 1 # 1-167 Via Principal","Santander","7.393687,-73.500567","N"
"CONEXRED","ACB300176","Avenida Libertadores 26  44","Boyaca","5.783093,-73.115712","N"
"EFECTY CENTRO AVENIDA PRINCIPAL","ACB115651","Av Los Libertadores # 25-17","Boyaca","5.783443,-73.11717","N"
"EFECTY CENTRO CARRERA 8","ACB116685","Cr 8 8-19","Boyaca","5.519698,-72.883738","N"
"EFECTY EL BOSQUE CALLE 28","ACB167494","Cl 28 # 15 A 02","Boyaca","5.776357,-73.113873","N"
"CONEXRED","ACB303728","Calle 6  8  18","Boyaca","5.518564,-72.884461","N"
"EFECTY PAIPA CENTRO CRA 21","ACB135659","Cr 21 # 23-79","Boyaca","5.78099,-73.118137","N"
"EFECTY SERVIENTREGA CARMEN DE CHUCURI","ACB123054","Cl 5 # 3-48 Barrio Centro","Santander","6.698935,-73.510897","N"
"CONEXRED","ACB300374","Calle 10 4 30 Soat Boyac Colombia","Boyaca","5.7718,-73.114259","N"
"CONEXRED","ACB322648","Calle 19  22 26","Boyaca","5.781595,-73.122215","N"
"EFECTY SANTA BARBARA","ACB113637","Cr 4 # 3 73","Santander","6.245521,-73.419992","N"
"EFECTY LA ESPIGA CRA. 15","ACB320251","Cr 15 A # 22-04","Casanare","5.177139,-72.541568","N"
"EFECTY EL CRISTAL","ACB320273","Cl 18 21-61","Casanare","5.178335,-72.547307","N"
"EFECTY EXPRESS EFECTY CR 16","ACB300846","Cl 15 N.16-31","Casanare","5.173416,-72.546784","N"
"EFECTY EXPRESS EFECTY MUNDOEXPLORE","ACB300857","Cr 12 # 15-33","Casanare","5.171425,-72.544572","N"
"EFECTY AGUAZUL CRA 18","ACB175556","Cr 18 # 13 -24","Casanare","5.173309,-72.548784","N"
"EFECTY CENTRO","ACB115442","Cr 17 # 10-57","Casanare","5.171044,-72.550102","N"
"EFECTY CENTRO CLL 8","ACB320262","Cl 8 # 15-46","Casanare","5.168918,-72.550427","N"
"EFECTY PORVENIR CRA 2","ACB326345","Cr 2 # 4 84","Casanare","5.168521,-72.554817","N"
"EFECTY CORREGIMIENTO CUPIAGUA","ACB278176","Cl 3 # 7-07 Correg Cupiagua","Casanare","5.161956,-72.544097","N"
"EFECTY","ACB354647","Carrera 2  4 84","Casanare","5.158564,-72.545387","N"
"EFECTY CATEDRAL","ACB113077","Cl 5 # 5-33","Boyaca","5.558737,-73.051776","N"
"EFECTY PARQUE PRINCIPAL","ACB112241","Parque Principal Cl 4 # 8-35","Santander","6.102523,-73.441377","N"
"EFECTY CORREGIMIENTO SAN RAFAEL CRA 5","ACB326543","Cr 5 # 7-39 Barrio Centro","Santander","7.605699,-73.576757","N"
"EFECTY SAN CALIXTO NORTE DE SANTANDER","ACB130841","Cl Central Kdx C2-350","Norte De Santander","8.401756,-73.208999","N"
"CONEXRED","ACB300781","Carrera 4 Este  119 44","Norte De Santander","8.402321,-73.20947","N"
"EFECTY EFECTYNET.COM","ACB308240","Cl 3 # 9-8","Casanare","4.789334,-71.339363","N"
"CONEXRED","ACB307261","Transversal 7 23 91","Norte De Santander","8.22785,-73.343713","N"
"EFECTY AV CIRCUNV HOTEL PAISAJE OCAÑERO","ACB195839","Kdx 3 B 1-498","Norte De Santander","8.235245,-73.342073","N"
"EFECTY OCAÑA BAMBO","ACB166437","Cr 7 # 21-31 Piso1","Norte De Santander","8.228912,-73.348605","N"
"EFECTY OCAÑA 12 CON 12","ACB323913","Cr 12 # 12-05","Norte De Santander","8.233676,-73.350465","N"
"EFECTY OCAÑA CALLE 11","ACB177239","Cl 11 # 6-76","Norte De Santander","8.230798,-73.354887","N"
"MULTIPAGAS","ACB197776","Calle 11 # 12-48","Norte De Santander","8.235355,-73.353264","N"
"EFECTY SUPER SERVICIOS","ACB175709","Cr 12 # 10-04 Local 102","Norte De Santander","8.234875,-73.354294","N"
"EFECTY CALLE 10","ACB079582","Cl 10 N. 10-49 Local 1","Norte De Santander","8.23573,-73.354499","N"
"EFECTY BOYACA","ACB111646","Cl 1 # 3-47 Cr Central","Boyaca","6.056445,-73.480485","N"
"EFECTY SANTANA LA REI PAPELERIA","ACB173202","Cl 3 # 3-10","Boyaca","6.057938,-73.481332","N"
"EFECTY","ACB358399","Cr 26  13 04 Lc 2","Norte De Santander","8.238835,-73.353503","N"
"EFECTY CARCEL MODELO OCAÑA","ACB165481","Cl 6 # 13a-100","Norte De Santander","8.239618,-73.356613","N"
"EFECTY OCAÑA EL LIBANO","ACB190515","Kdx 414-320","Norte De Santander","8.244185,-73.355732","N"
"EFECTY OCAÑA BARRIO SIMON BOLIVAR","ACB321593","Cl 11 # 27c-02","Norte De Santander","8.249475,-73.353621","N"
"EFECTY EL TARRA CENTRO","ACB169902","Kdx-m1-040","Norte De Santander","8.573187,-73.101592","N"
"EFECTY TACALOA LA CARRETERA CENTRAL","ACB195608","Cl 13a # 9-37","Norte De Santander","8.25205,-73.35322","N"
"EFECTY MARABEL","ACB308680","Cl 4 # 25 A-13","Norte De Santander","8.246565,-73.358671","N"
"EFECTY OCAÑA LLANADAS","ACB139949","Cl 7 N. 26-21","Norte De Santander","8.254108,-73.359371","N"
"EFECTY OCAÑA BARRIO LA PRIMAVERA","ACB194070","Tv 30 # 9-51 La Primavera","Norte De Santander","8.258988,-73.357306","N"
"EFECTY OCAÑA UNIVERSIDAD","ACB161739","Cl 7 29-228 Av Franc Fernan D Contreras","Norte De Santander","8.255577,-73.359533","N"
"EFECTY STA HELENA DEL OPON SANTANDER","ACB132425","Cl 4 3-21","Santander","6.339009,-73.6158","N"
"CONEXRED","ACB300428","Calle 5  47  39 Barrio Santa Clara","Norte De Santander","8.267111,-73.365265","N"
"EFECTY URB VILLA MARCELA SAN MARTIN","ACB326620","Urb Villa Marcela Mz K Cs 28","Cesar","8.004054,-73.512793","N"
"EFECTY PRINCIPAL SAN MARTIN CESAR","ACB306237","Cl 14 # 6-75 Centro","Cesar","8.002214,-73.513792","N"
"EFECTY SANTA CLARA CRA 49 CON 2","ACB128972","Cr 49 # 2-10","Norte De Santander","8.268305,-73.366143","N"
"EFECTY","ACB358443","Carrera 8a 38 42","Norte De Santander","8.269462,-73.365472","N"
"CONEXRED","ACB270903","Calle 14 06 50 Brr Centro","Cesar","8.001483,-73.515807","N"
"EFECTY","ACB358409","Calle 11  19 55 El Martinete","Norte De Santander","8.59551,-73.136983","N"
"EFECTY LA PAZ CRA 4","ACB134461","Cr 4 4-03","Santander","6.178186,-73.589973","N"
"EFECTY CORREGIMIENTO LOS ANGELES","ACB160189","Cl 3 # 3-75 Correg Los Angeles","Cesar","8.2935,-73.384717","N"
"CONEXRED","ACB300406","Calle 23 12 45","Cesar","8.29088,-73.387934","N"
"EFECTY VIA PRINCIPAL ENTRADA RIO DE ORO","ACB308691","Kdx 9 260 Carretera Cetral","Cesar","8.294267,-73.387468","N"
"EFECTY","ACB166185","Cpo 22 Pinchete. Correg.el Cen Ecopetrol","Santander","6.940976,-73.762606","N"
"EFECTY SECTOR LA BOMBA","ACB194047","Urb Los Naranjos Sector La Bomba","Boyaca","6.019893,-73.547771","N"
"EFECTY CENTRO CALLE 2","ACB114353","Cl 2 # 2-40","Boyaca","6.01746,-73.547402","N"
"EFECTY","ACB358344","Sector El Veleno","Santander","7.016719,-73.799527","N"
"EFECTY GUEPSA CALLE 4","ACB113011","Cl 4 # 4-70","Santander","6.025812,-73.572668","N"
"CONEXRED","ACB303081","Calle 5  4  75","Boyaca","5.755248,-73.435624","N"
"EFECTY CENTRO CALLE 4","ACB113099","Cl 4 6-36","Boyaca","5.755324,-73.436778","N"
"MULTIPAGAS","ACB197215","Transv. Oriental # 90-182","Santander","7.068355,-73.816979","N"
"EFECTY CALLE 18 PARQUE","ACB126398","Cr 4 # 17-53","Casanare","4.81696,-72.283928","N"
"EFECTY MANI CRA 2","ACB171925","Cr 2 # 13-50","Casanare","4.812071,-72.282658","N"
"EFECTY EDS YUMA","ACB194784","Dg 57 Tv 48-22 Local 101","Santander","7.07378,-73.824184","N"
"EFECTY ELNOGAL","ACB173268","Cr 64 # 41a-07 Local 104","Santander","7.046608,-73.826239","N"
"EFECTY VILLARELYS II ETAPA","ACB126091","Cl 50 # 54-16","Santander","7.060375,-73.827745","N"
"EFECTY SERVIENTREGA BOSTON","ACB125539","Tv 49 # 63-23 Barrio Boston","Santander","7.076188,-73.828386","N"
"EFECTY BARRANCABERMEJA BARRIO LA GRANJA","ACB278198","Tv 44 # 57-13","Santander","7.06768,-73.829726","N"
"EFECTY","ACB272345","Diagonal 60 Mz B 88 66 Altos Del Rosario","Santander","7.0655,-73.835657","N"
"EFECTY","ACB357981","Diagonal 60 Lote 03 Altos Del Rosario","Santander","7.065436,-73.835667","N"
"ACCIONES Y VALORES","ACB066557","Av Universitaria No 50 21 Lc 228","Boyaca","5.569469,-73.331182","N"
"CONEXRED","ACB322561","Calle 73  2 10","Boyaca","5.571633,-73.335556","N"
"EFECTY PA PRINCIPAL LA 60","ACB278187","Cl 60 # 36 E-48","Santander","7.068103,-73.837958","N"
"EFECTY BARRIO SAN SILVESTRE","ACB195576","Cr 43 # 82-71","Santander","7.083116,-73.838139","N"
"EFECTY","ACB128916","Carrera 2 Este Na 69 27 Local 02","Boyaca","5.569996,-73.33646","N"
"EFECTY","ACB114375","Transversal 1 67 03","Boyaca","5.570536,-73.33993","N"
"EFECTY SANTA CATALINA.","ACB153930","Cr 6 # 66 -93","Boyaca","5.572163,-73.342176","N"
"CONEXRED","ACB275283","Calle 52  34b 46 Barrio Santa Ana","Santander","7.062312,-73.84604","N"
"EFECTY LA VIRGEN DIAGONAL 60","ACB173279","Dg 60 Lote 3 Br La Virgen","Santander","7.069472,-73.846041","N"
"EFECTY ZONA INDUSTRIAL","ACB122426","Cr 33 # 59-92 Local 1 Las Camelias","Santander","7.06838,-73.8485","N"
"EFECTY VILLA LUZ","ACB127092","Cr 9 # 60-67","Boyaca","5.567829,-73.346867","N"
"EFECTY CANCHA LA FLORESTA","ACB136265","Cl 73 # 29-49 Floresta","Santander","7.075407,-73.849567","N"
"EFECTY TAURAMENA CRA 15","ACB171947","Cr 15 # 6 -81","Casanare","5.018419,-72.75197","N"
"EFECTY","ACB304048","Calle 6 No  12 75","Casanare","5.017163,-72.7503","N"
"CONEXRED","ACB275195","Carrera 28  48 48 Barrio Palmira","Santander","7.059685,-73.851212","N"
"EFECTY PALMIRA CR 28 CON 48","ACB126518","Cr 28 # 48-47 Palmira","Santander","7.05959,-73.851394","N"
"CONEXRED","ACB320185","Carrera 30  29a  10","Santander","7.040852,-73.85151","N"
"EFECTY TUNJA SANTA ANA","ACB169683","Cr 6 # 57-46 A 103","Boyaca","5.564058,-73.34679","N"
"EFECTY CENTRO","ACB110942","Cr 14 # 5-53","Casanare","5.017054,-72.75225","N"
"EFECTY BARRIO GALAN.","ACB161827","Cl 58 # 27-97 Barrio Galan","Santander","7.06713,-73.852391","N"
"EFECTY SANTA RITA","ACB194531","Cl 56a # 10-50","Boyaca","5.56594,-73.350123","N"
"EFECTY TERMINAL CRA 12","ACB322770","Cl 4 # 12-26","Casanare","5.015412,-72.752234","N"
"EFECTY","ACB358355","Vereda Pueblo Regao","Santander","7.060444,-73.854246","N"
"EFECTY SERVIPUNTO LA LIBERTAD","ACB119358","Cl 71 N. 21-89","Santander","7.076371,-73.854242","N"
"EFECTY NUEVO CALLE 50","ACB166459","Cl 50 # 23-81","Santander","7.060411,-73.85487","N"
"EFECTY DIMONEX LA GRANJA","ACB191671","Cr 10 # 54-03","Boyaca","5.56304,-73.350856","N"
"EFECTY NUEVO COLOMBIA","ACB160969","Cl 48 # 22-13","Santander","7.058572,-73.855495","N"
"EFECTY MULTISERVICES DAVINCI","ACB302365","Cl 8g # 6a 46","Casanare","5.010639,-72.750494","N"
"EFECTY TORCOROMA CALLE 53","ACB139895","Cr 20 # 53-14","Santander","7.063188,-73.857163","N"
"EFECTY DROGUERIA LA BUENA","ACB276756","Tv 55 # 19-85","Santander","7.065988,-73.857181","N"
"EFECTY SERVIENTREGA EL PARNASO","ACB124275","Cr 19 # 61-27 Barrio Parnaso","Santander","7.069135,-73.857665","N"
"EFECTY TORCOROMA CARRERA 19","ACB115497","Cr 19 # 55-35","Santander","7.065303,-73.858172","N"
"EFECTY PASO CUSIANA","ACB270101","Cl 2 # 4a-48 Correg Paso Cusiana","Casanare","5.007694,-72.750212","N"
"EFECTY J.J. CAMACHO","ACB167571","Cl 49 # 9 -57","Boyaca","5.558269,-73.352682","N"
"CONEXRED","ACB303827","Calle 46  7a  31","Boyaca","5.555852,-73.352228","N"
"EFECTY C.R MARIA FERNANDA","ACB191891","Cl 45 # 4 -79 Local 1","Boyaca","5.552001,-73.350208","N"
"CONEXRED","ACB275205","Calle 49  15 87 Barrio Colombia","Santander","7.059524,-73.861684","N"
"CONEXRED","ACB309944","Calle 45  4  79","Boyaca","5.552284,-73.350591","N"
"CONEXRED","ACB279573","Diagonal 55 15b 38","Santander","7.065677,-73.86252","N"
"EFECTY","ACB358366","Calle 50  17 46","Santander","7.06626,-73.863018","N"
"EFECTY SANTA INES CRA 5","ACB326411","Cr 5 # 41-54","Boyaca","5.550173,-73.351388","N"
"EFECTY CENTRO COMERCIAL CENTRO NORTE","ACB300637","Av Norte 40-67","Boyaca","5.551019,-73.352286","N"
"EFECTY FRENTE AL CLUB DE LEONES","ACB164699","Cr 12 # D56-68","Santander","7.06595,-73.864751","N"
"A Y V OFICINA BARRANCABERMEJA","ACB064038","Cra 11 No 50 - 19 Lc 331 Int Cc Viva","Santander","7.060436,-73.86585","N"
"BANCAMIA MONIQUIRA","ACB062498","Kr 3 No 16 163 Barrio La Aurora","Boyaca","5.877791,-73.56955","N"
"OFICINA PAGAFACIL VIVA BARRANCA BERMEJA","ACB066140","Carrera 11 50 19","Santander","7.060714,-73.866269","N"
"ACCIONES Y VALORES PF OFICINA IWANA","ACB064962","Cl 50 14  28","Santander","7.061072,-73.86637","N"
"EFECTY MONIQUIRA CALLE 18","ACB326433","Cl 18 # 3 24","Boyaca","5.878188,-73.570295","N"
"EFECTY CALLE 19","ACB111437","Cl 19 # 4-70","Boyaca","5.87809,-73.571506","N"
"EFECTY","ACB351116","Calle 39  6 32 Local 108","Boyaca","5.548376,-73.355407","N"
"EFECTY","ACB356177","Calle 39  6 32 Local 108","Boyaca","5.548376,-73.355407","N"
"EFECTY","ACB358410","Vereda Bella Vista Kdx 620","Boyaca","5.878448,-73.572225","N"
"EFECTY SERVIC Y SOLUCIONES SEC COMERCIAL","ACB172113","Tv 6 N 8-116","Santander","7.059416,-73.868338","N"
"CONEXRED","ACB303816","Calle 37  4  04 Brr Me","Boyaca","5.548426,-73.357093","N"
"EFECTY MONIQUIRA CL 19 PARQUE PRINCIPAL","ACB132304","Cl 19 # 811-00","Boyaca","5.875923,-73.5736","N"
"ACCIONES Y VALORES SA","ACB064973","Cra 6 47 76 Barrio Colombia","Santander","7.059373,-73.871017","N"
"EFECTY ESTADIO","ACB171123","Cl 32 # 8-15","Boyaca","5.54445,-73.356423","N"
"CONEXRED","ACB322637","Carrera 9 1752","Boyaca","5.875324,-73.574268","N"
"EFECTY NUEVO JORDAN","ACB191758","Cl 10 5a-68 Ed L-1 Terrazas De San Angel","Boyaca","5.541111,-73.354534","N"
"EFECTY BODEGA PRINCIPAL BARBOSA","ACB279265","Tv 8 # 5-86","Santander","5.937253,-73.610504","N"
"CONEXRED","ACB303014","Calle 25 6b  51 Barrio Nieves","Boyaca","5.536671,-73.356692","N"
"EFECTY SAN AGUSTIN TUNJA","ACB191769","Cl 24 # 6 -118","Boyaca","5.535318,-73.355782","N"
"EFECTY EXPRESS FRENTE HOSPITAL MONIQUIRA","ACB273995","Cl 4 # 9-34","Boyaca","5.866959,-73.575484","N"
"EFECTY BARRIO LA FUENTE","ACB167351","Cl 34 # 17 -29","Boyaca","5.54763,-73.365517","N"
"BANCAMIA TUNJA","ACB062960","Kr 10 No 26  56","Boyaca","5.539261,-73.360014","N"
"EFECTY PARQUE PINZON.","ACB194740","Cl 23 # 8 -75","Boyaca","5.535505,-73.359038","N"
"EFECTY CENTRO COMERCIAL LA LUISITA","ACB190999","Cr 9 # 14-09 Local 102","Santander","5.93439,-73.615001","N"
"EFECTY BARBOSA VIA NACIONAL","ACB191363","Dg 18 # 20-110","Santander","5.934363,-73.615679","N"
"CONEXRED","ACB275414","Calle 22  9 96 Barrio Centro","Boyaca","5.535119,-73.36107","N"
"EFECTY CENTRO PILA DEL MONO","ACB190845","Cl 20 # 8-81","Boyaca","5.532489,-73.359982","N"
"PAGAFACIL BARBOSA SANTANDER","ACB066447","Carrera 9  11 07","Santander","5.932353,-73.6161","N"
"EFECTY PLAZA DE BOLIVAR","ACB122503","Cr 9 # 19-98","Boyaca","5.532699,-73.360918","N"
"EFECTY SANTANDER CARRERA 9","ACB077294","Cr 9 # 10-65","Santander","5.931918,-73.616749","N"
"EFECTY TERMINAL DE TRANSPORTE","ACB123021","Cr 7 # 17-40 L2","Boyaca","5.52955,-73.35964","N"
"CONEXRED","ACB309340","Calle 15e 2 32","Boyaca","5.521777,-73.353661","N"
"CONEXRED","ACB309933","Carrera  12 20 25","Boyaca","5.534255,-73.363997","N"
"EFECTY EL MILAGRO CR 19","ACB308909","Cr 19 # 20-63","Boyaca","5.53772,-73.367554","N"
"EFECTY CENTRO COMERCIAL PLAZA REAL TUNJA","ACB191396","Cr 14 # 20 -05 Cc Plaza Real","Boyaca","5.534808,-73.365886","N"
"EFECTY TUNJA SANTABARBARA","ACB176667","Cr 11 # 16 -16","Boyaca","5.529301,-73.363733","N"
"EFECTY TUNJA SANANTONIO","ACB308910","Cl 8 # 2b-22","Boyaca","5.519625,-73.357524","N"
"EFECTY BARBOSA BARRIO GAITAN","ACB195235","Cr 9 # 4-55 Barrio Gaitan","Santander","5.927796,-73.621203","N"
"EFECTY TUNJA AQUIMIN","ACB308921","Cl 12 # 10-55","Boyaca","5.525718,-73.364901","N"
"EFECTY AV MALDONADO","ACB306929","Av Maldonado Con Cr 010","Boyaca","5.523584,-73.364671","N"
"EFECTY","ACB351127","Calle 3a  4c 18 Mz 1 Casa 18","Boyaca","5.515856,-73.359185","N"
"EFECTY","ACB356188","Calle 3a  4c 18 Mz 1 Casa 18","Boyaca","5.515856,-73.359185","N"
"EFECTY TUNJA JUAN DE CASTELLANOS","ACB129896","Cr 11 # 9-88","Boyaca","5.523848,-73.366243","N"
"CONEXRED","ACB198140","Kr 4 Bis   4 12 Brr Sol De Oriente","Boyaca","5.514898,-73.360881","N"
"EFECTY FRENTE AL INEM","ACB307063","Cr 15 # 9 A-113","Boyaca","5.525568,-73.369753","N"
"CONEXRED","ACB300396","Carrera 15  9a  109 Barrio Paraiso","Boyaca","5.525603,-73.369797","N"
"EFECTY EL LIBERTADOR CR 7","ACB306215","Cl 7 # 15-05","Boyaca","5.521414,-73.370272","N"
"EFECTY SALIDA LA CARCEL","ACB195828","Cr 4 # 11-90 Bario Las Nieves","Santander","6.010459,-73.672795","N"
"EFECTY CALLE 10","ACB111570","Cl 10 # 3-71","Santander","6.009212,-73.672945","N"
"EFECTY CALLE 9","ACB304587","Cl 9 # 3-10 Barrio Centro","Santander","6.008573,-73.673006","N"
"EFECTY NAVARRA REAL.","ACB173280","Cl 51 # 43-72 Barrio Cantarrana","Antioquia","7.008417,-73.907125","N"
"EFECTY BARRIO CENTRAL","ACB115332","Cl 49 # 54-09","Antioquia","7.006289,-73.910736","N"
"EFECTY BARRIO DIAZ","ACB170562","Cr 15 # 6-06","Santander","7.348048,-73.891508","N"
"EFECTY PUERTO WILCHES CIENAGA CALLE 7A","ACB127959","Cl 7 # 5-60 Cienaga","Santander","7.348947,-73.900135","N"
"EFECTY PRINCIPAL CENTRO CRA 2","ACB117608","Cr 2 # 4 -30 Barrio Centro","Santander","7.346156,-73.903835","N"
"EFECTY SERVIENTREGA CENTRO","ACB122745","Cl 3 # 1-36","Santander","7.345674,-73.904823","N"
"CONEXRED","ACB307337","Calle 3 5 16","Santander","8.510402,-73.448796","N"
"EFECTY CALLE 8","ACB111471","Cl 8 # 6-18-22","Boyaca","5.400698,-73.335591","N"
"EFECTY CRA.3","ACB113385","Cr 3 # 3-69","Santander","5.954494,-73.700008","N"
"EFECTY EL CENTRO CALLE 7","ACB113781","Cl 7 # 5-54","Santander","6.220764,-73.810425","N"
"EFECTY VIA PRINCIPAL LANDAZURI","ACB173257","Cr 4 # 5-14","Santander","6.219415,-73.810133","N"
"EFECTY","ACB351149","Kr 8  6   05","Boyaca","5.198719,-73.143794","N"
"EFECTY","ACB356209","Kr 8  6   05","Boyaca","5.198719,-73.143794","N"
"EFECTY CRA 13 VIA ARCABUCO","ACB169166","Cr 13 # 12-48","Boyaca","5.640629,-73.525771","N"
"EFECTY EL CENTRO CALLE 3","ACB118203","Cl 3 # 7-53","Boyaca","5.194922,-73.143447","N"
"EFECTY","ACB358597","Calle 10 14 44 Barrio San Antonio","Cesar","8.30541,-73.603319","N"
"EFECTY DIMONEX CIGARRERIA ESQUINA","ACB322132","Cr 9 # 13-01","Boyaca","5.636608,-73.524461","N"
"EFECTY FRENTE A LA UNIVERSIDAD","ACB305511","Cr 39 2 Norte 177 Local 103","Cesar","8.315575,-73.598595","N"
"EFECTY AGUACHICA CRA 34","ACB153237","Cr 34 # 2-75 Barrio Maria Eugenia","Cesar","8.312235,-73.602623","N"
"CONEXRED","ACB309351","Transversal 10  8 124","Boyaca","5.631993,-73.524912","N"
"EFECTY CALLE 8 CON 8","ACB305708","Cl 8 # 8-21","Boyaca","5.634422,-73.528979","N"
"EFECTY FRENTE A LA PLAZA DE MERCADO","ACB156670","Cl 2 # 29-76 Lc 3","Cesar","8.312751,-73.606413","N"
"EFECTY AVENIDA KENNEDY","ACB114474","Cl 5 # 25-65","Cesar","8.309745,-73.609463","N"
"EFECTY","ACB351808","Kr 5  17   33","Bolivar","7.47937,-73.92073","N"
"EFECTY","ACB351435","Cr 17 Cl 13 Esquina","Cesar","8.30043,-73.61604","N"
"EFECTY AGUACHICA BODEGA PRINCIPAL","ACB150234","Cl 4 # 24 -87","Cesar","8.311041,-73.610256","N"
"CONEXRED","ACB198908","Carrera 5 17  49","Bolivar","7.479404,-73.92153","N"
"EFECTY CENTRO CRA.2","ACB117839","Cr 2 # 4-36","Boyaca","5.102021,-73.051481","N"
"BANCAMIA AGUACHICA","ACB061804","Cl 5 No 21 63 Local 1","Cesar","8.310026,-73.613287","N"
"EFECTY PARQUE PRINCIPAL..","ACB274424","Cl 17 Frente Al Parque","Bolivar","7.477834,-73.924108","N"
"EFECTY","ACB351688","Calle 16 No 16 15","Bolivar","7.47783,-73.92411","N"
"EFECTY CARRERA 6","ACB111503","Cr 6 # 6-18","Santander","5.876962,-73.679659","N"
"EFECTY AGUACHICA CENTRO PRINCIPAL","ACB162587","Cr 19 # 5-05 Local 5","Cesar","8.309555,-73.615316","N"
"MULTIPAGAS","ACB197787","Cra 17 5-35","Cesar","8.310281,-73.617134","N"
"CONEXRED","ACB199426","Cr 14 5 125 Local 2","Cesar","8.310282,-73.620338","N"
"CONEXRED","ACB271421","Carrera 13 11 25 Brr Calle Los Estudiant","Cesar","8.31321,-73.621237","N"
"EFECTY CALLE 5 CARRERA 11","ACB076930","Cl 5 # 11-03","Cesar","8.309857,-73.62332","N"
"EFECTY AGUACHICA CALLE 3","ACB326642","Cr 12 # 03-04 Barrio El Carretero","Cesar","8.310819,-73.622751","N"
"EFECTY","ACB354944","Carrera 12  03 04 Barrio El Carretero","Cesar","8.310945,-73.622756","N"
"EFECTY CENT DE CONVIVENCIA CAMPOSERRANO","ACB160309","Cl 5 # 7-122","Cesar","8.310055,-73.626439","N"
"EFECTY SANTA SOFIA PARQUE PRINCIPAL","ACB137277","Cl 4 # 3-80","Boyaca","5.713028,-73.602227","N"
"EFECTY AGUACHICA VILLA IRINA","ACB326631","Cl 5a # 4-10 Barrio Villa Estadio","Cesar","8.309626,-73.630387","N"
"EFECTY","ACB354933","Calle 5a  4 10 Barrio Villa Estadio","Cesar","8.309678,-73.630495","N"
"EFECTY","ACB352689","Cl 8  2   30","Boyaca","5.385288,-73.363353","N"
"EFECTY CENTRO AVENIDA LIBERTADORES","ACB301683","Cr 2 # 3-41","Boyaca","5.381,-73.364751","N"
"EFECTY DROGUERIA COMUNAL","ACB112768","Cr 4 # 9-41","Santander","5.989478,-73.770652","N"
"CONEXRED","ACB303322","Carrera 5  7 04  Local 02 Barrio Centro","Boyaca","5.494193,-73.486418","N"
"CONEXRED","ACB309977","Carrera 6  5  44","Boyaca","5.492981,-73.486109","N"
"EFECTY CRA 6 CON 6TA","ACB127773","Cr 6 6-56","Boyaca","5.492558,-73.486357","N"
"CONEXRED","ACB300747","Carrera 8  5 19 Barrio Samaca","Boyaca","5.491486,-73.48712","N"
"EFECTY EL PEÑON SANTANDER","ACB308350","Cr 4 # 4a-05","Santander","6.056481,-73.814641","N"
"EFECTY CENTRO CRA.3","ACB116849","Cr 3 # 4-88","Boyaca","5.619444,-73.620612","N"
"EFECTY MONTERREY CALLE 16","ACB321450","Cl 16 # 8-20","Casanare","4.877905,-72.895919","N"
"EFECTY CALLE 17 CENTRO","ACB111152","Cl 17 6-79","Casanare","4.877905,-72.895919","N"
"EFECTY CENTRO CALLE 6","ACB113473","Cl 6 5-13","Boyaca","5.316241,-73.397342","N"
"EFECTY TIBANA CRA 37","ACB322066","Cr 37020608c-72 A 16","Boyaca","5.316721,-73.397943","N"
"EFECTY CIMITARRA PARQUE PRINCIPAL","ACB126826","Cr 4 # 4-120","Santander","6.312358,-73.9478","N"
"EFECTY CARRERA 3","ACB112483","Cr 7 # 3-25","Santander","6.309869,-73.948439","N"
"EFECTY CORREGIMIENTO SAN PEDRO DE LA PAZ","ACB175776","Correg San Pedro De La Paz","Santander","6.315481,-73.950168","N"
"EFECTY CIMITARRA CARRERA 5 SBG SEGUROS","ACB326444","Cr 5 # 7- 47","Santander","6.313669,-73.949677","N"
"EFECTY CALLE 5","ACB112791","Cr 6 # 5-06","Santander","5.875576,-73.783153","N"
"EFECTY CARRERA 4","ACB112944","Cr 4 # 3-16","Boyaca","5.354129,-73.457471","N"
"EFECTY GAMARRA PARQUE PRINCIPAL","ACB121436","Cr 9 # 6-25","Cesar","8.321851,-73.741525","N"
"EFECTY CALLE DEL COMERCIO","ACB111767","Cl 6 # 4a-53","Cesar","8.320902,-73.744868","N"
"EFECTY RAQUIRA","ACB128774","Cr 3 2-110","Boyaca","5.537278,-73.632686","N"
"EFECTY SIMITI CALLE REAL","ACB166196","Cr 6 # 13a-09","Bolivar","7.957097,-73.946404","N"
"EFECTY SIMITI BARRIO PUPA","ACB324178","Cr 11 Barrio Pupa","Bolivar","7.957097,-73.946404","N"
"EFECTY CARRERA 4","ACB111800","Cl 4 # 4-32","Boyaca","5.366252,-73.521872","N"
"EFECTY CARRERA 4","ACB111822","Cr 4 # 2-86","Boyaca","5.322488,-73.49101","N"
"EFECTY","ACB358333","Cra 58  73  38","Santander","6.531828,-74.072895","N"
"EFECTY","ACB356166","Cra 9  8   45","Boyaca","5.698598,-73.765507","N"
"EFECTY","ACB351105","Cra 9  8   45","Boyaca","5.698598,-73.765507","N"
"EFECTY CENTRO CRA.9","ACB112900","Cr 9 # 6-08","Boyaca","5.69776,-73.765854","N"
"EFECTY","ACB357969","Corregimiento Tunja Sector","Narino","1.298791,-77.409268","N"
"EFECTY LA FLORIDA..","ACB175468","Cl 3 # 3-34","Narino","1.299045,-77.405641","N"
"EFECTY ISCUANDE CALLE DEL COMERCIO","ACB113066","Cl Comercio- Sta Barbara","Narino","1.280727,-77.419273","N"
"EFECTY MALU EL PEÑOL","ACB324190","Brr Puertas Del Sol","Narino","1.45398,-77.439133","N"
"EFECTY EL PEÑOL","ACB179110","Barrio Siloe Centro De El Peñol","Narino","1.45398,-77.439133","N"
"EFECTY BARRIO OBRERO","ACB112021","Cl 7 # 04-19","Narino","1.284817,-77.471293","N"
"EFECTY BARRIO. OBRERO","ACB274204","Cr 4 # 07-60 Brr Obrero","Narino","1.284611,-77.471295","N"
"EFECTY EXPRESS DIMONEX BARRIO GOLGOTA I","ACB273049","Cr 4 # 3-49","Narino","1.350693,-77.523871","N"
"EFECTY LINARES","ACB170726","Cr 5 # 4-29","Narino","1.350693,-77.523871","N"
"EFECTY ENVIOS Y CORRESPOND CENTRAL LAGOS","ACB277504","Cr 3 Casa 3 Barrio Brasilia","Narino","1.262895,-77.515157","N"
"CONEXRED","ACB307492","Carrera 5  Barrio Benavides Guerrero","Narino","1.492678,-77.521605","N"
"EFECTY SOTOMAYOR","ACB175457","Cl Bolivar Casa 487","Narino","1.494335,-77.521458","N"
"EFECTY SAMANIEGO AV SHUMACHER","ACB175491","Cl 7 4-01 Av Shumacher","Narino","1.336289,-77.59183","N"
"EFECTY ALTOS DE LA COLINA","ACB274040","Mz 40 Casa 11 Brr Altos De La Colina","Narino","1.226852,-77.295249","N"
"EFECTY","ACB351754","Carrera 42  16a  65","Narino","1.2238,-77.28925","N"
"EFECTY SECTOR HOSPITAL SAN PEDRO","ACB175424","Cl 16 # 37-07","Narino","1.221364,-77.287757","N"
"EFECTY AVENIDA DE LOS ESTUDIANTES","ACB175413","Cl 20 # 35-15 Local 2","Narino","1.225873,-77.282207","N"
"EFECTY UNIVERSIDAD MARIANA","ACB137255","Cl 18 # 34-45 B Maridiaz","Narino","1.223193,-77.283832","N"
"EFECTY SAN VICENTE JJ","ACB306293","Cr 34 # 7-12","Narino","1.215419,-77.291675","N"
"EFECTY VARIEDADES DOÑA AURA","ACB306491","Cr 36 # 11-19 Barrio La Castellana","Narino","1.216917,-77.289781","N"
"EFECTY CORAZON DE MARIA","ACB306523","Cl 5 # 33 -27 Br San Vicente","Narino","1.214289,-77.292801","N"
"MULTIPAGAS","ACB197545","Calle 11 #34-78","Narino","1.215824,-77.288864","N"
"EFECTY SAN IGNACIO CLUB VIRTUAL PUNTONET","ACB324695","Cr 32 # 15-26","Narino","1.218463,-77.284407","N"
"EFECTY BARRIO LA AURORA","ACB166019","Cl 13 # 32-55","Narino","1.216849,-77.286042","N"
"EFECTY","ACB307634","Manzana 17 Casa 2 Nueva Aranda","Narino","1.22914,-77.272582","N"
"EFECTY PASTO AVENIDA PANAMERICANA","ACB159761","Cl 2 # 33-03","Narino","1.210942,-77.292255","N"
"EFECTY PASTO SAN IGNACIO","ACB170715","Cr 32 # 10-29","Narino","1.214459,-77.287619","N"
"EFECTY EXPRESS EFECTY FARMACIA LA AURORA","ACB324772","Cl 10 # 30a- 24","Narino","1.214111,-77.287596","N"
"EFECTY DIMONEX TIENDA ANNY","ACB324794","Mz D Casa 28 Rincon De Pasto","Narino","1.23297,-77.268115","N"
"EFECTY CENTRO COMERCIAL BOMBONA","ACB133756","Cl 14 # 29-11 Lc 1","Narino","1.216742,-77.284335","N"
"EFECTY RECAUDOS Y SOLUCIONES LA CUADRAS","ACB306314","Cl 20 # 31-08","Narino","1.220807,-77.279479","N"
"EFECTY WEBXPRESS CAFE PARQUE INFANTIL","ACB307623","Cr 30 # 18-17","Narino","1.219378,-77.280803","N"
"EFECTY DROGUERIA DANNI","ACB324761","Cr 24 A # 4-06 Barrio San Jose Obrero","Narino","1.210194,-77.288331","N"
"EFECTY DIMONEX VALENTINA CHAVES","ACB302035","Mz 2 Casa 10 Barrio Tamasagra 1","Narino","1.204046,-77.29582","N"
"EFECTY PASTO CALLE19","ACB191857","Cl 19 # 27-33 Lc 3","Narino","1.217232,-77.279037","N"
"EFECTY CENT VARIEDADES Y PAPELERIA VARU","ACB307601","Cl 14 # 25-25","Narino","1.213537,-77.282482","N"
"EFECTY BARRIO CORAZON DE JESUS","ACB179121","Mz 18 Casa 8","Narino","1.228281,-77.266871","N"
"GIROS Y FINANZAS PASTO","ACB020467","Cr 26 # 17-12 L-128 Y 129 C.c El Liceo","Narino","1.215308,-77.279799","N"
"EXITO CENTRO PASTO","ACB066074","Calle 18 No 26  40 Local 206a","Narino","1.216022,-77.278988","N"
"EFECTY CENTRO CRA 24","ACB304389","Cr 24 # 13-36 Barrio Centro","Narino","1.212336,-77.282455","N"
"MULTIPAGAS","ACB196643","Calle 19 #25-77","Narino","1.215794,-77.278338","N"
"EFECTY DROGUERIA TAMASAGRA","ACB321681","Mz 5 Casa 18 Tamasagra Ii","Narino","1.201611,-77.295385","N"
"EFECTY PASTO CENTRO CALLE 20.","ACB169276","Cl 20 # 25-10","Narino","1.215792,-77.277349","N"
"EFECTY KAREN PAPELERIA Y VARIEDADES","ACB324783","Cr 24 # 16-54 Lc 205 Centro","Narino","1.213683,-77.279566","N"
"EFECTY CENTRO PLAZA NARIÑO","ACB272608","Cl 18 # 24-07","Narino","1.214108,-77.2787","N"
"ACCIONES Y VALORES OFICINA EXITO PASTO","ACB065314","Cr 22b 2 57 Lc 114 Exito Panamericana","Narino","1.207079,-77.286643","N"
"CONEXRED","ACB275634","Carrera 23  16  46 Barrio Centro","Narino","1.2126,-77.279609","N"
"EFECTY CENTRO DE FARMACIA LA 21","ACB277526","Cl 21 # 24-56 Local 1","Narino","1.215442,-77.276155","N"
"EFECTY BARRIO SUMATAMBO","ACB176591","Mz 15 Casa 1 Barrio Sumatambo","Narino","1.204289,-77.28888","N"
"EFECTY BARRIO TAMASAGRA I","ACB271498","Mz 30 Casa 9","Narino","1.20166,-77.292078","N"
"EFECTY BARRIO CARACHA PLUS","ACB321669","Cr 22b # 5-10","Narino","1.206771,-77.28548","N"
"EFECTY COMUNICACIONES SYCO","ACB324750","Cr 22 B # 11-23 Av Boyaca","Narino","1.208968,-77.282794","N"
"EFECTY FARMACRISTI","ACB302024","Mz 33 Casa 9 B.corazon De Jesus","Narino","1.222637,-77.267371","N"
"MULTIPAGAS","ACB196621","Carrera 22 #6-61","Narino","1.20679,-77.284413","N"
"EFECTY EMAS","ACB307612","Cr 24 # 24-23","Narino","1.216496,-77.273057","N"
"EFECTY MULTIPAG Y SERVI COMPLEJ BANCARIO","ACB277317","Cr 21b # 18-33","Narino","1.211944,-77.277563","N"
"EFECTY","ACB353097","Cr 24  26 54 Lc 205 Centro","Narino","1.215592,-77.270984","N"
"EFECTY PLAZA CARNAVAL","ACB122107","Cr 20 # 18 34","Narino","1.209818,-77.276377","N"
"EFECTY LAS AMERICAS","ACB116959","Cr 19 # 14-21","Narino","1.207584,-77.278748","N"
"EFECTY EXPRESS EFECTY VALLE DE ATRIZ","ACB324013","C.c. Valle De Atriz Lc 234","Narino","1.203767,-77.283091","N"
"CONEXRED","ACB307502","Carrera 19b  18  24","Narino","1.209498,-77.276353","N"
"EFECTY VARIEDADES DIOMY","ACB324749","Cl 19 # 18 40 Lc 3 Ed Portal Del Prado","Narino","1.208543,-77.27521","N"
"EFECTY","ACB357640","Cra 13  5 05 Nueva Colombia","Narino","1.1994,-77.28366","N"
"EFECTY BARRIO NAVARRETE","ACB302013","Cr 16 # 19-40 Local 3","Narino","1.206835,-77.274145","N"
"EFECTY DROGUERIA NIZA 1","ACB323946","Mz E Casa 6 Barrio Niza 1","Narino","1.200361,-77.281385","N"
"EFECTY AV. COLOMBIA BATALLON","ACB079658","Cl 22 # 15-25 Av Colombia","Narino","1.207425,-77.271943","N"
"EFECTY NUEVA COLOMBIA","ACB177129","Cr 13 # 4-55","Narino","1.198572,-77.28215","N"
"EFECTY FATIMA II","ACB175392","Cl 17 # 13-76","Narino","1.203783,-77.274932","N"
"EFECTY BARRIO CHAMPAGNAT","ACB191473","Cl 14 # 13 A-07","Narino","1.202185,-77.27635","N"
"EFECTY","ACB351611","Manzana M Casa 1 Barrio Granada 4","Narino","1.19685,-77.28252","N"
"EFECTY","ACB356474","Carrera 3 A  3 16 Correg De Jongovito","Narino","1.190461,-77.290118","N"
"EFECTY ASERVIS PASTO","ACB277131","Cr 7 # 7-13","Narino","1.19675,-77.281113","N"
"EFECTY BARRIO LA CAROLINA","ACB194883","Cr 2 # 24 A 34","Narino","1.211432,-77.262594","N"
"A Y V OFICINA ALKOSTO BOLIVAR","ACB065248","Cl 22 No 6 28","Narino","1.20624,-77.26629","N"
"EFECTY PASTO HOSPITAL DEPARTAMENTAL","ACB175370","Cl 21 # 6-77","Narino","1.203668,-77.267158","N"
"EFECTY AV. IDEMA CALLE 18","ACB307591","Cl 18a # 6-90","Narino","1.2008,-77.269204","N"
"EFECTY PASTO EL PILAR","ACB166152","Cr 4 # 12 A 20","Narino","1.1927,-77.277863","N"
"EFECTY PASTO TERMINAL","ACB114737","Cr 6 # 16 B-50 Lc 120","Narino","1.198436,-77.269977","N"
"EFECTY DIGITAL TERMINAL","ACB307580","Terminal De Transporte Piso 2 Local 235","Narino","1.198591,-77.269153","N"
"GIROS Y FINANZAS ÚNICO","ACB025297","Cl 22 6-61 L-54","Narino","1.205996,-77.260685","N"
"EFECTY TU PAGO EXPRESS","ACB324716","Cr 3a 18b 05 Etapa 1 Barrio El Tejar","Narino","1.199239,-77.264602","N"
"EFECTY BARRIO SANTA BARBARA","ACB194344","Cr 3a Con Cl 21 C # 21 B 122","Narino","1.203292,-77.259911","N"
"EFECTY CHAMBU II","ACB176579","Mz 27 Casa 9 Br Chambu Ii","Narino","1.190266,-77.274162","N"
"EFECTY LA CASA DE LA VARIEDAD","ACB324727","Cl 19 A 01 A 03 Barrio El Tejar","Narino","1.199494,-77.262146","N"
"EFECTY","ACB353031","Cl 19 A 01 A 03 Barrio El Tejar","Narino","1.199466,-77.262023","N"
"EFECTY","ACB351699","Carrera 5e  21 B7 Barrio Santa Barbara","Narino","1.20209,-77.25898","N"
"EFECTY TITAN MOVIL","ACB274039","Cl 20a # 2e-31 Br Santafe 1","Narino","1.200588,-77.26038","N"
"EFECTY","ACB355109","Mz I Cs 35","Narino","1.203728,-77.25687","N"
"EFECTY","ACB351776","Diagonal 17 Nro 3e 48","Narino","1.19484,-77.26642","N"
"EFECTY STAMONICA FARMA BIENEST MINIMARKE","ACB324738","Cl 21e # 9 Este 35 L-3 Condo. Sta Monica","Narino","1.205035,-77.255242","N"
"EFECTY PASTO BARRIO MIRAFLORES I","ACB321724","Dg 16c # 1e-55 B.miraflores","Narino","1.194125,-77.266935","N"
"EFECTY CYBERT GAME","ACB321670","Cl 17 4e 82 Barrio Lorenzo De Aldana","Narino","1.196248,-77.264095","N"
"EFECTY HELENA DETALLES","ACB307579","Cr 6e # 16a -76 Barrio Lorenzo De Aldana","Narino","1.195784,-77.263415","N"
"EFECTY EL COMBO LATINO","ACB321713","Mz A Casa 19 Piso 1 Barrio Caicedonia","Narino","1.205272,-77.252818","N"
"EFECTY","ACB302596","Calle 21  12 29","Narino","1.203192,-77.252012","N"
"EFECTY INTERCELL JH","ACB324189","Mz B Casa 7 Barrio El Porvenir","Narino","1.191217,-77.263672","N"
"EFECTY EL REMOLINO NARIÑO","ACB175402","Cr 5 # 5-42 Correg El Remolino","Narino","1.570264,-77.280727","N"
"EFECTY TAMINANGO","ACB120590","Cl 3 # 5-32","Narino","1.570264,-77.280727","N"
"EFECTY YACUANQUER BR. MERCEDES","ACB271487","Brr. Mercedes Frente Policia","Narino","1.116046,-77.402351","N"
"EFECTY YACUANQUER","ACB177888","Cl 4 # 2-81","Narino","1.113803,-77.403944","N"
"EFECTY BUESACO","ACB113318","Cr 3 # 6-54","Narino","1.385037,-77.15623","N"
"EFECTY LAUREANO GOMEZ","ACB113275","Plaza Santa Fe # 6-06","Narino","1.132008,-77.549075","N"
"EFECTY TANGUA","ACB128411","Cr 4 # 6-28","Narino","1.094645,-77.393804","N"
"EFECTY NARIÑO","ACB111998","Cr 1 # 18-23 B Nino Dios","Narino","1.566676,-77.183417","N"
"EFECTY CORREGIMIENTO BERRUECOS","ACB276855","Cr 3 # 3-10 Brr Piedra De Bolivar","Narino","1.503446,-77.135805","N"
"EFECTY CORREGIMIENTO DE SANTAROSA","ACB278769","Cl Principal Del Correg De Santa Rosa","Narino","1.647523,-77.578153","N"
"EFECTY CORREGIMIENTO SIDON","ACB278758","Cl Principal Del Correg De Sidon","Narino","1.647523,-77.578153","N"
"EFECTY CORREGIMIENTO DAMASCO","ACB278770","Cl Principal De Correg De Damasco","Narino","1.64769,-77.578154","N"
"EFECTY CUMBITARA BARRIO VILLAHERMOSA","ACB278066","Cr 4 # 4-09","Narino","1.648582,-77.578991","N"
"EFECTY EL TABLON NARIÑO","ACB175347","Cl 4 # 3-29","Narino","1.426638,-77.096621","N"
"MOVISTAR","ACB071177","Calle 14 14 39","Antioquia","1.088868,-77.61917","N"
"EFECTY TUQUERRES CALLE 19 NO 14","ACB136902","Cl 19 # 14-31","Narino","1.086941,-77.618154","N"
"EFECTY TUQUERRES BARRIO CENTRO","ACB175501","Cl 19 # 13-53","Narino","1.086537,-77.618678","N"
"EFECTY FUNES","ACB175479","Cr 5 # 5-19","Narino","1.000909,-77.448926","N"
"EFECTY CJN COMUNICACIONES","ACB307656","Cr1 # 3-30 Brr La Capilla","Narino","1.599493,-77.131962","N"
"EFECTY EL ROSARIO.","ACB139433","Corazon De Jesus De El Rosario","Narino","1.742853,-77.335094","N"
"CONEXRED","ACB303036","Calle 9a No14 53","Cesar","1.749446,-77.509176","N"